1	13
2	29
3	37
4	45
5	51
6	59
7	66
8	72
9	79
10	85
11	91
12	97
13	103
14	109
15	115
16	122
17	128
18	133
19	138
20	144
21	149
22	155
23	160
24	166
25	171
26	177
27	182
28	186
29	191
30	196
31	200
32	206
33	211
34	216
35	221
36	226
37	230
38	235
39	241
40	245
41	250
42	255
43	260
44	265
45	270
46	275
47	279
48	284
49	288
50	293
51	298
52	303
53	307
54	312
55	317
56	321
57	326
58	330
59	335
60	339
61	344
62	348
63	353
64	357
65	361
66	366
67	370
68	374
69	379
70	383
71	387
72	392
73	396
74	401
75	405
76	409
77	414
78	418
79	422
80	427
81	431
82	435
83	440
84	444
85	449
86	453
87	457
88	461
89	465
90	470
91	474
92	478
93	483
94	487
95	491
96	496
97	500
98	504
99	509
100	513
101	520
102	525
103	529
104	534
105	539
106	543
107	548
108	552
109	557
110	561
111	566
112	570
113	575
114	579
115	584
116	588
117	593
118	597
119	602
120	606
121	611
122	615
123	620
124	624
125	629
126	633
127	638
128	642
129	647
130	651
131	655
132	660
133	664
134	669
135	673
136	678
137	682
138	687
139	691
140	695
141	700
142	704
143	709
144	713
145	718
146	722
147	727
148	731
149	736
150	740
151	745
152	749
153	753
154	758
155	762
156	767
157	771
158	776
159	780
160	784
161	789
162	793
163	798
164	802
165	807
166	811
167	816
168	820
169	825
170	829
171	834
172	838
173	843
174	847
175	851
176	856
177	860
178	865
179	869
180	874
181	878
182	883
183	887
184	891
185	896
186	900
187	904
188	909
189	913
190	917
191	922
192	926
193	930
194	935
195	939
196	943
197	948
198	952
199	957
200	961
201	966
202	971
203	975
204	979
205	984
206	988
207	993
208	997
209	1002
210	1006
211	1010
212	1015
213	1019
214	1023
215	1027
216	1032
217	1036
218	1040
219	1045
220	1049
221	1053
222	1058
223	1062
224	1066
225	1071
226	1075
227	1079
228	1084
229	1088
230	1093
231	1097
232	1102
233	1106
234	1110
235	1114
236	1119
237	1123
238	1127
239	1131
240	1136
241	1140
242	1144
243	1149
244	1153
245	1157
246	1162
247	1166
248	1170
249	1174
250	1179
251	1183
252	1188
253	1192
254	1197
255	1201
256	1205
257	1210
258	1214
259	1219
260	1223
261	1227
262	1231
263	1236
264	1240
265	1244
266	1249
267	1253
268	1258
269	1262
270	1266
271	1271
272	1275
273	1279
274	1284
275	1288
276	1292
277	1297
278	1301
279	1306
280	1310
281	1314
282	1319
283	1323
284	1328
285	1332
286	1336
287	1341
288	1345
289	1349
290	1354
291	1358
292	1362
293	1366
294	1371
295	1375
296	1380
297	1384
298	1388
299	1393
300	1397
301	1402
302	1406
303	1411
304	1415
305	1420
306	1424
307	1429
308	1433
309	1437
310	1442
311	1446
312	1451
313	1455
314	1459
315	1464
316	1468
317	1473
318	1477
319	1481
320	1486
321	1490
322	1495
323	1499
324	1503
325	1508
326	1512
327	1517
328	1521
329	1525
330	1530
331	1534
332	1539
333	1543
334	1548
335	1552
336	1556
337	1561
338	1565
339	1570
340	1574
341	1578
342	1583
343	1587
344	1592
345	1596
346	1600
347	1605
348	1609
349	1614
350	1618
351	1623
352	1627
353	1631
354	1636
355	1640
356	1645
357	1649
358	1653
359	1658
360	1662
361	1667
362	1671
363	1676
364	1680
365	1684
366	1689
367	1693
368	1698
369	1702
370	1706
371	1711
372	1715
373	1720
374	1724
375	1729
376	1733
377	1737
378	1742
379	1746
380	1751
381	1755
382	1759
383	1764
384	1768
385	1773
386	1777
387	1781
388	1786
389	1790
390	1795
391	1799
392	1803
393	1808
394	1812
395	1817
396	1821
397	1826
398	1830
399	1834
400	1839
401	1844
402	1848
403	1853
404	1857
405	1861
406	1866
407	1870
408	1875
409	1879
410	1883
411	1888
412	1892
413	1897
414	1901
415	1906
416	1910
417	1914
418	1919
419	1923
420	1927
421	1932
422	1936
423	1941
424	1945
425	1949
426	1954
427	1958
428	1963
429	1967
430	1971
431	1976
432	1980
433	1985
434	1989
435	1993
436	1998
437	2002
438	2007
439	2011
440	2015
441	2020
442	2024
443	2029
444	2033
445	2037
446	2042
447	2046
448	2050
449	2055
450	2060
451	2065
452	2069
453	2073
454	2078
455	2082
456	2086
457	2091
458	2095
459	2100
460	2104
461	2108
462	2113
463	2117
464	2122
465	2126
466	2131
467	2135
468	2139
469	2144
470	2148
471	2153
472	2157
473	2161
474	2166
475	2170
476	2175
477	2179
478	2183
479	2188
480	2192
481	2197
482	2201
483	2205
484	2210
485	2214
486	2219
487	2223
488	2228
489	2232
490	2236
491	2241
492	2245
493	2250
494	2254
495	2259
496	2263
497	2267
498	2272
499	2276
500	2281
501	2285
502	2290
503	2294
504	2299
505	2303
506	2308
507	2312
508	2317
509	2321
510	2326
511	2330
512	2334
513	2339
514	2343
515	2348
516	2352
517	2356
518	2361
519	2365
520	2369
521	2374
522	2378
523	2383
524	2387
525	2391
526	2396
527	2400
528	2405
529	2409
530	2413
531	2418
532	2422
533	2427
534	2431
535	2435
536	2440
537	2444
538	2449
539	2453
540	2458
541	2462
542	2467
543	2471
544	2475
545	2480
546	2484
547	2489
548	2493
549	2498
550	2502
551	2506
552	2511
553	2515
554	2520
555	2524
556	2529
557	2533
558	2538
559	2542
560	2547
561	2551
562	2556
563	2560
564	2565
565	2569
566	2574
567	2578
568	2583
569	2587
570	2592
571	2596
572	2600
573	2605
574	2609
575	2614
576	2618
577	2623
578	2627
579	2632
580	2636
581	2641
582	2645
583	2650
584	2654
585	2659
586	2663
587	2668
588	2672
589	2677
590	2681
591	2686
592	2690
593	2695
594	2699
595	2704
596	2708
597	2712
598	2717
599	2721
600	2726
601	2731
602	2736
603	2740
604	2744
605	2749
606	2753
607	2758
608	2762
609	2767
610	2771
611	2776
612	2780
613	2785
614	2790
615	2794
616	2798
617	2803
618	2807
619	2812
620	2816
621	2821
622	2825
623	2830
624	2834
625	2839
626	2843
627	2848
628	2852
629	2857
630	2861
631	2866
632	2870
633	2875
634	2879
635	2884
636	2888
637	2893
638	2897
639	2902
640	2906
641	2911
642	2915
643	2920
644	2924
645	2929
646	2933
647	2938
648	2942
649	2947
650	2951
651	2956
652	2960
653	2965
654	2969
655	2974
656	2978
657	2983
658	2987
659	2992
660	2996
661	3001
662	3005
663	3010
664	3014
665	3019
666	3023
667	3028
668	3032
669	3037
670	3041
671	3046
672	3050
673	3055
674	3059
675	3064
676	3068
677	3073
678	3077
679	3082
680	3086
681	3091
682	3095
683	3100
684	3104
685	3109
686	3113
687	3118
688	3122
689	3127
690	3131
691	3136
692	3140
693	3145
694	3149
695	3154
696	3158
697	3163
698	3167
699	3172
700	3176
701	3181
702	3186
703	3190
704	3195
705	3199
706	3204
707	3208
708	3213
709	3217
710	3222
711	3226
712	3231
713	3235
714	3240
715	3244
716	3249
717	3253
718	3258
719	3262
720	3267
721	3271
722	3276
723	3280
724	3285
725	3289
726	3294
727	3298
728	3303
729	3307
730	3312
731	3316
732	3321
733	3325
734	3330
735	3334
736	3339
737	3343
738	3347
739	3352
740	3356
741	3361
742	3365
743	3370
744	3374
745	3379
746	3383
747	3388
748	3392
749	3397
750	3401
751	3406
752	3410
753	3415
754	3419
755	3424
756	3428
757	3433
758	3437
759	3442
760	3446
761	3451
762	3455
763	3460
764	3464
765	3469
766	3473
767	3478
768	3482
769	3487
770	3491
771	3496
772	3500
773	3505
774	3509
775	3514
776	3518
777	3523
778	3527
779	3532
780	3536
781	3541
782	3545
783	3550
784	3554
785	3558
786	3563
787	3567
788	3572
789	3576
790	3581
791	3585
792	3590
793	3594
794	3599
795	3603
796	3608
797	3612
798	3617
799	3621
800	3626
801	3631
802	3635
803	3640
804	3644
805	3649
806	3653
807	3657
808	3662
809	3666
810	3671
811	3675
812	3680
813	3684
814	3689
815	3693
816	3698
817	3702
818	3707
819	3711
820	3715
821	3720
822	3724
823	3729
824	3733
825	3738
826	3742
827	3747
828	3751
829	3755
830	3760
831	3764
832	3769
833	3773
834	3777
835	3782
836	3786
837	3791
838	3795
839	3800
840	3804
841	3809
842	3813
843	3818
844	3822
845	3827
846	3831
847	3836
848	3840
849	3845
850	3849
851	3853
852	3858
853	3862
854	3867
855	3871
856	3876
857	3880
858	3885
859	3889
860	3894
861	3898
862	3902
863	3907
864	3911
865	3916
866	3920
867	3925
868	3929
869	3933
870	3938
871	3942
872	3947
873	3951
874	3956
875	3960
876	3965
877	3969
878	3973
879	3978
880	3982
881	3987
882	3992
883	3997
884	4001
885	4006
886	4010
887	4014
888	4019
889	4023
890	4028
891	4032
892	4037
893	4041
894	4046
895	4050
896	4055
897	4059
898	4063
899	4068
900	4072
901	4077
902	4082
903	4086
904	4091
905	4095
906	4100
907	4104
908	4109
909	4113
910	4117
911	4122
912	4126
913	4131
914	4135
915	4140
916	4144
917	4149
918	4153
919	4158
920	4162
921	4167
922	4171
923	4176
924	4180
925	4184
926	4189
927	4193
928	4198
929	4202
930	4207
931	4211
932	4216
933	4220
934	4225
935	4229
936	4234
937	4238
938	4243
939	4247
940	4252
941	4256
942	4261
943	4265
944	4269
945	4274
946	4278
947	4283
948	4287
949	4292
950	4296
951	4301
952	4305
953	4310
954	4314
955	4319
956	4323
957	4328
958	4332
959	4337
960	4341
961	4346
962	4350
963	4354
964	4359
965	4363
966	4368
967	4372
968	4377
969	4381
970	4386
971	4390
972	4395
973	4399
974	4404
975	4408
976	4413
977	4417
978	4422
979	4426
980	4431
981	4435
982	4440
983	4444
984	4449
985	4453
986	4458
987	4462
988	4466
989	4471
990	4475
991	4480
992	4484
993	4489
994	4493
995	4498
996	4502
997	4507
998	4511
999	4516
1000	4520
1001	4525
1002	4529
1003	4534
1004	4538
1005	4543
1006	4547
1007	4552
1008	4557
1009	4561
1010	4566
1011	4570
1012	4575
1013	4579
1014	4584
1015	4588
1016	4593
1017	4597
1018	4602
1019	4606
1020	4611
1021	4615
1022	4620
1023	4624
1024	4628
1025	4633
1026	4637
1027	4642
1028	4646
1029	4651
1030	4655
1031	4660
1032	4664
1033	4669
1034	4673
1035	4678
1036	4682
1037	4687
1038	4691
1039	4696
1040	4700
1041	4704
1042	4709
1043	4713
1044	4718
1045	4722
1046	4727
1047	4731
1048	4736
1049	4740
1050	4745
1051	4749
1052	4754
1053	4758
1054	4762
1055	4767
1056	4771
1057	4776
1058	4780
1059	4785
1060	4789
1061	4794
1062	4798
1063	4803
1064	4807
1065	4812
1066	4816
1067	4821
1068	4825
1069	4830
1070	4834
1071	4839
1072	4843
1073	4848
1074	4852
1075	4856
1076	4861
1077	4865
1078	4870
1079	4874
1080	4879
1081	4883
1082	4888
1083	4892
1084	4897
1085	4901
1086	4906
1087	4910
1088	4915
1089	4919
1090	4924
1091	4928
1092	4932
1093	4937
1094	4941
1095	4946
1096	4950
1097	4955
1098	4959
1099	4964
1100	4968
1101	4973
1102	4977
1103	4982
1104	4986
1105	4991
1106	4995
1107	5000
1108	5004
1109	5009
1110	5013
1111	5017
1112	5022
1113	5026
1114	5030
1115	5035
1116	5039
1117	5044
1118	5048
1119	5053
1120	5057
1121	5062
1122	5066
1123	5070
1124	5075
1125	5079
1126	5084
1127	5088
1128	5092
1129	5097
1130	5101
1131	5106
1132	5110
1133	5115
1134	5119
1135	5124
1136	5128
1137	5132
1138	5137
1139	5141
1140	5146
1141	5150
1142	5155
1143	5159
1144	5163
1145	5168
1146	5172
1147	5177
1148	5181
1149	5186
1150	5190
1151	5194
1152	5199
1153	5203
1154	5207
1155	5212
1156	5216
1157	5221
1158	5225
1159	5229
1160	5234
1161	5238
1162	5242
1163	5247
1164	5251
1165	5255
1166	5260
1167	5264
1168	5269
1169	5273
1170	5277
1171	5282
1172	5286
1173	5291
1174	5295
1175	5299
1176	5304
1177	5308
1178	5313
1179	5317
1180	5322
1181	5326
1182	5331
1183	5335
1184	5339
1185	5344
1186	5348
1187	5353
1188	5357
1189	5362
1190	5366
1191	5371
1192	5375
1193	5380
1194	5384
1195	5388
1196	5393
1197	5397
1198	5402
1199	5406
1200	5410
1201	5415
1202	5420
1203	5424
1204	5429
1205	5433
1206	5438
1207	5442
1208	5447
1209	5451
1210	5455
1211	5460
1212	5464
1213	5469
1214	5473
1215	5478
1216	5482
1217	5487
1218	5491
1219	5495
1220	5500
1221	5504
1222	5509
1223	5513
1224	5518
1225	5522
1226	5526
1227	5531
1228	5535
1229	5540
1230	5544
1231	5549
1232	5553
1233	5558
1234	5562
1235	5567
1236	5571
1237	5576
1238	5580
1239	5585
1240	5589
1241	5594
1242	5598
1243	5603
1244	5607
1245	5611
1246	5616
1247	5620
1248	5625
1249	5629
1250	5634
1251	5638
1252	5643
1253	5647
1254	5652
1255	5657
1256	5662
1257	5666
1258	5670
1259	5675
1260	5679
1261	5684
1262	5688
1263	5693
1264	5697
1265	5702
1266	5706
1267	5710
1268	5715
1269	5719
1270	5724
1271	5728
1272	5733
1273	5737
1274	5742
1275	5746
1276	5751
1277	5755
1278	5760
1279	5764
1280	5768
1281	5773
1282	5777
1283	5782
1284	5786
1285	5791
1286	5795
1287	5800
1288	5804
1289	5809
1290	5813
1291	5817
1292	5822
1293	5826
1294	5831
1295	5835
1296	5840
1297	5844
1298	5848
1299	5853
1300	5857
1301	5862
1302	5867
1303	5871
1304	5876
1305	5880
1306	5885
1307	5889
1308	5894
1309	5899
1310	5903
1311	5908
1312	5912
1313	5917
1314	5921
1315	5926
1316	5930
1317	5934
1318	5939
1319	5943
1320	5948
1321	5952
1322	5957
1323	5961
1324	5966
1325	5970
1326	5975
1327	5979
1328	5984
1329	5988
1330	5992
1331	5997
1332	6001
1333	6006
1334	6010
1335	6015
1336	6019
1337	6024
1338	6028
1339	6033
1340	6037
1341	6042
1342	6046
1343	6051
1344	6055
1345	6060
1346	6064
1347	6069
1348	6073
1349	6078
1350	6082
1351	6086
1352	6091
1353	6095
1354	6100
1355	6104
1356	6109
1357	6113
1358	6118
1359	6122
1360	6127
1361	6131
1362	6136
1363	6140
1364	6144
1365	6149
1366	6153
1367	6158
1368	6162
1369	6167
1370	6171
1371	6176
1372	6180
1373	6185
1374	6189
1375	6194
1376	6198
1377	6203
1378	6207
1379	6211
1380	6216
1381	6220
1382	6225
1383	6229
1384	6234
1385	6238
1386	6243
1387	6247
1388	6252
1389	6256
1390	6261
1391	6265
1392	6270
1393	6274
1394	6278
1395	6283
1396	6287
1397	6292
1398	6296
1399	6301
1400	6305
1401	6310
1402	6315
1403	6319
1404	6323
1405	6328
1406	6332
1407	6337
1408	6341
1409	6346
1410	6350
1411	6355
1412	6359
1413	6363
1414	6368
1415	6372
1416	6377
1417	6381
1418	6386
1419	6390
1420	6395
1421	6399
1422	6404
1423	6408
1424	6413
1425	6417
1426	6421
1427	6426
1428	6430
1429	6435
1430	6439
1431	6444
1432	6448
1433	6453
1434	6457
1435	6462
1436	6466
1437	6471
1438	6475
1439	6479
1440	6484
1441	6488
1442	6493
1443	6497
1444	6502
1445	6506
1446	6510
1447	6515
1448	6519
1449	6524
1450	6528
1451	6533
1452	6537
1453	6542
1454	6546
1455	6551
1456	6555
1457	6559
1458	6564
1459	6568
1460	6573
1461	6577
1462	6582
1463	6586
1464	6591
1465	6595
1466	6600
1467	6604
1468	6608
1469	6613
1470	6617
1471	6622
1472	6626
1473	6631
1474	6635
1475	6640
1476	6644
1477	6649
1478	6653
1479	6658
1480	6662
1481	6666
1482	6671
1483	6675
1484	6680
1485	6684
1486	6689
1487	6693
1488	6697
1489	6702
1490	6706
1491	6711
1492	6715
1493	6720
1494	6724
1495	6728
1496	6733
1497	6737
1498	6741
1499	6746
1500	6750
1501	6755
1502	6759
1503	6764
1504	6768
1505	6772
1506	6777
1507	6781
1508	6786
1509	6790
1510	6795
1511	6799
1512	6803
1513	6808
1514	6812
1515	6817
1516	6821
1517	6826
1518	6830
1519	6834
1520	6839
1521	6843
1522	6848
1523	6852
1524	6857
1525	6861
1526	6866
1527	6870
1528	6874
1529	6879
1530	6883
1531	6888
1532	6892
1533	6896
1534	6901
1535	6905
1536	6909
1537	6914
1538	6918
1539	6923
1540	6927
1541	6931
1542	6936
1543	6940
1544	6945
1545	6949
1546	6953
1547	6958
1548	6962
1549	6967
1550	6971
1551	6975
1552	6980
1553	6984
1554	6989
1555	6993
1556	6998
1557	7002
1558	7006
1559	7011
1560	7015
1561	7020
1562	7024
1563	7029
1564	7033
1565	7038
1566	7042
1567	7046
1568	7051
1569	7055
1570	7060
1571	7064
1572	7068
1573	7073
1574	7077
1575	7082
1576	7086
1577	7091
1578	7095
1579	7099
1580	7104
1581	7108
1582	7113
1583	7117
1584	7122
1585	7126
1586	7130
1587	7135
1588	7139
1589	7144
1590	7148
1591	7153
1592	7157
1593	7161
1594	7166
1595	7170
1596	7175
1597	7179
1598	7184
1599	7188
1600	7192
1601	7197
1602	7202
1603	7206
1604	7211
1605	7215
1606	7220
1607	7224
1608	7228
1609	7233
1610	7237
1611	7242
1612	7246
1613	7251
1614	7255
1615	7260
1616	7264
1617	7269
1618	7273
1619	7278
1620	7282
1621	7286
1622	7291
1623	7295
1624	7300
1625	7304
1626	7309
1627	7313
1628	7318
1629	7322
1630	7326
1631	7331
1632	7335
1633	7340
1634	7344
1635	7349
1636	7353
1637	7358
1638	7362
1639	7367
1640	7371
1641	7376
1642	7380
1643	7385
1644	7389
1645	7394
1646	7398
1647	7402
1648	7407
1649	7411
1650	7416
1651	7420
1652	7425
1653	7429
1654	7434
1655	7438
1656	7442
1657	7447
1658	7451
1659	7456
1660	7460
1661	7465
1662	7469
1663	7474
1664	7478
1665	7483
1666	7487
1667	7492
1668	7496
1669	7501
1670	7505
1671	7509
1672	7514
1673	7518
1674	7523
1675	7527
1676	7532
1677	7536
1678	7541
1679	7545
1680	7550
1681	7554
1682	7558
1683	7563
1684	7567
1685	7572
1686	7576
1687	7581
1688	7585
1689	7590
1690	7594
1691	7599
1692	7603
1693	7608
1694	7612
1695	7616
1696	7621
1697	7625
1698	7630
1699	7634
1700	7639
1701	7644
1702	7648
1703	7652
1704	7657
1705	7661
1706	7666
1707	7670
1708	7675
1709	7679
1710	7684
1711	7688
1712	7693
1713	7697
1714	7701
1715	7706
1716	7710
1717	7715
1718	7719
1719	7724
1720	7728
1721	7733
1722	7737
1723	7741
1724	7746
1725	7750
1726	7755
1727	7759
1728	7764
1729	7768
1730	7773
1731	7777
1732	7781
1733	7786
1734	7790
1735	7795
1736	7799
1737	7804
1738	7808
1739	7813
1740	7817
1741	7821
1742	7826
1743	7830
1744	7835
1745	7839
1746	7844
1747	7848
1748	7853
1749	7857
1750	7862
1751	7866
1752	7870
1753	7875
1754	7879
1755	7884
1756	7888
1757	7893
1758	7897
1759	7902
1760	7906
1761	7910
1762	7915
1763	7919
1764	7924
1765	7928
1766	7933
1767	7937
1768	7942
1769	7946
1770	7951
1771	7955
1772	7959
1773	7964
1774	7968
1775	7973
1776	7977
1777	7981
1778	7986
1779	7990
1780	7995
1781	7999
1782	8004
1783	8008
1784	8013
1785	8017
1786	8022
1787	8026
1788	8030
1789	8035
1790	8039
1791	8044
1792	8048
1793	8053
1794	8057
1795	8062
1796	8066
1797	8070
1798	8075
1799	8079
1800	8084
1801	8088
1802	8093
1803	8097
1804	8102
1805	8106
1806	8110
1807	8115
1808	8119
1809	8124
1810	8128
1811	8133
1812	8137
1813	8142
1814	8146
1815	8150
1816	8155
1817	8159
1818	8164
1819	8168
1820	8172
1821	8177
1822	8181
1823	8186
1824	8190
1825	8195
1826	8199
1827	8203
1828	8208
1829	8212
1830	8217
1831	8221
1832	8225
1833	8230
1834	8234
1835	8238
1836	8243
1837	8247
1838	8252
1839	8256
1840	8260
1841	8265
1842	8269
1843	8273
1844	8278
1845	8282
1846	8287
1847	8291
1848	8295
1849	8300
1850	8304
1851	8309
1852	8313
1853	8317
1854	8322
1855	8326
1856	8331
1857	8335
1858	8339
1859	8344
1860	8348
1861	8353
1862	8357
1863	8362
1864	8366
1865	8370
1866	8375
1867	8379
1868	8384
1869	8388
1870	8392
1871	8397
1872	8401
1873	8406
1874	8410
1875	8415
1876	8419
1877	8423
1878	8428
1879	8432
1880	8437
1881	8441
1882	8446
1883	8450
1884	8454
1885	8459
1886	8463
1887	8468
1888	8472
1889	8477
1890	8481
1891	8486
1892	8490
1893	8494
1894	8499
1895	8503
1896	8508
1897	8512
1898	8516
1899	8521
1900	8525
1901	8530
1902	8535
1903	8539
1904	8544
1905	8548
1906	8552
1907	8557
1908	8561
1909	8566
1910	8570
1911	8575
1912	8579
1913	8584
1914	8588
1915	8592
1916	8597
1917	8601
1918	8606
1919	8610
1920	8615
1921	8619
1922	8624
1923	8628
1924	8632
1925	8637
1926	8641
1927	8646
1928	8650
1929	8655
1930	8659
1931	8664
1932	8668
1933	8672
1934	8677
1935	8681
1936	8686
1937	8690
1938	8695
1939	8699
1940	8704
1941	8708
1942	8713
1943	8717
1944	8721
1945	8726
1946	8730
1947	8735
1948	8739
1949	8744
1950	8748
1951	8753
1952	8757
1953	8761
1954	8766
1955	8770
1956	8775
1957	8779
1958	8784
1959	8788
1960	8793
1961	8797
1962	8801
1963	8806
1964	8810
1965	8815
1966	8819
1967	8824
1968	8828
1969	8833
1970	8837
1971	8842
1972	8846
1973	8851
1974	8855
1975	8859
1976	8864
1977	8868
1978	8873
1979	8877
1980	8882
1981	8886
1982	8891
1983	8895
1984	8900
1985	8904
1986	8908
1987	8913
1988	8917
1989	8922
1990	8926
1991	8931
1992	8935
1993	8940
1994	8944
1995	8949
1996	8953
1997	8957
1998	8962
1999	8966
2000	8971
2001	8976
2002	8980
2003	8985
2004	8989
2005	8993
2006	8998
2007	9002
2008	9007
2009	9011
2010	9016
2011	9020
2012	9025
2013	9029
2014	9033
2015	9038
2016	9042
2017	9047
2018	9051
2019	9056
2020	9060
2021	9065
2022	9069
2023	9074
2024	9078
2025	9083
2026	9087
2027	9091
2028	9096
2029	9100
2030	9105
2031	9109
2032	9114
2033	9118
2034	9123
2035	9127
2036	9131
2037	9136
2038	9140
2039	9145
2040	9149
2041	9154
2042	9158
2043	9163
2044	9167
2045	9171
2046	9176
2047	9180
2048	9185
2049	9189
2050	9194
2051	9198
2052	9203
2053	9207
2054	9212
2055	9216
2056	9221
2057	9225
2058	9229
2059	9234
2060	9238
2061	9243
2062	9247
2063	9252
2064	9257
2065	9261
2066	9266
2067	9270
2068	9275
2069	9279
2070	9284
2071	9288
2072	9293
2073	9297
2074	9302
2075	9306
2076	9311
2077	9315
2078	9320
2079	9324
2080	9329
2081	9333
2082	9337
2083	9342
2084	9346
2085	9351
2086	9355
2087	9360
2088	9364
2089	9368
2090	9373
2091	9377
2092	9381
2093	9386
2094	9390
2095	9395
2096	9399
2097	9403
2098	9408
2099	9412
2100	9417
2101	9421
2102	9426
2103	9430
2104	9435
2105	9439
2106	9443
2107	9448
2108	9452
2109	9457
2110	9461
2111	9465
2112	9470
2113	9474
2114	9479
2115	9483
2116	9487
2117	9492
2118	9496
2119	9501
2120	9505
2121	9509
2122	9514
2123	9518
2124	9523
2125	9527
2126	9531
2127	9536
2128	9540
2129	9545
2130	9549
2131	9554
2132	9558
2133	9562
2134	9567
2135	9571
2136	9576
2137	9580
2138	9584
2139	9589
2140	9593
2141	9598
2142	9602
2143	9607
2144	9611
2145	9616
2146	9620
2147	9624
2148	9629
2149	9633
2150	9638
2151	9642
2152	9647
2153	9651
2154	9655
2155	9660
2156	9664
2157	9668
2158	9673
2159	9677
2160	9682
2161	9686
2162	9691
2163	9695
2164	9699
2165	9704
2166	9708
2167	9713
2168	9717
2169	9722
2170	9726
2171	9731
2172	9735
2173	9739
2174	9744
2175	9748
2176	9753
2177	9757
2178	9762
2179	9766
2180	9771
2181	9775
2182	9779
2183	9784
2184	9788
2185	9793
2186	9797
2187	9802
2188	9806
2189	9811
2190	9815
2191	9820
2192	9824
2193	9828
2194	9833
2195	9837
2196	9842
2197	9846
2198	9851
2199	9855
2200	9860
2201	9864
2202	9869
2203	9873
2204	9878
2205	9882
2206	9887
2207	9891
2208	9896
2209	9900
2210	9904
2211	9909
2212	9913
2213	9918
2214	9922
2215	9927
2216	9931
2217	9936
2218	9940
2219	9945
2220	9949
2221	9953
2222	9958
2223	9962
2224	9967
2225	9971
2226	9976
2227	9980
2228	9984
2229	9989
2230	9993
2231	9998
2232	10002
2233	10007
2234	10011
2235	10016
2236	10020
2237	10024
2238	10029
2239	10033
2240	10038
2241	10042
2242	10047
2243	10051
2244	10055
2245	10060
2246	10064
2247	10069
2248	10073
2249	10078
2250	10082
2251	10086
2252	10091
2253	10095
2254	10100
2255	10104
2256	10109
2257	10113
2258	10118
2259	10122
2260	10127
2261	10131
2262	10135
2263	10140
2264	10144
2265	10149
2266	10153
2267	10158
2268	10162
2269	10167
2270	10171
2271	10175
2272	10180
2273	10184
2274	10189
2275	10193
2276	10198
2277	10202
2278	10207
2279	10211
2280	10216
2281	10220
2282	10224
2283	10229
2284	10233
2285	10238
2286	10242
2287	10247
2288	10251
2289	10255
2290	10260
2291	10264
2292	10269
2293	10273
2294	10278
2295	10282
2296	10287
2297	10291
2298	10296
2299	10300
2300	10304
2301	10309
2302	10314
2303	10318
2304	10323
2305	10327
2306	10332
2307	10336
2308	10341
2309	10345
2310	10350
2311	10354
2312	10358
2313	10363
2314	10367
2315	10372
2316	10376
2317	10381
2318	10385
2319	10389
2320	10394
2321	10398
2322	10403
2323	10407
2324	10412
2325	10416
2326	10421
2327	10425
2328	10429
2329	10434
2330	10438
2331	10443
2332	10447
2333	10452
2334	10456
2335	10461
2336	10465
2337	10469
2338	10474
2339	10478
2340	10483
2341	10487
2342	10492
2343	10496
2344	10501
2345	10505
2346	10510
2347	10514
2348	10518
2349	10523
2350	10527
2351	10532
2352	10536
2353	10541
2354	10545
2355	10549
2356	10554
2357	10558
2358	10563
2359	10567
2360	10572
2361	10576
2362	10580
2363	10585
2364	10589
2365	10594
2366	10598
2367	10603
2368	10607
2369	10612
2370	10616
2371	10620
2372	10625
2373	10629
2374	10634
2375	10638
2376	10643
2377	10647
2378	10652
2379	10656
2380	10660
2381	10665
2382	10669
2383	10674
2384	10678
2385	10683
2386	10687
2387	10692
2388	10696
2389	10700
2390	10705
2391	10709
2392	10714
2393	10718
2394	10722
2395	10727
2396	10731
2397	10736
2398	10740
2399	10744
2400	10749
2401	10754
2402	10758
2403	10763
2404	10767
2405	10771
2406	10776
2407	10780
2408	10786
2409	10790
2410	10795
2411	10799
2412	10803
2413	10808
2414	10812
2415	10817
2416	10821
2417	10826
2418	10830
2419	10835
2420	10839
2421	10844
2422	10848
2423	10852
2424	10857
2425	10861
2426	10866
2427	10870
2428	10874
2429	10879
2430	10883
2431	10888
2432	10892
2433	10896
2434	10901
2435	10905
2436	10910
2437	10914
2438	10918
2439	10923
2440	10927
2441	10932
2442	10936
2443	10941
2444	10945
2445	10949
2446	10954
2447	10958
2448	10962
2449	10967
2450	10971
2451	10976
2452	10980
2453	10984
2454	10989
2455	10993
2456	10998
2457	11002
2458	11006
2459	11011
2460	11015
2461	11020
2462	11024
2463	11029
2464	11033
2465	11037
2466	11042
2467	11046
2468	11051
2469	11055
2470	11059
2471	11064
2472	11068
2473	11073
2474	11077
2475	11081
2476	11086
2477	11090
2478	11095
2479	11099
2480	11103
2481	11108
2482	11112
2483	11117
2484	11121
2485	11125
2486	11130
2487	11134
2488	11139
2489	11143
2490	11148
2491	11152
2492	11156
2493	11161
2494	11165
2495	11170
2496	11174
2497	11179
2498	11183
2499	11187
2500	11192
2501	11197
2502	11202
2503	11207
2504	11211
2505	11215
2506	11220
2507	11224
2508	11229
2509	11234
2510	11238
2511	11243
2512	11247
2513	11251
2514	11256
2515	11260
2516	11265
2517	11269
2518	11274
2519	11278
2520	11283
2521	11287
2522	11292
2523	11296
2524	11300
2525	11305
2526	11309
2527	11314
2528	11318
2529	11323
2530	11327
2531	11332
2532	11336
2533	11340
2534	11345
2535	11349
2536	11354
2537	11358
2538	11363
2539	11367
2540	11372
2541	11376
2542	11380
2543	11385
2544	11389
2545	11394
2546	11398
2547	11403
2548	11407
2549	11411
2550	11416
2551	11420
2552	11425
2553	11429
2554	11434
2555	11438
2556	11443
2557	11447
2558	11451
2559	11456
2560	11460
2561	11465
2562	11469
2563	11474
2564	11478
2565	11483
2566	11487
2567	11491
2568	11496
2569	11500
2570	11505
2571	11509
2572	11514
2573	11518
2574	11523
2575	11527
2576	11531
2577	11536
2578	11540
2579	11545
2580	11549
2581	11554
2582	11558
2583	11563
2584	11567
2585	11572
2586	11576
2587	11580
2588	11585
2589	11589
2590	11594
2591	11598
2592	11603
2593	11607
2594	11612
2595	11616
2596	11620
2597	11625
2598	11629
2599	11634
2600	11638
2601	11643
2602	11647
2603	11652
2604	11656
2605	11661
2606	11665
2607	11670
2608	11674
2609	11678
2610	11683
2611	11687
2612	11692
2613	11696
2614	11701
2615	11705
2616	11709
2617	11714
2618	11718
2619	11723
2620	11727
2621	11732
2622	11736
2623	11741
2624	11745
2625	11749
2626	11754
2627	11758
2628	11763
2629	11767
2630	11772
2631	11776
2632	11781
2633	11785
2634	11790
2635	11794
2636	11798
2637	11803
2638	11807
2639	11812
2640	11816
2641	11821
2642	11825
2643	11829
2644	11834
2645	11838
2646	11843
2647	11847
2648	11852
2649	11856
2650	11861
2651	11865
2652	11869
2653	11874
2654	11878
2655	11883
2656	11887
2657	11892
2658	11896
2659	11901
2660	11905
2661	11909
2662	11914
2663	11918
2664	11923
2665	11927
2666	11932
2667	11936
2668	11940
2669	11945
2670	11949
2671	11954
2672	11958
2673	11963
2674	11967
2675	11972
2676	11976
2677	11980
2678	11985
2679	11989
2680	11994
2681	11998
2682	12003
2683	12007
2684	12012
2685	12016
2686	12020
2687	12025
2688	12029
2689	12034
2690	12038
2691	12043
2692	12047
2693	12051
2694	12056
2695	12060
2696	12065
2697	12069
2698	12074
2699	12078
2700	12083
2701	12087
2702	12092
2703	12096
2704	12101
2705	12105
2706	12110
2707	12114
2708	12118
2709	12123
2710	12127
2711	12132
2712	12136
2713	12141
2714	12145
2715	12150
2716	12154
2717	12158
2718	12163
2719	12167
2720	12172
2721	12176
2722	12180
2723	12185
2724	12189
2725	12194
2726	12198
2727	12203
2728	12207
2729	12211
2730	12216
2731	12220
2732	12225
2733	12229
2734	12234
2735	12238
2736	12242
2737	12247
2738	12251
2739	12256
2740	12260
2741	12265
2742	12269
2743	12274
2744	12278
2745	12282
2746	12287
2747	12291
2748	12296
2749	12300
2750	12305
2751	12309
2752	12314
2753	12318
2754	12322
2755	12327
2756	12331
2757	12336
2758	12340
2759	12345
2760	12349
2761	12353
2762	12358
2763	12362
2764	12367
2765	12371
2766	12375
2767	12380
2768	12384
2769	12389
2770	12393
2771	12397
2772	12402
2773	12406
2774	12411
2775	12415
2776	12419
2777	12424
2778	12428
2779	12433
2780	12437
2781	12441
2782	12446
2783	12450
2784	12455
2785	12459
2786	12463
2787	12468
2788	12472
2789	12477
2790	12481
2791	12485
2792	12490
2793	12494
2794	12499
2795	12503
2796	12507
2797	12512
2798	12516
2799	12521
2800	12525
2801	12530
2802	12534
2803	12539
2804	12543
2805	12548
2806	12552
2807	12556
2808	12561
2809	12565
2810	12570
2811	12574
2812	12578
2813	12583
2814	12587
2815	12591
2816	12596
2817	12600
2818	12604
2819	12609
2820	12613
2821	12618
2822	12622
2823	12626
2824	12631
2825	12635
2826	12639
2827	12644
2828	12648
2829	12653
2830	12657
2831	12661
2832	12666
2833	12670
2834	12675
2835	12679
2836	12683
2837	12688
2838	12692
2839	12697
2840	12701
2841	12705
2842	12710
2843	12714
2844	12719
2845	12723
2846	12728
2847	12732
2848	12737
2849	12741
2850	12745
2851	12750
2852	12754
2853	12759
2854	12763
2855	12767
2856	12772
2857	12776
2858	12781
2859	12785
2860	12789
2861	12794
2862	12798
2863	12803
2864	12807
2865	12812
2866	12816
2867	12821
2868	12825
2869	12829
2870	12834
2871	12838
2872	12843
2873	12847
2874	12852
2875	12856
2876	12861
2877	12866
2878	12870
2879	12875
2880	12879
2881	12884
2882	12888
2883	12892
2884	12897
2885	12901
2886	12906
2887	12910
2888	12915
2889	12919
2890	12923
2891	12928
2892	12932
2893	12937
2894	12941
2895	12946
2896	12950
2897	12955
2898	12959
2899	12963
2900	12968
2901	12973
2902	12977
2903	12982
2904	12986
2905	12990
2906	12995
2907	12999
2908	13004
2909	13008
2910	13013
2911	13017
2912	13022
2913	13026
2914	13030
2915	13035
2916	13039
2917	13044
2918	13048
2919	13052
2920	13057
2921	13061
2922	13066
2923	13070
2924	13075
2925	13079
2926	13084
2927	13088
2928	13092
2929	13097
2930	13101
2931	13106
2932	13110
2933	13115
2934	13119
2935	13124
2936	13128
2937	13133
2938	13137
2939	13141
2940	13146
2941	13150
2942	13155
2943	13159
2944	13164
2945	13168
2946	13173
2947	13177
2948	13182
2949	13186
2950	13190
2951	13195
2952	13199
2953	13204
2954	13208
2955	13213
2956	13217
2957	13221
2958	13226
2959	13230
2960	13235
2961	13239
2962	13244
2963	13248
2964	13252
2965	13257
2966	13261
2967	13266
2968	13270
2969	13275
2970	13279
2971	13284
2972	13288
2973	13292
2974	13297
2975	13301
2976	13306
2977	13310
2978	13315
2979	13319
2980	13323
2981	13328
2982	13332
2983	13337
2984	13341
2985	13345
2986	13350
2987	13354
2988	13359
2989	13363
2990	13368
2991	13372
2992	13377
2993	13381
2994	13385
2995	13390
2996	13394
2997	13399
2998	13403
2999	13408
3000	13412
3001	13417
3002	13421
3003	13426
3004	13430
3005	13435
3006	13439
3007	13444
3008	13448
3009	13452
3010	13457
3011	13461
3012	13466
3013	13470
3014	13475
3015	13479
3016	13484
3017	13488
3018	13492
3019	13497
3020	13501
3021	13506
3022	13510
3023	13515
3024	13519
3025	13524
3026	13528
3027	13532
3028	13537
3029	13541
3030	13546
3031	13550
3032	13554
3033	13559
3034	13563
3035	13568
3036	13572
3037	13577
3038	13581
3039	13585
3040	13590
3041	13594
3042	13599
3043	13603
3044	13608
3045	13612
3046	13616
3047	13621
3048	13625
3049	13630
3050	13634
3051	13639
3052	13643
3053	13647
3054	13652
3055	13656
3056	13661
3057	13665
3058	13669
3059	13674
3060	13678
3061	13683
3062	13687
3063	13692
3064	13696
3065	13700
3066	13705
3067	13709
3068	13714
3069	13718
3070	13723
3071	13727
3072	13731
3073	13736
3074	13740
3075	13744
3076	13749
3077	13753
3078	13757
3079	13762
3080	13766
3081	13771
3082	13775
3083	13779
3084	13784
3085	13788
3086	13792
3087	13797
3088	13801
3089	13805
3090	13810
3091	13814
3092	13819
3093	13823
3094	13827
3095	13832
3096	13836
3097	13840
3098	13845
3099	13849
3100	13854
3101	13858
3102	13863
3103	13867
3104	13872
3105	13876
3106	13880
3107	13885
3108	13889
3109	13894
3110	13898
3111	13903
3112	13907
3113	13911
3114	13916
3115	13920
3116	13925
3117	13929
3118	13933
3119	13938
3120	13942
3121	13946
3122	13951
3123	13955
3124	13960
3125	13964
3126	13968
3127	13973
3128	13977
3129	13982
3130	13986
3131	13990
3132	13995
3133	13999
3134	14004
3135	14008
3136	14012
3137	14017
3138	14021
3139	14026
3140	14030
3141	14035
3142	14039
3143	14044
3144	14048
3145	14052
3146	14057
3147	14061
3148	14066
3149	14070
3150	14075
3151	14079
3152	14083
3153	14088
3154	14092
3155	14097
3156	14101
3157	14106
3158	14110
3159	14115
3160	14119
3161	14123
3162	14128
3163	14132
3164	14137
3165	14141
3166	14146
3167	14150
3168	14155
3169	14159
3170	14163
3171	14168
3172	14172
3173	14177
3174	14181
3175	14186
3176	14190
3177	14194
3178	14199
3179	14203
3180	14208
3181	14212
3182	14217
3183	14221
3184	14225
3185	14230
3186	14234
3187	14239
3188	14243
3189	14247
3190	14252
3191	14256
3192	14261
3193	14265
3194	14270
3195	14274
3196	14278
3197	14283
3198	14287
3199	14292
3200	14296
3201	14301
3202	14306
3203	14310
3204	14314
3205	14319
3206	14323
3207	14328
3208	14332
3209	14337
3210	14341
3211	14346
3212	14350
3213	14354
3214	14359
3215	14363
3216	14368
3217	14372
3218	14377
3219	14381
3220	14385
3221	14390
3222	14394
3223	14399
3224	14403
3225	14408
3226	14412
3227	14416
3228	14421
3229	14425
3230	14430
3231	14434
3232	14439
3233	14443
3234	14448
3235	14452
3236	14456
3237	14461
3238	14465
3239	14470
3240	14474
3241	14479
3242	14483
3243	14488
3244	14492
3245	14496
3246	14501
3247	14505
3248	14510
3249	14514
3250	14519
3251	14523
3252	14527
3253	14532
3254	14536
3255	14541
3256	14545
3257	14550
3258	14554
3259	14559
3260	14563
3261	14568
3262	14572
3263	14576
3264	14581
3265	14585
3266	14590
3267	14594
3268	14599
3269	14603
3270	14608
3271	14612
3272	14617
3273	14621
3274	14626
3275	14630
3276	14634
3277	14639
3278	14643
3279	14648
3280	14652
3281	14657
3282	14661
3283	14666
3284	14670
3285	14675
3286	14679
3287	14683
3288	14688
3289	14692
3290	14697
3291	14701
3292	14705
3293	14710
3294	14714
3295	14719
3296	14723
3297	14728
3298	14732
3299	14736
3300	14741
3301	14746
3302	14750
3303	14755
3304	14759
3305	14763
3306	14768
3307	14772
3308	14777
3309	14781
3310	14786
3311	14790
3312	14794
3313	14799
3314	14803
3315	14808
3316	14812
3317	14817
3318	14821
3319	14826
3320	14830
3321	14834
3322	14839
3323	14843
3324	14848
3325	14852
3326	14857
3327	14861
3328	14865
3329	14870
3330	14874
3331	14879
3332	14883
3333	14888
3334	14892
3335	14897
3336	14901
3337	14905
3338	14910
3339	14914
3340	14919
3341	14923
3342	14928
3343	14932
3344	14937
3345	14941
3346	14945
3347	14950
3348	14954
3349	14959
3350	14963
3351	14967
3352	14972
3353	14976
3354	14981
3355	14985
3356	14989
3357	14994
3358	14998
3359	15002
3360	15007
3361	15011
3362	15016
3363	15020
3364	15025
3365	15029
3366	15033
3367	15038
3368	15042
3369	15047
3370	15051
3371	15055
3372	15060
3373	15064
3374	15068
3375	15073
3376	15077
3377	15082
3378	15086
3379	15090
3380	15095
3381	15099
3382	15103
3383	15108
3384	15112
3385	15117
3386	15121
3387	15126
3388	15130
3389	15134
3390	15139
3391	15143
3392	15148
3393	15152
3394	15156
3395	15161
3396	15165
3397	15169
3398	15174
3399	15178
3400	15183
3401	15187
3402	15192
3403	15196
3404	15200
3405	15205
3406	15209
3407	15214
3408	15218
3409	15222
3410	15227
3411	15231
3412	15236
3413	15240
3414	15244
3415	15249
3416	15253
3417	15258
3418	15262
3419	15266
3420	15271
3421	15275
3422	15280
3423	15284
3424	15288
3425	15293
3426	15297
3427	15302
3428	15306
3429	15310
3430	15315
3431	15319
3432	15323
3433	15328
3434	15332
3435	15337
3436	15341
3437	15346
3438	15350
3439	15354
3440	15359
3441	15363
3442	15368
3443	15372
3444	15376
3445	15381
3446	15385
3447	15390
3448	15394
3449	15399
3450	15403
3451	15408
3452	15412
3453	15416
3454	15421
3455	15425
3456	15430
3457	15434
3458	15438
3459	15443
3460	15447
3461	15452
3462	15456
3463	15461
3464	15465
3465	15469
3466	15474
3467	15478
3468	15483
3469	15487
3470	15492
3471	15496
3472	15501
3473	15505
3474	15509
3475	15514
3476	15518
3477	15523
3478	15527
3479	15532
3480	15536
3481	15541
3482	15545
3483	15549
3484	15554
3485	15558
3486	15563
3487	15567
3488	15572
3489	15576
3490	15580
3491	15585
3492	15589
3493	15594
3494	15598
3495	15603
3496	15607
3497	15612
3498	15616
3499	15621
3500	15625
3501	15630
3502	15634
3503	15639
3504	15643
3505	15648
3506	15652
3507	15657
3508	15661
3509	15666
3510	15670
3511	15674
3512	15679
3513	15683
3514	15688
3515	15692
3516	15697
3517	15701
3518	15706
3519	15710
3520	15714
3521	15719
3522	15723
3523	15728
3524	15732
3525	15737
3526	15741
3527	15746
3528	15750
3529	15754
3530	15759
3531	15763
3532	15768
3533	15772
3534	15777
3535	15781
3536	15786
3537	15790
3538	15795
3539	15799
3540	15804
3541	15808
3542	15812
3543	15817
3544	15821
3545	15826
3546	15830
3547	15835
3548	15839
3549	15844
3550	15848
3551	15853
3552	15857
3553	15862
3554	15866
3555	15870
3556	15875
3557	15879
3558	15884
3559	15888
3560	15893
3561	15897
3562	15901
3563	15906
3564	15910
3565	15915
3566	15919
3567	15923
3568	15928
3569	15932
3570	15937
3571	15941
3572	15946
3573	15950
3574	15955
3575	15959
3576	15964
3577	15968
3578	15972
3579	15977
3580	15981
3581	15986
3582	15990
3583	15995
3584	15999
3585	16004
3586	16008
3587	16012
3588	16017
3589	16021
3590	16026
3591	16030
3592	16035
3593	16039
3594	16044
3595	16048
3596	16053
3597	16057
3598	16061
3599	16066
3600	16070
3601	16075
3602	16080
3603	16084
3604	16088
3605	16093
3606	16097
3607	16102
3608	16106
3609	16111
3610	16115
3611	16120
3612	16124
3613	16129
3614	16133
3615	16137
3616	16142
3617	16146
3618	16151
3619	16155
3620	16160
3621	16164
3622	16168
3623	16173
3624	16177
3625	16182
3626	16186
3627	16191
3628	16195
3629	16199
3630	16204
3631	16208
3632	16213
3633	16217
3634	16222
3635	16226
3636	16230
3637	16235
3638	16239
3639	16244
3640	16248
3641	16252
3642	16257
3643	16261
3644	16266
3645	16270
3646	16274
3647	16279
3648	16283
3649	16288
3650	16292
3651	16297
3652	16301
3653	16306
3654	16310
3655	16314
3656	16319
3657	16323
3658	16328
3659	16332
3660	16336
3661	16341
3662	16345
3663	16350
3664	16354
3665	16359
3666	16363
3667	16368
3668	16372
3669	16377
3670	16381
3671	16385
3672	16390
3673	16395
3674	16399
3675	16403
3676	16408
3677	16412
3678	16417
3679	16421
3680	16425
3681	16430
3682	16434
3683	16439
3684	16443
3685	16447
3686	16452
3687	16457
3688	16462
3689	16466
3690	16470
3691	16475
3692	16479
3693	16483
3694	16488
3695	16492
3696	16497
3697	16501
3698	16505
3699	16510
3700	16514
3701	16519
3702	16523
3703	16528
3704	16532
3705	16536
3706	16541
3707	16545
3708	16550
3709	16554
3710	16558
3711	16563
3712	16567
3713	16571
3714	16576
3715	16580
3716	16585
3717	16589
3718	16593
3719	16598
3720	16602
3721	16607
3722	16611
3723	16615
3724	16620
3725	16624
3726	16629
3727	16633
3728	16638
3729	16642
3730	16646
3731	16650
3732	16655
3733	16659
3734	16664
3735	16668
3736	16672
3737	16677
3738	16681
3739	16685
3740	16690
3741	16694
3742	16699
3743	16703
3744	16707
3745	16712
3746	16716
3747	16721
3748	16725
3749	16729
3750	16734
3751	16738
3752	16743
3753	16747
3754	16751
3755	16756
3756	16760
3757	16765
3758	16769
3759	16774
3760	16778
3761	16782
3762	16787
3763	16791
3764	16796
3765	16800
3766	16805
3767	16809
3768	16814
3769	16818
3770	16822
3771	16827
3772	16831
3773	16836
3774	16840
3775	16845
3776	16849
3777	16854
3778	16858
3779	16862
3780	16867
3781	16871
3782	16876
3783	16880
3784	16885
3785	16889
3786	16894
3787	16898
3788	16902
3789	16907
3790	16911
3791	16916
3792	16920
3793	16925
3794	16929
3795	16933
3796	16938
3797	16942
3798	16947
3799	16951
3800	16956
3801	16960
3802	16965
3803	16969
3804	16974
3805	16978
3806	16983
3807	16987
3808	16991
3809	16996
3810	17000
3811	17005
3812	17009
3813	17014
3814	17018
3815	17023
3816	17027
3817	17032
3818	17036
3819	17040
3820	17045
3821	17049
3822	17054
3823	17058
3824	17063
3825	17067
3826	17072
3827	17076
3828	17080
3829	17085
3830	17089
3831	17094
3832	17098
3833	17103
3834	17107
3835	17111
3836	17116
3837	17120
3838	17125
3839	17129
3840	17134
3841	17138
3842	17142
3843	17147
3844	17151
3845	17156
3846	17160
3847	17165
3848	17169
3849	17173
3850	17178
3851	17182
3852	17187
3853	17191
3854	17196
3855	17200
3856	17205
3857	17209
3858	17214
3859	17218
3860	17222
3861	17227
3862	17231
3863	17236
3864	17240
3865	17245
3866	17249
3867	17253
3868	17258
3869	17262
3870	17267
3871	17271
3872	17276
3873	17280
3874	17285
3875	17289
3876	17293
3877	17298
3878	17302
3879	17307
3880	17311
3881	17316
3882	17320
3883	17324
3884	17329
3885	17333
3886	17338
3887	17342
3888	17347
3889	17351
3890	17356
3891	17360
3892	17364
3893	17369
3894	17373
3895	17378
3896	17382
3897	17387
3898	17391
3899	17395
3900	17400
3901	17405
3902	17409
3903	17414
3904	17418
3905	17422
3906	17427
3907	17431
3908	17436
3909	17440
3910	17445
3911	17449
3912	17454
3913	17458
3914	17462
3915	17467
3916	17471
3917	17476
3918	17480
3919	17485
3920	17489
3921	17493
3922	17498
3923	17502
3924	17507
3925	17511
3926	17516
3927	17520
3928	17524
3929	17529
3930	17533
3931	17538
3932	17542
3933	17547
3934	17551
3935	17555
3936	17560
3937	17564
3938	17569
3939	17573
3940	17578
3941	17582
3942	17586
3943	17591
3944	17595
3945	17600
3946	17604
3947	17609
3948	17613
3949	17617
3950	17622
3951	17626
3952	17631
3953	17635
3954	17639
3955	17644
3956	17648
3957	17653
3958	17657
3959	17662
3960	17666
3961	17670
3962	17675
3963	17679
3964	17684
3965	17688
3966	17693
3967	17697
3968	17701
3969	17706
3970	17710
3971	17715
3972	17719
3973	17724
3974	17728
3975	17732
3976	17737
3977	17741
3978	17746
3979	17750
3980	17754
3981	17759
3982	17763
3983	17768
3984	17772
3985	17777
3986	17781
3987	17785
3988	17790
3989	17794
3990	17799
3991	17803
3992	17808
3993	17812
3994	17816
3995	17821
3996	17825
3997	17830
3998	17834
3999	17839
4000	17843
4001	17848
4002	17852
4003	17857
4004	17861
4005	17866
4006	17870
4007	17875
4008	17879
4009	17883
4010	17888
4011	17892
4012	17897
4013	17901
4014	17906
4015	17910
4016	17914
4017	17919
4018	17923
4019	17928
4020	17932
4021	17937
4022	17941
4023	17946
4024	17950
4025	17954
4026	17959
4027	17963
4028	17968
4029	17972
4030	17976
4031	17981
4032	17985
4033	17990
4034	17994
4035	17999
4036	18003
4037	18008
4038	18012
4039	18016
4040	18021
4041	18025
4042	18030
4043	18034
4044	18038
4045	18043
4046	18047
4047	18052
4048	18056
4049	18061
4050	18065
4051	18069
4052	18074
4053	18078
4054	18083
4055	18087
4056	18091
4057	18096
4058	18100
4059	18105
4060	18109
4061	18113
4062	18118
4063	18122
4064	18126
4065	18131
4066	18135
4067	18140
4068	18144
4069	18149
4070	18153
4071	18157
4072	18162
4073	18166
4074	18171
4075	18175
4076	18179
4077	18184
4078	18188
4079	18193
4080	18197
4081	18201
4082	18206
4083	18210
4084	18215
4085	18219
4086	18223
4087	18228
4088	18232
4089	18236
4090	18241
4091	18245
4092	18250
4093	18254
4094	18258
4095	18263
4096	18267
4097	18271
4098	18276
4099	18280
4100	18284
4101	18289
4102	18293
4103	18298
4104	18302
4105	18307
4106	18311
4107	18315
4108	18320
4109	18324
4110	18328
4111	18333
4112	18337
4113	18342
4114	18346
4115	18350
4116	18355
4117	18359
4118	18364
4119	18368
4120	18372
4121	18377
4122	18381
4123	18386
4124	18390
4125	18395
4126	18399
4127	18403
4128	18408
4129	18413
4130	18418
4131	18422
4132	18426
4133	18431
4134	18435
4135	18439
4136	18444
4137	18448
4138	18453
4139	18457
4140	18461
4141	18466
4142	18470
4143	18475
4144	18479
4145	18484
4146	18488
4147	18492
4148	18497
4149	18501
4150	18506
4151	18510
4152	18514
4153	18519
4154	18523
4155	18528
4156	18532
4157	18537
4158	18541
4159	18545
4160	18550
4161	18554
4162	18559
4163	18563
4164	18567
4165	18572
4166	18576
4167	18581
4168	18585
4169	18590
4170	18594
4171	18599
4172	18603
4173	18607
4174	18612
4175	18616
4176	18621
4177	18625
4178	18629
4179	18634
4180	18638
4181	18643
4182	18647
4183	18652
4184	18656
4185	18661
4186	18665
4187	18669
4188	18674
4189	18678
4190	18683
4191	18687
4192	18692
4193	18696
4194	18700
4195	18705
4196	18709
4197	18714
4198	18718
4199	18722
4200	18727
4201	18732
4202	18736
4203	18740
4204	18745
4205	18749
4206	18754
4207	18758
4208	18763
4209	18767
4210	18771
4211	18776
4212	18780
4213	18785
4214	18789
4215	18794
4216	18798
4217	18803
4218	18807
4219	18811
4220	18816
4221	18820
4222	18825
4223	18829
4224	18833
4225	18838
4226	18842
4227	18847
4228	18851
4229	18855
4230	18860
4231	18864
4232	18869
4233	18873
4234	18878
4235	18882
4236	18886
4237	18891
4238	18895
4239	18900
4240	18904
4241	18909
4242	18913
4243	18917
4244	18922
4245	18926
4246	18931
4247	18935
4248	18940
4249	18944
4250	18948
4251	18953
4252	18957
4253	18962
4254	18966
4255	18970
4256	18975
4257	18979
4258	18984
4259	18988
4260	18993
4261	18997
4262	19002
4263	19006
4264	19010
4265	19015
4266	19019
4267	19024
4268	19028
4269	19033
4270	19037
4271	19041
4272	19046
4273	19050
4274	19055
4275	19059
4276	19064
4277	19068
4278	19072
4279	19077
4280	19081
4281	19086
4282	19090
4283	19095
4284	19099
4285	19104
4286	19108
4287	19113
4288	19117
4289	19121
4290	19126
4291	19130
4292	19135
4293	19139
4294	19143
4295	19148
4296	19152
4297	19157
4298	19161
4299	19166
4300	19170
4301	19175
4302	19179
4303	19184
4304	19188
4305	19193
4306	19197
4307	19202
4308	19206
4309	19210
4310	19215
4311	19219
4312	19224
4313	19228
4314	19233
4315	19237
4316	19241
4317	19246
4318	19250
4319	19255
4320	19259
4321	19263
4322	19268
4323	19272
4324	19277
4325	19281
4326	19286
4327	19290
4328	19294
4329	19299
4330	19303
4331	19308
4332	19312
4333	19317
4334	19321
4335	19325
4336	19330
4337	19334
4338	19339
4339	19343
4340	19348
4341	19352
4342	19356
4343	19361
4344	19365
4345	19370
4346	19374
4347	19378
4348	19383
4349	19387
4350	19392
4351	19396
4352	19401
4353	19405
4354	19409
4355	19414
4356	19418
4357	19422
4358	19427
4359	19431
4360	19436
4361	19440
4362	19445
4363	19449
4364	19453
4365	19458
4366	19462
4367	19466
4368	19471
4369	19475
4370	19480
4371	19484
4372	19488
4373	19493
4374	19497
4375	19502
4376	19506
4377	19510
4378	19515
4379	19519
4380	19523
4381	19528
4382	19532
4383	19537
4384	19541
4385	19545
4386	19550
4387	19554
4388	19559
4389	19563
4390	19567
4391	19572
4392	19576
4393	19580
4394	19585
4395	19589
4396	19594
4397	19598
4398	19602
4399	19607
4400	19611
4401	19616
4402	19620
4403	19625
4404	19629
4405	19633
4406	19638
4407	19642
4408	19647
4409	19651
4410	19655
4411	19660
4412	19664
4413	19668
4414	19673
4415	19677
4416	19682
4417	19686
4418	19690
4419	19695
4420	19699
4421	19704
4422	19708
4423	19712
4424	19717
4425	19721
4426	19725
4427	19730
4428	19734
4429	19739
4430	19743
4431	19747
4432	19752
4433	19756
4434	19761
4435	19765
4436	19770
4437	19774
4438	19778
4439	19783
4440	19787
4441	19791
4442	19796
4443	19800
4444	19805
4445	19809
4446	19814
4447	19818
4448	19822
4449	19827
4450	19831
4451	19836
4452	19840
4453	19845
4454	19849
4455	19853
4456	19858
4457	19862
4458	19867
4459	19871
4460	19876
4461	19880
4462	19884
4463	19889
4464	19893
4465	19898
4466	19902
4467	19907
4468	19911
4469	19915
4470	19920
4471	19924
4472	19929
4473	19933
4474	19937
4475	19942
4476	19946
4477	19951
4478	19955
4479	19959
4480	19964
4481	19968
4482	19973
4483	19977
4484	19982
4485	19986
4486	19991
4487	19995
4488	19999
4489	20004
4490	20008
4491	20013
4492	20017
4493	20022
4494	20026
4495	20030
4496	20035
4497	20039
4498	20044
4499	20048
4500	20053
4501	20058
4502	20063
4503	20067
4504	20072
4505	20076
4506	20081
4507	20085
4508	20089
4509	20094
4510	20098
4511	20103
4512	20107
4513	20112
4514	20116
4515	20120
4516	20125
4517	20129
4518	20134
4519	20138
4520	20143
4521	20147
4522	20151
4523	20156
4524	20160
4525	20165
4526	20169
4527	20173
4528	20178
4529	20182
4530	20187
4531	20191
4532	20196
4533	20200
4534	20204
4535	20209
4536	20214
4537	20218
4538	20223
4539	20228
4540	20233
4541	20238
4542	20244
4543	20249
4544	20254
4545	20259
4546	20265
4547	20270
4548	20275
4549	20280
4550	20285
4551	20289
4552	20294
4553	20298
4554	20303
4555	20307
4556	20312
4557	20317
4558	20321
4559	20326
4560	20330
4561	20334
4562	20339
4563	20343
4564	20348
4565	20352
4566	20357
4567	20361
4568	20366
4569	20370
4570	20374
4571	20379
4572	20383
4573	20388
4574	20392
4575	20397
4576	20401
4577	20406
4578	20410
4579	20414
4580	20419
4581	20423
4582	20428
4583	20432
4584	20437
4585	20441
4586	20445
4587	20450
4588	20454
4589	20459
4590	20463
4591	20468
4592	20472
4593	20476
4594	20481
4595	20485
4596	20490
4597	20494
4598	20499
4599	20503
4600	20507
4601	20512
4602	20517
4603	20521
4604	20526
4605	20530
4606	20534
4607	20539
4608	20543
4609	20548
4610	20552
4611	20557
4612	20561
4613	20566
4614	20570
4615	20575
4616	20579
4617	20583
4618	20588
4619	20592
4620	20597
4621	20601
4622	20606
4623	20610
4624	20615
4625	20619
4626	20624
4627	20628
4628	20633
4629	20637
4630	20641
4631	20646
4632	20650
4633	20655
4634	20659
4635	20664
4636	20668
4637	20673
4638	20677
4639	20682
4640	20686
4641	20691
4642	20695
4643	20699
4644	20704
4645	20708
4646	20713
4647	20717
4648	20722
4649	20726
4650	20730
4651	20735
4652	20739
4653	20744
4654	20748
4655	20753
4656	20757
4657	20761
4658	20766
4659	20770
4660	20775
4661	20779
4662	20784
4663	20788
4664	20793
4665	20797
4666	20802
4667	20806
4668	20810
4669	20815
4670	20819
4671	20824
4672	20828
4673	20833
4674	20837
4675	20842
4676	20846
4677	20851
4678	20855
4679	20860
4680	20864
4681	20868
4682	20873
4683	20877
4684	20882
4685	20886
4686	20890
4687	20895
4688	20899
4689	20904
4690	20908
4691	20912
4692	20917
4693	20921
4694	20926
4695	20930
4696	20935
4697	20939
4698	20943
4699	20948
4700	20952
4701	20957
4702	20962
4703	20966
4704	20971
4705	20975
4706	20979
4707	20984
4708	20989
4709	20993
4710	20997
4711	21002
4712	21006
4713	21010
4714	21015
4715	21019
4716	21024
4717	21028
4718	21033
4719	21037
4720	21041
4721	21046
4722	21050
4723	21055
4724	21059
4725	21063
4726	21068
4727	21072
4728	21077
4729	21081
4730	21086
4731	21090
4732	21094
4733	21099
4734	21104
4735	21109
4736	21114
4737	21119
4738	21124
4739	21129
4740	21134
4741	21139
4742	21144
4743	21149
4744	21154
4745	21158
4746	21163
4747	21167
4748	21172
4749	21176
4750	21180
4751	21185
4752	21189
4753	21194
4754	21198
4755	21203
4756	21207
4757	21212
4758	21216
4759	21221
4760	21225
4761	21230
4762	21234
4763	21239
4764	21244
4765	21248
4766	21254
4767	21259
4768	21265
4769	21270
4770	21275
4771	21279
4772	21284
4773	21289
4774	21293
4775	21298
4776	21302
4777	21307
4778	21312
4779	21316
4780	21321
4781	21326
4782	21331
4783	21335
4784	21340
4785	21345
4786	21350
4787	21356
4788	21361
4789	21366
4790	21371
4791	21377
4792	21382
4793	21388
4794	21393
4795	21398
4796	21403
4797	21408
4798	21413
4799	21417
4800	21422
4801	21428
4802	21432
4803	21437
4804	21442
4805	21447
4806	21451
4807	21456
4808	21460
4809	21465
4810	21469
4811	21474
4812	21478
4813	21483
4814	21487
4815	21492
4816	21496
4817	21501
4818	21505
4819	21510
4820	21514
4821	21518
4822	21523
4823	21527
4824	21532
4825	21536
4826	21541
4827	21545
4828	21550
4829	21554
4830	21559
4831	21563
4832	21567
4833	21572
4834	21576
4835	21581
4836	21585
4837	21590
4838	21594
4839	21598
4840	21603
4841	21607
4842	21612
4843	21616
4844	21621
4845	21625
4846	21630
4847	21634
4848	21639
4849	21643
4850	21648
4851	21652
4852	21656
4853	21661
4854	21665
4855	21670
4856	21674
4857	21679
4858	21683
4859	21688
4860	21692
4861	21696
4862	21701
4863	21705
4864	21710
4865	21714
4866	21719
4867	21723
4868	21728
4869	21732
4870	21736
4871	21741
4872	21745
4873	21750
4874	21754
4875	21759
4876	21763
4877	21767
4878	21772
4879	21777
4880	21781
4881	21785
4882	21790
4883	21794
4884	21799
4885	21803
4886	21808
4887	21812
4888	21817
4889	21821
4890	21826
4891	21830
4892	21834
4893	21839
4894	21843
4895	21848
4896	21852
4897	21857
4898	21861
4899	21866
4900	21870
4901	21875
4902	21879
4903	21884
4904	21888
4905	21893
4906	21897
4907	21902
4908	21906
4909	21911
4910	21915
4911	21920
4912	21924
4913	21928
4914	21933
4915	21937
4916	21942
4917	21946
4918	21951
4919	21955
4920	21960
4921	21964
4922	21968
4923	21973
4924	21977
4925	21982
4926	21986
4927	21991
4928	21995
4929	21999
4930	22004
4931	22008
4932	22013
4933	22017
4934	22022
4935	22026
4936	22031
4937	22035
4938	22039
4939	22044
4940	22048
4941	22053
4942	22057
4943	22062
4944	22066
4945	22070
4946	22075
4947	22079
4948	22084
4949	22088
4950	22093
4951	22097
4952	22101
4953	22106
4954	22110
4955	22115
4956	22119
4957	22124
4958	22129
4959	22134
4960	22140
4961	22145
4962	22150
4963	22155
4964	22160
4965	22165
4966	22170
4967	22175
4968	22180
4969	22185
4970	22189
4971	22194
4972	22198
4973	22203
4974	22207
4975	22211
4976	22216
4977	22220
4978	22225
4979	22229
4980	22234
4981	22238
4982	22243
4983	22247
4984	22252
4985	22256
4986	22260
4987	22265
4988	22269
4989	22274
4990	22278
4991	22283
4992	22287
4993	22291
4994	22296
4995	22300
4996	22305
4997	22309
4998	22314
4999	22318
5000	22323
