1	0.0377146
2	0.0848158
3	0.0420213
4	0.0412705
5	0.0391234
6	0.036212
7	0.0365651
8	0.0243928
9	0.0194944
10	0.0180988
11	0.0159297
12	0.0166233
13	0.0173581
14	0.0156926
15	0.0167396
16	0.0140199
17	0.0125527
18	0.0137889
19	0.0152957
20	0.0152579
21	0.0124006
22	0.0105003
23	0.013527
24	0.0117171
25	0.0102492
26	0.0108335
27	0.0105078
28	0.0125469
29	0.0117517
30	0.0113047
31	0.01048
32	0.00882905
33	0.00885701
34	0.0107726
35	0.00926414
36	0.00808229
37	0.00811236
38	0.00851334
39	0.00838186
40	0.00732588
41	0.00888462
42	0.00846556
43	0.00772122
44	0.00782974
45	0.00663582
46	0.008
47	0.0074759
48	0.00738716
49	0.00591516
50	0.00621599
51	0.00583581
52	0.00519948
53	0.00449049
54	0.00388943
55	0.00553764
56	0.00486188
57	0.0044528
58	0.00417648
59	0.00397617
60	0.00389156
61	0.00381624
62	0.00369853
63	0.00493425
64	0.00442002
65	0.00408474
66	0.00383525
67	0.00355427
68	0.00324782
69	0.00300514
70	0.00289747
71	0.00293477
72	0.003023
73	0.00306714
74	0.00310919
75	0.00311669
76	0.00310154
77	0.00295107
78	0.00264228
79	0.00232771
80	0.00206222
81	0.00185707
82	0.00167467
83	0.00150615
84	0.00135876
85	0.00123074
86	0.00270253
87	0.00256227
88	0.00244437
89	0.00239861
90	0.00240135
91	0.0023872
92	0.00233691
93	0.00106097
94	0.00107115
95	0.00108239
96	0.00108207
97	0.00107917
98	0.00107074
99	0.00106903
100	0.00106979
101	0.0010801
102	0.00109553
103	0.0011106
104	0.00110964
105	0.00109226
106	0.001059
107	0.00101994
108	0.000980363
109	0.000945022
110	0.000914509
111	0.000890203
112	0.000873979
113	0.000866873
114	0.000865959
115	0.000869957
116	0.000873805
117	0.000874494
118	0.000872172
119	0.00086603
120	0.000856035
121	0.000842418
122	0.000826478
123	0.000808083
124	0.000786531
125	0.000762617
126	0.000730931
127	0.000697657
128	0.000664144
129	0.000631599
130	0.000600371
131	0.000570624
132	0.000543669
133	0.000521026
134	0.000502125
135	0.000487258
136	0.00047621
137	0.000469896
138	0.000467887
139	0.000467129
140	0.000465236
141	0.00046101
142	0.000453698
143	0.000443399
144	0.000430476
145	0.000416813
146	0.000403513
147	0.00038903
148	0.000373884
149	0.000359118
150	0.00034637
151	0.000335026
152	0.000322836
153	0.000310803
154	0.000298787
155	0.000288115
156	0.00027776
157	0.000266426
158	0.000254524
159	0.000242942
160	0.000233348
161	0.00022363
162	0.000213808
163	0.000203715
164	0.000194192
165	0.000187197
166	0.000179421
167	0.000171802
168	0.000163966
169	0.000157701
170	0.000153627
171	0.00014918
172	0.000145719
173	0.000142133
174	0.000140659
175	0.000140516
176	0.00013827
177	0.000135367
178	0.000129311
179	0.000123699
180	0.000116559
181	0.000107055
182	9.83174e-05
183	0.000280053
184	0.000262125
185	0.000246124
186	0.0002306
187	0.00021871
188	0.000209884
189	0.000202277
190	0.000198446
191	0.000195345
192	0.000194079
193	0.000195736
194	0.000199533
195	0.000208504
196	0.000220049
197	7.82029e-05
198	8.13927e-05
199	8.48351e-05
200	8.63265e-05
201	8.52312e-05
202	8.21838e-05
203	7.68919e-05
204	7.35767e-05
205	7.00175e-05
206	6.57875e-05
207	6.06407e-05
208	5.61991e-05
209	5.3806e-05
210	5.16208e-05
211	0.000165897
212	0.000157715
213	0.000149587
214	0.000145997
215	0.000143467
216	0.000140964
217	0.000135888
218	0.000132552
219	0.000132615
220	0.000134174
221	0.000134912
222	0.000133387
223	0.000131458
224	0.000132388
225	4.58514e-05
226	4.66772e-05
227	4.67327e-05
228	4.68198e-05
229	4.65222e-05
230	4.82399e-05
231	4.57534e-05
232	4.24763e-05
233	0.000114683
234	0.000105943
235	0.000105046
236	9.90098e-05
237	9.29143e-05
238	9.0339e-05
239	8.5656e-05
240	8.53736e-05
241	8.49777e-05
242	8.31957e-05
243	8.34328e-05
244	8.17843e-05
245	8.39892e-05
246	8.76501e-05
247	8.99309e-05
248	9.14986e-05
249	9.07909e-05
250	4.98917e-05
251	4.96289e-05
252	4.82711e-05
253	4.61542e-05
254	4.26481e-05
255	4.17227e-05
256	4.04486e-05
257	3.77755e-05
258	3.52422e-05
259	7.65073e-05
260	7.76879e-05
261	7.59291e-05
262	7.43438e-05
263	7.33888e-05
264	7.04778e-05
265	7.14184e-05
266	7.12237e-05
267	3.30071e-05
268	3.19917e-05
269	6.71278e-05
270	3.19346e-05
271	3.17846e-05
272	3.18327e-05
273	3.10733e-05
274	3.00939e-05
275	2.98616e-05
276	2.98641e-05
277	3.06347e-05
278	2.89487e-05
279	2.86172e-05
280	2.79234e-05
281	2.70515e-05
282	2.78338e-05
283	2.5477e-05
284	2.49567e-05
285	5.30046e-05
286	5.25906e-05
287	5.26494e-05
288	4.97499e-05
289	2.33144e-05
290	4.72567e-05
291	4.88829e-05
292	2.34769e-05
293	4.74129e-05
294	2.32633e-05
295	2.1985e-05
296	2.22992e-05
297	2.3317e-05
298	2.29101e-05
299	2.28548e-05
300	2.25885e-05
301	2.2752e-05
302	2.28502e-05
303	2.32614e-05
304	2.24871e-05
305	2.23011e-05
306	2.18631e-05
307	2.20717e-05
308	2.19681e-05
309	2.07279e-05
310	2.09937e-05
311	2.01326e-05
312	2.03284e-05
313	2.03269e-05
314	1.88514e-05
315	1.94639e-05
316	1.88071e-05
317	1.87389e-05
318	1.91111e-05
319	1.76831e-05
320	1.84487e-05
321	1.83449e-05
322	1.78606e-05
323	1.8812e-05
324	1.76816e-05
325	1.78839e-05
326	1.81916e-05
327	1.72117e-05
328	1.80908e-05
329	1.70012e-05
330	1.67148e-05
331	1.68654e-05
332	1.60548e-05
333	1.66839e-05
334	1.56764e-05
335	1.54234e-05
336	1.51532e-05
337	1.48339e-05
338	1.52022e-05
339	1.42982e-05
340	1.41676e-05
341	1.3934e-05
342	1.40395e-05
343	1.43289e-05
344	1.38107e-05
345	1.38371e-05
346	1.3521e-05
347	1.38688e-05
348	1.43093e-05
349	1.4106e-05
350	1.3934e-05
351	1.34643e-05
352	1.38072e-05
353	1.41083e-05
354	1.41703e-05
355	1.37219e-05
356	1.35746e-05
357	1.38537e-05
358	1.42044e-05
359	1.41348e-05
360	1.36547e-05
361	1.36153e-05
362	1.38499e-05
363	1.41887e-05
364	1.39523e-05
365	1.36324e-05
366	1.33212e-05
367	1.33649e-05
368	1.35751e-05
369	1.35427e-05
370	1.33729e-05
371	1.30914e-05
372	1.28795e-05
373	1.31286e-05
374	1.34977e-05
375	1.3026e-05
376	1.31165e-05
377	1.25666e-05
378	1.2837e-05
379	1.36937e-05
380	1.23108e-05
381	1.29448e-05
382	1.21894e-05
383	1.25418e-05
384	1.37858e-05
385	1.18573e-05
386	1.28665e-05
387	1.20208e-05
388	1.21268e-05
389	1.34697e-05
390	1.18079e-05
391	1.27397e-05
392	1.20312e-05
393	1.18152e-05
394	1.32103e-05
395	1.23223e-05
396	1.29492e-05
397	1.24045e-05
398	1.22549e-05
399	1.33368e-05
400	1.31296e-05
401	1.30399e-05
402	1.28911e-05
403	1.22572e-05
404	1.30595e-05
405	1.33967e-05
406	1.3134e-05
407	1.30263e-05
408	1.25189e-05
409	1.29182e-05
410	1.34371e-05
411	1.27026e-05
412	1.28269e-05
413	1.24901e-05
414	1.28322e-05
415	1.31708e-05
416	1.16525e-05
417	1.24571e-05
418	1.2269e-05
419	1.27607e-05
420	1.30799e-05
421	1.13156e-05
422	1.19806e-05
423	1.18697e-05
424	1.25474e-05
425	1.27166e-05
426	1.12342e-05
427	1.13286e-05
428	1.15837e-05
429	1.21103e-05
430	1.23901e-05
431	1.14703e-05
432	1.10764e-05
433	1.12289e-05
434	1.18319e-05
435	1.23161e-05
436	1.18962e-05
437	1.09456e-05
438	1.15097e-05
439	1.15905e-05
440	1.22392e-05
441	1.19783e-05
442	1.14316e-05
443	1.23656e-05
444	1.17875e-05
445	1.23655e-05
446	1.20874e-05
447	1.18421e-05
448	1.24984e-05
449	1.21634e-05
450	1.20446e-05
451	1.18643e-05
452	1.15388e-05
453	1.16374e-05
454	1.19363e-05
455	1.21942e-05
456	1.18049e-05
457	1.11007e-05
458	1.07335e-05
459	1.14383e-05
460	7.20812e-06
461	1.17744e-05
462	1.0796e-05
463	1.02691e-05
464	1.08888e-05
465	6.79739e-06
466	1.1528e-05
467	1.02973e-05
468	1.02925e-05
469	1.03448e-05
470	1.07962e-05
471	1.07994e-05
472	9.66686e-06
473	1.01937e-05
474	1.01729e-05
475	1.00682e-05
476	1.02646e-05
477	9.64291e-06
478	1.02684e-05
479	1.03325e-05
480	9.99452e-06
481	1.035e-05
482	1.0035e-05
483	1.027e-05
484	1.021e-05
485	1.01064e-05
486	1.08318e-05
487	9.96755e-06
488	9.87233e-06
489	1.00859e-05
490	1.01387e-05
491	1.10547e-05
492	1.02218e-05
493	9.57854e-06
494	1.02275e-05
495	9.99953e-06
496	1.10687e-05
497	5.88775e-06
498	9.51416e-06
499	1.02926e-05
500	9.82526e-06
501	1.07428e-05
502	5.87075e-06
503	9.34515e-06
504	1.01979e-05
505	5.36997e-06
506	5.83131e-06
507	5.53573e-06
508	9.14581e-06
509	9.92741e-06
510	9.61889e-06
511	1.01501e-05
512	1.00552e-05
513	8.8849e-06
514	9.6021e-06
515	9.37498e-06
516	9.84224e-06
517	9.71725e-06
518	8.85583e-06
519	9.429e-06
520	9.3674e-06
521	9.54866e-06
522	9.6898e-06
523	8.9554e-06
524	9.35172e-06
525	9.51902e-06
526	9.34739e-06
527	9.80032e-06
528	8.99058e-06
529	9.26486e-06
530	9.55152e-06
531	9.02832e-06
532	9.82181e-06
533	9.14297e-06
534	8.85287e-06
535	9.58543e-06
536	4.61111e-06
537	1.00467e-05
538	4.89067e-06
539	8.54143e-06
540	4.95734e-06
541	9.38425e-06
542	9.97997e-06
543	5.22977e-06
544	8.68341e-06
545	9.9288e-06
546	9.48991e-06
547	9.51478e-06
548	5.30697e-06
549	8.9484e-06
550	9.76894e-06
551	9.92449e-06
552	9.45283e-06
553	5.35156e-06
554	5.00568e-06
555	9.76571e-06
556	5.53294e-06
557	5.36494e-06
558	5.28067e-06
559	4.86392e-06
560	9.70504e-06
561	5.84547e-06
562	5.65984e-06
563	5.44494e-06
564	4.74486e-06
565	5.21679e-06
566	5.98105e-06
567	5.80627e-06
568	5.65243e-06
569	4.83232e-06
570	5.34106e-06
571	5.62345e-06
572	1.00374e-05
573	5.57126e-06
574	5.07862e-06
575	5.5463e-06
576	5.45339e-06
577	9.86765e-06
578	5.48094e-06
579	5.52009e-06
580	5.73784e-06
581	5.35852e-06
582	1.03241e-05
583	5.73857e-06
584	5.83174e-06
585	5.71444e-06
586	5.60132e-06
587	5.82478e-06
588	6.06682e-06
589	6.03944e-06
590	6.0677e-06
591	5.90857e-06
592	6.29424e-06
593	6.26703e-06
594	6.0411e-06
595	6.09837e-06
596	5.7741e-06
597	6.53342e-06
598	6.31457e-06
599	5.91232e-06
600	5.83521e-06
601	5.72057e-06
602	6.45343e-06
603	6.32902e-06
604	5.768e-06
605	5.48837e-06
606	5.63261e-06
607	5.99974e-06
608	6.19888e-06
609	5.80664e-06
610	5.21146e-06
611	5.68298e-06
612	5.58599e-06
613	6.07371e-06
614	5.91905e-06
615	5.21874e-06
616	5.85378e-06
617	5.4019e-06
618	6.01973e-06
619	6.07398e-06
620	5.45755e-06
621	6.07033e-06
622	5.46125e-06
623	1.06744e-05
624	6.25316e-06
625	5.9433e-06
626	6.01121e-06
627	5.86204e-06
628	6.13554e-06
629	6.29669e-06
630	6.08473e-06
631	6.11378e-06
632	6.07205e-06
633	6.33345e-06
634	6.33391e-06
635	6.11475e-06
636	6.1526e-06
637	6.06808e-06
638	6.55553e-06
639	6.55732e-06
640	6.08024e-06
641	5.96877e-06
642	6.06839e-06
643	6.15786e-06
644	6.42332e-06
645	5.98132e-06
646	5.53622e-06
647	5.9046e-06
648	5.82833e-06
649	6.48452e-06
650	6.13363e-06
651	5.36292e-06
652	5.92234e-06
653	5.59236e-06
654	6.40267e-06
655	6.24242e-06
656	5.29909e-06
657	5.98049e-06
658	5.6098e-06
659	6.3894e-06
660	6.53546e-06
661	5.79428e-06
662	6.18175e-06
663	5.98494e-06
664	6.41936e-06
665	6.7398e-06
666	6.11656e-06
667	6.3318e-06
668	6.31569e-06
669	6.53534e-06
670	6.96332e-06
671	6.35386e-06
672	6.4072e-06
673	6.3156e-06
674	6.59808e-06
675	6.80866e-06
676	6.3227e-06
677	6.15098e-06
678	6.12763e-06
679	6.23146e-06
680	6.58455e-06
681	6.16903e-06
682	5.67403e-06
683	5.94158e-06
684	5.9753e-06
685	6.65161e-06
686	6.35255e-06
687	5.39487e-06
688	5.96824e-06
689	5.7697e-06
690	6.65545e-06
691	6.41088e-06
692	5.1796e-06
693	5.93939e-06
694	5.57537e-06
695	6.48604e-06
696	6.56304e-06
697	5.79287e-06
698	6.15587e-06
699	5.89611e-06
700	6.35848e-06
701	6.68009e-06
702	6.27823e-06
703	6.20477e-06
704	6.31463e-06
705	6.30153e-06
706	6.96677e-06
707	6.41466e-06
708	6.32832e-06
709	6.46436e-06
710	6.36149e-06
711	6.98271e-06
712	6.37681e-06
713	6.12199e-06
714	6.39723e-06
715	6.34794e-06
716	6.8483e-06
717	6.45877e-06
718	5.59882e-06
719	5.95764e-06
720	6.12274e-06
721	6.85421e-06
722	6.48837e-06
723	5.36156e-06
724	5.59199e-06
725	5.56372e-06
726	6.49103e-06
727	6.0485e-06
728	5.26507e-06
729	5.50716e-06
730	5.28171e-06
731	6.01489e-06
732	6.14791e-06
733	5.80004e-06
734	5.92453e-06
735	5.97023e-06
736	5.72316e-06
737	6.43832e-06
738	6.35825e-06
739	6.16894e-06
740	6.45896e-06
741	5.7746e-06
742	6.64703e-06
743	6.34084e-06
744	5.99112e-06
745	6.26459e-06
746	6.14488e-06
747	6.86947e-06
748	6.29931e-06
749	5.79635e-06
750	5.91862e-06
751	6.28187e-06
752	6.88953e-06
753	6.35912e-06
754	5.6685e-06
755	5.86668e-06
756	6.05016e-06
757	6.78617e-06
758	6.4225e-06
759	5.69535e-06
760	5.75509e-06
761	5.66029e-06
762	6.44528e-06
763	6.22821e-06
764	5.57852e-06
765	5.51121e-06
766	5.38741e-06
767	5.9453e-06
768	1.05448e-05
769	5.52075e-06
770	5.30157e-06
771	5.26165e-06
772	5.55133e-06
773	1.0515e-05
774	5.51767e-06
775	5.36886e-06
776	5.409e-06
777	5.22501e-06
778	5.78234e-06
779	5.42854e-06
780	5.65536e-06
781	5.87268e-06
782	5.47625e-06
783	6.23412e-06
784	5.55143e-06
785	5.79466e-06
786	5.88939e-06
787	5.5294e-06
788	6.44636e-06
789	5.72491e-06
790	5.43443e-06
791	5.38699e-06
792	5.50618e-06
793	6.33064e-06
794	5.77561e-06
795	5.31065e-06
796	5.06789e-06
797	5.36581e-06
798	6.01432e-06
799	5.52105e-06
800	5.09914e-06
801	4.96446e-06
802	9.70836e-06
803	5.64044e-06
804	5.34195e-06
805	9.23281e-06
806	5.06991e-06
807	9.42046e-06
808	5.3512e-06
809	5.3352e-06
810	8.83441e-06
811	5.20394e-06
812	5.0008e-06
813	5.06051e-06
814	5.31591e-06
815	8.76165e-06
816	5.19365e-06
817	5.02047e-06
818	4.92372e-06
819	9.8452e-06
820	9.04329e-06
821	5.10765e-06
822	4.8652e-06
823	9.19468e-06
824	5.17073e-06
825	8.88713e-06
826	9.40193e-06
827	4.92259e-06
828	9.29054e-06
829	5.33521e-06
830	9.20829e-06
831	9.26294e-06
832	5.19168e-06
833	9.26267e-06
834	5.62852e-06
835	5.28539e-06
836	9.1032e-06
837	5.20581e-06
838	8.95001e-06
839	5.59126e-06
840	5.44804e-06
841	8.71047e-06
842	4.97931e-06
843	4.84245e-06
844	5.55988e-06
845	5.29799e-06
846	8.45802e-06
847	4.86203e-06
848	4.57158e-06
849	5.17691e-06
850	4.88163e-06
851	8.11963e-06
852	4.7062e-06
853	8.91479e-06
854	4.74765e-06
855	4.7114e-06
856	8.26127e-06
857	9.28878e-06
858	4.82805e-06
859	4.68809e-06
860	5.02791e-06
861	4.65252e-06
862	9.22754e-06
863	4.86201e-06
864	8.61801e-06
865	5.0811e-06
866	4.71438e-06
867	9.03221e-06
868	4.86952e-06
869	8.43159e-06
870	9.68761e-06
871	4.75488e-06
872	8.60728e-06
873	4.8344e-06
874	4.47536e-06
875	5.28646e-06
876	4.88535e-06
877	8.42033e-06
878	5.04745e-06
879	4.84268e-06
880	5.40286e-06
881	5.24207e-06
882	8.95357e-06
883	5.43853e-06
884	9.67111e-06
885	5.31349e-06
886	5.34849e-06
887	9.22313e-06
888	5.42082e-06
889	5.35419e-06
890	5.25372e-06
891	5.44521e-06
892	5.08599e-06
893	9.74445e-06
894	5.73293e-06
895	5.45421e-06
896	5.2776e-06
897	4.74605e-06
898	9.49881e-06
899	5.88216e-06
900	5.6637e-06
901	5.31553e-06
902	4.71872e-06
903	5.01338e-06
904	5.73466e-06
905	5.66006e-06
906	5.37832e-06
907	4.99139e-06
908	5.31392e-06
909	5.52318e-06
910	1.01481e-05
911	5.49662e-06
912	5.27597e-06
913	5.6176e-06
914	5.51981e-06
915	5.4959e-06
916	5.5913e-06
917	5.42395e-06
918	5.7689e-06
919	5.40588e-06
920	5.4442e-06
921	5.64894e-06
922	5.37802e-06
923	5.71293e-06
924	5.36997e-06
925	5.58381e-06
926	6.01034e-06
927	5.84836e-06
928	5.90881e-06
929	5.76278e-06
930	6.11622e-06
931	6.39061e-06
932	6.18584e-06
933	6.34219e-06
934	6.14282e-06
935	6.44435e-06
936	6.55189e-06
937	6.18211e-06
938	6.3464e-06
939	6.06221e-06
940	6.82865e-06
941	6.77276e-06
942	6.05045e-06
943	6.01208e-06
944	5.80148e-06
945	6.7485e-06
946	6.80443e-06
947	6.07019e-06
948	5.5441e-06
949	5.76478e-06
950	6.38105e-06
951	6.68631e-06
952	6.2413e-06
953	5.36411e-06
954	5.9678e-06
955	5.99697e-06
956	6.61619e-06
957	6.39104e-06
958	5.46905e-06
959	6.31566e-06
960	5.6614e-06
961	6.31534e-06
962	6.32166e-06
963	5.65742e-06
964	6.31431e-06
965	5.71862e-06
966	6.05966e-06
967	6.30116e-06
968	5.89762e-06
969	5.93809e-06
970	5.87082e-06
971	6.10368e-06
972	6.39658e-06
973	6.08982e-06
974	6.11847e-06
975	6.04178e-06
976	6.55257e-06
977	6.80054e-06
978	6.2519e-06
979	6.28072e-06
980	6.22142e-06
981	6.51431e-06
982	6.85707e-06
983	6.21757e-06
984	5.92583e-06
985	6.22496e-06
986	6.13267e-06
987	6.80125e-06
988	6.31776e-06
989	5.54491e-06
990	5.99269e-06
991	5.90669e-06
992	6.70382e-06
993	6.4026e-06
994	5.17614e-06
995	5.77074e-06
996	5.71872e-06
997	6.63531e-06
998	6.59053e-06
999	5.35727e-06
1000	5.81231e-06
1001	5.60512e-06
1002	6.55427e-06
1003	6.81775e-06
1004	6.00413e-06
1005	6.12226e-06
1006	6.16209e-06
1007	6.37799e-06
1008	6.90875e-06
1009	6.31534e-06
1010	6.37945e-06
1011	6.42609e-06
1012	6.22873e-06
1013	6.80685e-06
1014	6.36839e-06
1015	6.24024e-06
1016	6.27344e-06
1017	6.12194e-06
1018	6.44416e-06
1019	6.07259e-06
1020	5.67075e-06
1021	5.79534e-06
1022	5.88532e-06
1023	6.44423e-06
1024	6.25187e-06
1025	5.21877e-06
1026	5.57537e-06
1027	5.74278e-06
1028	6.69307e-06
1029	6.45801e-06
1030	5.23434e-06
1031	5.68021e-06
1032	5.38935e-06
1033	6.46894e-06
1034	6.47668e-06
1035	5.74597e-06
1036	5.89141e-06
1037	5.80709e-06
1038	5.9891e-06
1039	6.46728e-06
1040	6.19111e-06
1041	6.0413e-06
1042	6.21697e-06
1043	5.81657e-06
1044	6.5621e-06
1045	6.21464e-06
1046	6.04617e-06
1047	6.16485e-06
1048	6.08286e-06
1049	6.6835e-06
1050	6.24891e-06
1051	5.73484e-06
1052	5.92454e-06
1053	6.20816e-06
1054	6.75863e-06
1055	6.41515e-06
1056	5.3439e-06
1057	5.6127e-06
1058	5.86671e-06
1059	6.74043e-06
1060	6.34088e-06
1061	5.34311e-06
1062	5.52681e-06
1063	5.4075e-06
1064	6.28094e-06
1065	5.92236e-06
1066	5.37544e-06
1067	5.54013e-06
1068	5.34749e-06
1069	5.55893e-06
1070	1.09237e-05
1071	5.8675e-06
1072	5.68642e-06
1073	5.81188e-06
1074	5.49965e-06
1075	6.21048e-06
1076	6.18221e-06
1077	5.88348e-06
1078	6.1899e-06
1079	5.7176e-06
1080	6.49383e-06
1081	5.99656e-06
1082	5.62957e-06
1083	5.9837e-06
1084	5.81204e-06
1085	6.67772e-06
1086	5.96221e-06
1087	5.67903e-06
1088	5.93487e-06
1089	5.96625e-06
1090	6.56134e-06
1091	5.98196e-06
1092	5.64108e-06
1093	5.73902e-06
1094	5.80404e-06
1095	6.30896e-06
1096	5.89563e-06
1097	5.46572e-06
1098	5.45044e-06
1099	5.41616e-06
1100	6.08018e-06
1101	1.05066e-05
1102	5.31944e-06
1103	5.20214e-06
1104	9.74443e-06
1105	5.68896e-06
1106	1.00222e-05
1107	5.12442e-06
1108	5.17091e-06
1109	5.23461e-06
1110	5.41011e-06
1111	1.02672e-05
1112	9.90666e-06
1113	5.46951e-06
1114	5.47535e-06
1115	5.17223e-06
1116	5.54527e-06
1117	1.02201e-05
1118	5.68163e-06
1119	5.59481e-06
1120	5.30695e-06
1121	5.70569e-06
1122	1.01679e-05
1123	5.75551e-06
1124	5.56836e-06
1125	1.00341e-05
1126	6.19513e-06
1127	1.01497e-05
1128	5.34124e-06
1129	5.23847e-06
1130	9.82816e-06
1131	6.22058e-06
1132	5.61339e-06
1133	5.12913e-06
1134	5.08029e-06
1135	5.4159e-06
1136	5.9449e-06
1137	5.47634e-06
1138	9.62333e-06
1139	5.21108e-06
1140	5.28049e-06
1141	5.65806e-06
1142	5.35568e-06
1143	9.39822e-06
1144	5.25009e-06
1145	4.90073e-06
1146	5.40319e-06
1147	5.27677e-06
1148	8.7946e-06
1149	5.09477e-06
1150	8.98168e-06
1151	5.05633e-06
1152	9.65894e-06
1153	8.26153e-06
1154	4.84975e-06
1155	8.74672e-06
1156	9.10223e-06
1157	9.29964e-06
1158	7.9755e-06
1159	9.18062e-06
1160	4.65271e-06
1161	8.94856e-06
1162	9.4759e-06
1163	8.79329e-06
1164	9.37537e-06
1165	4.90524e-06
1166	8.921e-06
1167	1.00055e-05
1168	4.81535e-06
1169	9.38189e-06
1170	5.13416e-06
1171	9.11135e-06
1172	5.43456e-06
1173	5.09405e-06
1174	9.14802e-06
1175	5.3009e-06
1176	5.0048e-06
1177	5.7307e-06
1178	5.25348e-06
1179	8.41413e-06
1180	5.09658e-06
1181	5.08873e-06
1182	5.65169e-06
1183	5.27214e-06
1184	8.5429e-06
1185	5.10448e-06
1186	5.11756e-06
1187	5.34384e-06
1188	5.01125e-06
1189	4.55924e-06
1190	4.87681e-06
1191	4.87397e-06
1192	4.8568e-06
1193	4.89323e-06
1194	4.59543e-06
1195	9.26235e-06
1196	4.87369e-06
1197	8.89933e-06
1198	5.06634e-06
1199	4.82668e-06
1200	9.09134e-06
1201	5.02651e-06
1202	4.811e-06
1203	5.15795e-06
1204	4.98369e-06
1205	9.05348e-06
1206	5.22703e-06
1207	5.04159e-06
1208	5.22682e-06
1209	5.01886e-06
1210	5.12273e-06
1211	5.43169e-06
1212	5.17123e-06
1213	5.2927e-06
1214	4.78105e-06
1215	5.12546e-06
1216	5.59654e-06
1217	5.31487e-06
1218	5.51854e-06
1219	4.96745e-06
1220	5.26718e-06
1221	5.62263e-06
1222	5.60027e-06
1223	5.87463e-06
1224	5.56734e-06
1225	5.48054e-06
1226	5.52459e-06
1227	5.99129e-06
1228	6.07389e-06
1229	5.65675e-06
1230	5.6385e-06
1231	5.6463e-06
1232	6.19532e-06
1233	6.1625e-06
1234	5.85096e-06
1235	5.98424e-06
1236	5.73709e-06
1237	6.38791e-06
1238	6.08268e-06
1239	5.82112e-06
1240	5.92107e-06
1241	5.54511e-06
1242	6.43017e-06
1243	6.1506e-06
1244	5.66237e-06
1245	5.65636e-06
1246	5.58173e-06
1247	6.27793e-06
1248	6.35361e-06
1249	5.7852e-06
1250	5.37616e-06
1251	5.62342e-06
1252	5.95313e-06
1253	6.33542e-06
1254	5.94003e-06
1255	5.22629e-06
1256	5.77409e-06
1257	5.61992e-06
1258	6.07481e-06
1259	6.01721e-06
1260	5.23803e-06
1261	5.771e-06
1262	5.32057e-06
1263	5.76695e-06
1264	6.02423e-06
1265	5.71537e-06
1266	5.92763e-06
1267	5.60788e-06
1268	5.99099e-06
1269	6.31129e-06
1270	6.14777e-06
1271	6.28045e-06
1272	6.14079e-06
1273	6.42738e-06
1274	6.64855e-06
1275	6.18631e-06
1276	6.33441e-06
1277	5.9857e-06
1278	6.59358e-06
1279	6.64609e-06
1280	6.02992e-06
1281	6.01895e-06
1282	5.87012e-06
1283	6.39795e-06
1284	6.57701e-06
1285	5.9767e-06
1286	5.48805e-06
1287	5.73802e-06
1288	6.05587e-06
1289	6.49744e-06
1290	6.06511e-06
1291	5.28666e-06
1292	5.73747e-06
1293	5.67284e-06
1294	6.48434e-06
1295	6.22177e-06
1296	5.29867e-06
1297	5.96413e-06
1298	5.41573e-06
1299	6.33092e-06
1300	6.30035e-06
1301	5.67756e-06
1302	6.02256e-06
1303	5.66194e-06
1304	6.03969e-06
1305	6.27167e-06
1306	5.88148e-06
1307	6.01247e-06
1308	5.92084e-06
1309	6.11479e-06
1310	6.33773e-06
1311	6.00134e-06
1312	5.91746e-06
1313	5.84337e-06
1314	6.27084e-06
1315	6.39842e-06
1316	6.04192e-06
1317	5.83051e-06
1318	5.9343e-06
1319	6.27495e-06
1320	6.70124e-06
1321	6.2595e-06
1322	5.63117e-06
1323	5.92814e-06
1324	5.95849e-06
1325	6.69429e-06
1326	6.28669e-06
1327	5.31228e-06
1328	5.8433e-06
1329	5.68789e-06
1330	6.58555e-06
1331	6.27166e-06
1332	5.34768e-06
1333	5.87503e-06
1334	5.48246e-06
1335	6.25233e-06
1336	6.30381e-06
1337	5.74123e-06
1338	5.90353e-06
1339	5.87839e-06
1340	6.10839e-06
1341	6.4571e-06
1342	6.06769e-06
1343	6.19776e-06
1344	6.26876e-06
1345	6.22734e-06
1346	6.65842e-06
1347	6.33095e-06
1348	6.27504e-06
1349	6.27095e-06
1350	6.20463e-06
1351	6.62131e-06
1352	6.23591e-06
1353	6.01599e-06
1354	6.09875e-06
1355	6.04159e-06
1356	6.56477e-06
1357	6.18742e-06
1358	5.43826e-06
1359	5.66461e-06
1360	5.72755e-06
1361	6.27413e-06
1362	6.03402e-06
1363	5.12904e-06
1364	5.58302e-06
1365	5.4824e-06
1366	6.2403e-06
1367	6.19945e-06
1368	5.51107e-06
1369	5.99649e-06
1370	5.73257e-06
1371	6.04483e-06
1372	6.30412e-06
1373	6.08462e-06
1374	6.21797e-06
1375	6.26276e-06
1376	5.85064e-06
1377	6.44019e-06
1378	6.39479e-06
1379	6.37715e-06
1380	6.43582e-06
1381	6.11486e-06
1382	6.7662e-06
1383	6.437e-06
1384	6.14188e-06
1385	6.1819e-06
1386	6.35022e-06
1387	6.78791e-06
1388	6.34227e-06
1389	5.70059e-06
1390	5.91906e-06
1391	6.27526e-06
1392	6.87322e-06
1393	6.5072e-06
1394	5.33055e-06
1395	5.75328e-06
1396	5.88836e-06
1397	6.69734e-06
1398	6.27494e-06
1399	5.33568e-06
1400	5.86397e-06
1401	5.48062e-06
1402	6.20236e-06
1403	6.06764e-06
1404	5.72043e-06
1405	5.99161e-06
1406	5.74787e-06
1407	5.50632e-06
1408	1.13027e-05
1409	6.24399e-06
1410	5.93129e-06
1411	6.0802e-06
1412	5.53529e-06
1413	6.36447e-06
1414	6.33967e-06
1415	6.08711e-06
1416	6.26153e-06
1417	6.07329e-06
1418	6.96511e-06
1419	6.41703e-06
1420	5.85485e-06
1421	6.13446e-06
1422	6.30982e-06
1423	6.88356e-06
1424	6.40752e-06
1425	5.73591e-06
1426	6.05887e-06
1427	6.24015e-06
1428	6.96471e-06
1429	6.43882e-06
1430	5.74497e-06
1431	5.98499e-06
1432	5.86048e-06
1433	6.63333e-06
1434	6.22342e-06
1435	5.68781e-06
1436	5.78806e-06
1437	5.57334e-06
1438	6.15425e-06
1439	5.99032e-06
1440	5.59103e-06
1441	5.75302e-06
1442	5.65267e-06
1443	5.83106e-06
1444	1.08605e-05
1445	5.91163e-06
1446	5.67445e-06
1447	5.86847e-06
1448	5.60044e-06
1449	6.24377e-06
1450	5.86476e-06
1451	5.78852e-06
1452	6.11897e-06
1453	5.64122e-06
1454	6.37543e-06
1455	5.69266e-06
1456	5.77688e-06
1457	5.88804e-06
1458	5.61575e-06
1459	6.41267e-06
1460	5.73289e-06
1461	5.7224e-06
1462	5.69428e-06
1463	5.72172e-06
1464	6.57067e-06
1465	5.96504e-06
1466	5.59698e-06
1467	5.63795e-06
1468	5.75864e-06
1469	6.39231e-06
1470	5.88814e-06
1471	5.2965e-06
1472	5.18309e-06
1473	5.33645e-06
1474	5.98411e-06
1475	5.66012e-06
1476	5.06539e-06
1477	5.04964e-06
1478	5.05495e-06
1479	5.55089e-06
1480	5.35656e-06
1481	9.04869e-06
1482	5.08875e-06
1483	4.8845e-06
1484	5.14562e-06
1485	5.21633e-06
1486	8.70747e-06
1487	5.11721e-06
1488	4.93677e-06
1489	4.97346e-06
1490	5.32954e-06
1491	8.97298e-06
1492	5.14624e-06
1493	5.09599e-06
1494	9.19017e-06
1495	9.87751e-06
1496	9.0448e-06
1497	9.30488e-06
1498	4.99269e-06
1499	9.2788e-06
1500	5.45963e-06
1501	8.97928e-06
1502	9.26397e-06
1503	4.98148e-06
1504	9.38202e-06
1505	5.54813e-06
1506	4.78819e-06
1507	9.27467e-06
1508	4.99184e-06
1509	9.23174e-06
1510	5.62459e-06
1511	5.35055e-06
1512	9.33402e-06
1513	5.12913e-06
1514	4.93878e-06
1515	5.73486e-06
1516	5.66866e-06
1517	8.94055e-06
1518	5.07603e-06
1519	4.92241e-06
1520	5.4995e-06
1521	5.28831e-06
1522	8.29608e-06
1523	4.85076e-06
1524	4.5441e-06
1525	5.00982e-06
1526	4.79163e-06
1527	8.10469e-06
1528	4.65612e-06
1529	8.82831e-06
1530	4.60971e-06
1531	4.65929e-06
1532	8.26475e-06
1533	9.1287e-06
1534	4.65134e-06
1535	4.52193e-06
1536	4.7894e-06
1537	4.46277e-06
1538	9.00579e-06
1539	4.68601e-06
1540	8.32383e-06
1541	9.39864e-06
1542	4.65119e-06
1543	8.61312e-06
1544	4.68656e-06
1545	8.20001e-06
1546	9.6226e-06
1547	4.92552e-06
1548	8.03973e-06
1549	4.81199e-06
1550	4.66104e-06
1551	5.2958e-06
1552	4.92274e-06
1553	8.14054e-06
1554	4.92526e-06
1555	4.70982e-06
1556	5.14389e-06
1557	4.96234e-06
1558	8.79383e-06
1559	5.03657e-06
1560	4.92763e-06
1561	5.04073e-06
1562	5.22464e-06
1563	4.9566e-06
1564	5.18449e-06
1565	5.20079e-06
1566	9.20498e-06
1567	5.2395e-06
1568	8.69949e-06
1569	9.01855e-06
1570	5.4534e-06
1571	5.32519e-06
1572	5.25564e-06
1573	4.62372e-06
1574	9.17956e-06
1575	5.71238e-06
1576	5.5866e-06
1577	5.32865e-06
1578	4.58936e-06
1579	4.86328e-06
1580	5.54928e-06
1581	5.52957e-06
1582	5.30992e-06
1583	4.76e-06
1584	5.1474e-06
1585	5.35288e-06
1586	5.31544e-06
1587	5.27056e-06
1588	5.20867e-06
1589	5.53842e-06
1590	5.31859e-06
1591	9.65725e-06
1592	5.38399e-06
1593	5.63764e-06
1594	5.64914e-06
1595	5.2754e-06
1596	9.95222e-06
1597	5.67227e-06
1598	5.86894e-06
1599	5.59734e-06
1600	5.47209e-06
1601	5.50664e-06
1602	5.71544e-06
1603	5.75739e-06
1604	5.55326e-06
1605	5.48315e-06
1606	5.80871e-06
1607	5.79377e-06
1608	5.81911e-06
1609	5.74231e-06
1610	5.67307e-06
1611	6.17921e-06
1612	6.03916e-06
1613	5.79586e-06
1614	5.65114e-06
1615	5.68655e-06
1616	6.05744e-06
1617	6.11903e-06
1618	5.61069e-06
1619	5.32134e-06
1620	5.49486e-06
1621	5.86354e-06
1622	6.29634e-06
1623	5.82891e-06
1624	5.01033e-06
1625	5.42797e-06
1626	5.64664e-06
1627	6.21705e-06
1628	6.00157e-06
1629	4.95148e-06
1630	5.6128e-06
1631	5.51225e-06
1632	6.12931e-06
1633	6.14399e-06
1634	5.45851e-06
1635	6.15276e-06
1636	5.67841e-06
1637	6.07024e-06
1638	6.27066e-06
1639	6.17872e-06
1640	6.41504e-06
1641	6.2362e-06
1642	6.18956e-06
1643	6.46322e-06
1644	6.37081e-06
1645	6.59902e-06
1646	6.38754e-06
1647	6.43164e-06
1648	6.52598e-06
1649	6.29784e-06
1650	6.25218e-06
1651	6.03813e-06
1652	6.38795e-06
1653	6.34304e-06
1654	5.94951e-06
1655	5.73882e-06
1656	5.7686e-06
1657	6.1352e-06
1658	6.47807e-06
1659	6.10141e-06
1660	5.56566e-06
1661	5.99993e-06
1662	5.89832e-06
1663	6.63032e-06
1664	6.30084e-06
1665	5.42636e-06
1666	6.09052e-06
1667	5.55373e-06
1668	6.37472e-06
1669	6.23317e-06
1670	5.449e-06
1671	6.14887e-06
1672	5.62438e-06
1673	6.23619e-06
1674	6.42846e-06
1675	5.88047e-06
1676	6.10123e-06
1677	5.97374e-06
1678	6.37893e-06
1679	6.73982e-06
1680	6.24301e-06
1681	6.29004e-06
1682	6.3215e-06
1683	6.70214e-06
1684	7.12177e-06
1685	6.4723e-06
1686	6.46411e-06
1687	6.45423e-06
1688	6.66426e-06
1689	7.10284e-06
1690	6.44068e-06
1691	6.17592e-06
1692	6.45913e-06
1693	6.33204e-06
1694	6.85428e-06
1695	6.36422e-06
1696	5.74106e-06
1697	6.08769e-06
1698	6.01162e-06
1699	6.54448e-06
1700	6.23793e-06
1701	5.22397e-06
1702	5.61133e-06
1703	5.59286e-06
1704	6.38082e-06
1705	6.19633e-06
1706	5.21648e-06
1707	5.78332e-06
1708	5.51357e-06
1709	6.4937e-06
1710	6.61993e-06
1711	5.90243e-06
1712	6.18415e-06
1713	6.00266e-06
1714	6.14258e-06
1715	6.71187e-06
1716	6.2987e-06
1717	6.21587e-06
1718	6.45192e-06
1719	6.00779e-06
1720	6.7727e-06
1721	6.35341e-06
1722	6.19444e-06
1723	6.36938e-06
1724	6.24066e-06
1725	6.76832e-06
1726	6.24822e-06
1727	5.83402e-06
1728	6.03093e-06
1729	6.35947e-06
1730	6.81307e-06
1731	6.38039e-06
1732	5.50746e-06
1733	5.82043e-06
1734	6.08646e-06
1735	6.96427e-06
1736	6.55855e-06
1737	5.41119e-06
1738	5.66056e-06
1739	5.62008e-06
1740	6.62935e-06
1741	6.32075e-06
1742	5.46016e-06
1743	5.5896e-06
1744	5.44081e-06
1745	6.02912e-06
1746	6.05505e-06
1747	5.6197e-06
1748	5.52529e-06
1749	5.48462e-06
1750	5.47377e-06
1751	5.86476e-06
1752	5.87269e-06
1753	5.58828e-06
1754	5.84222e-06
1755	5.5556e-06
1756	6.28242e-06
1757	5.98292e-06
1758	5.77895e-06
1759	6.14903e-06
1760	5.77149e-06
1761	6.73545e-06
1762	5.97592e-06
1763	5.74058e-06
1764	6.10565e-06
1765	5.90052e-06
1766	6.70807e-06
1767	6.12551e-06
1768	5.7774e-06
1769	5.81456e-06
1770	5.89193e-06
1771	6.50765e-06
1772	6.03696e-06
1773	5.5291e-06
1774	5.37514e-06
1775	5.47869e-06
1776	6.30804e-06
1777	5.84129e-06
1778	5.32546e-06
1779	5.06594e-06
1780	5.12847e-06
1781	5.9243e-06
1782	5.68304e-06
1783	5.13776e-06
1784	5.09967e-06
1785	5.17319e-06
1786	5.45311e-06
1787	5.69896e-06
1788	9.38332e-06
1789	5.37329e-06
1790	5.5019e-06
1791	5.10604e-06
1792	5.49533e-06
1793	9.72914e-06
1794	5.6592e-06
1795	5.4807e-06
1796	5.09227e-06
1797	5.39814e-06
1798	9.77779e-06
1799	5.54321e-06
1800	5.17191e-06
1801	9.60154e-06
1802	5.7584e-06
1803	9.77254e-06
1804	5.17176e-06
1805	4.91093e-06
1806	9.68147e-06
1807	6.10179e-06
1808	5.50162e-06
1809	5.01702e-06
1810	4.88927e-06
1811	9.54097e-06
1812	5.75476e-06
1813	5.43859e-06
1814	9.0932e-06
1815	4.96191e-06
1816	9.51623e-06
1817	5.62316e-06
1818	5.37214e-06
1819	9.07568e-06
1820	5.05108e-06
1821	9.13792e-06
1822	5.43474e-06
1823	5.19741e-06
1824	8.62275e-06
1825	4.92421e-06
1826	8.85174e-06
1827	5.13806e-06
1828	4.9564e-06
1829	8.11772e-06
1830	4.77892e-06
1831	8.65283e-06
1832	4.78682e-06
1833	9.23205e-06
1834	7.84451e-06
1835	9.07512e-06
1836	4.74598e-06
1837	8.73866e-06
1838	9.28881e-06
1839	8.60538e-06
1840	9.18017e-06
1841	5.06508e-06
1842	8.65227e-06
1843	9.82403e-06
1844	4.8101e-06
1845	8.99285e-06
1846	4.97941e-06
1847	8.58484e-06
1848	5.14377e-06
1849	4.62692e-06
1850	8.64682e-06
1851	4.95652e-06
1852	8.75531e-06
1853	5.39184e-06
1854	4.86008e-06
1855	8.20193e-06
1856	4.96877e-06
1857	4.77875e-06
1858	5.42498e-06
1859	5.07029e-06
1860	7.87739e-06
1861	4.85805e-06
1862	4.84045e-06
1863	9.35246e-06
1864	4.98151e-06
1865	8.26614e-06
1866	4.79573e-06
1867	4.83821e-06
1868	4.78737e-06
1869	4.8857e-06
1870	4.55959e-06
1871	9.19807e-06
1872	4.85121e-06
1873	4.59388e-06
1874	4.83307e-06
1875	4.64643e-06
1876	8.88363e-06
1877	4.88697e-06
1878	4.70925e-06
1879	4.87279e-06
1880	4.69048e-06
1881	8.79614e-06
1882	5.03337e-06
1883	4.93863e-06
1884	4.96285e-06
1885	4.84915e-06
1886	4.91368e-06
1887	5.07468e-06
1888	5.02437e-06
1889	5.06041e-06
1890	4.91488e-06
1891	5.16177e-06
1892	5.17858e-06
1893	9.74299e-06
1894	5.20685e-06
1895	4.97107e-06
1896	5.14798e-06
1897	5.25853e-06
1898	5.03964e-06
1899	5.51222e-06
1900	5.44212e-06
1901	5.1968e-06
1902	5.33076e-06
1903	5.54563e-06
1904	5.89383e-06
1905	5.62354e-06
1906	5.29933e-06
1907	5.48785e-06
1908	5.94569e-06
1909	6.10018e-06
1910	5.5397e-06
1911	5.55968e-06
1912	5.57992e-06
1913	6.22586e-06
1914	6.16008e-06
1915	5.67782e-06
1916	5.8346e-06
1917	5.60367e-06
1918	6.35787e-06
1919	6.11359e-06
1920	5.70292e-06
1921	5.74919e-06
1922	5.65095e-06
1923	6.32532e-06
1924	6.26169e-06
1925	5.84923e-06
1926	5.60677e-06
1927	5.76497e-06
1928	6.23868e-06
1929	6.45232e-06
1930	6.19237e-06
1931	5.61159e-06
1932	6.09695e-06
1933	5.94973e-06
1934	6.26658e-06
1935	6.32649e-06
1936	5.60898e-06
1937	6.24348e-06
1938	5.74495e-06
1939	6.02962e-06
1940	6.19383e-06
1941	5.78781e-06
1942	6.25342e-06
1943	5.68473e-06
1944	5.87746e-06
1945	6.17916e-06
1946	6.02704e-06
1947	6.11299e-06
1948	5.87952e-06
1949	6.22499e-06
1950	6.52242e-06
1951	6.22734e-06
1952	6.45826e-06
1953	6.32717e-06
1954	6.66024e-06
1955	6.96159e-06
1956	6.32229e-06
1957	6.5011e-06
1958	6.23382e-06
1959	6.71335e-06
1960	6.94184e-06
1961	6.27774e-06
1962	6.14838e-06
1963	6.13257e-06
1964	6.51573e-06
1965	6.95984e-06
1966	6.30463e-06
1967	5.6686e-06
1968	6.08252e-06
1969	6.14515e-06
1970	6.80776e-06
1971	6.32555e-06
1972	5.29059e-06
1973	5.96752e-06
1974	5.89758e-06
1975	6.64882e-06
1976	6.43874e-06
1977	5.15473e-06
1978	5.92229e-06
1979	5.62892e-06
1980	6.55112e-06
1981	6.5985e-06
1982	5.61849e-06
1983	6.03923e-06
1984	5.78422e-06
1985	6.3163e-06
1986	6.62744e-06
1987	6.1494e-06
1988	6.10497e-06
1989	6.12354e-06
1990	6.13523e-06
1991	6.65666e-06
1992	6.21624e-06
1993	6.19186e-06
1994	6.14789e-06
1995	6.02706e-06
1996	6.47361e-06
1997	6.15563e-06
1998	5.99613e-06
1999	6.1909e-06
2000	6.20666e-06
2001	6.67798e-06
2002	6.36359e-06
2003	5.57386e-06
2004	5.97067e-06
2005	6.057e-06
2006	6.86004e-06
2007	6.57509e-06
2008	9.29046e-06
2009	5.65227e-06
2010	5.74679e-06
2011	6.8649e-06
2012	6.49078e-06
2013	5.43056e-06
2014	5.66837e-06
2015	5.48663e-06
2016	6.58745e-06
2017	6.65567e-06
2018	5.8982e-06
2019	5.86456e-06
2020	5.90538e-06
2021	6.03001e-06
2022	6.6196e-06
2023	6.24281e-06
2024	6.06857e-06
2025	6.35663e-06
2026	5.90732e-06
2027	6.71283e-06
2028	6.27233e-06
2029	6.03221e-06
2030	6.3229e-06
2031	6.00441e-06
2032	6.66669e-06
2033	6.18438e-06
2034	5.80747e-06
2035	6.00686e-06
2036	6.04379e-06
2037	6.56721e-06
2038	6.09552e-06
2039	5.60102e-06
2040	5.63599e-06
2041	5.58841e-06
2042	6.30207e-06
2043	5.93313e-06
2044	5.3814e-06
2045	5.35973e-06
2046	5.27505e-06
2047	6.11487e-06
2048	5.9326e-06
2049	5.42964e-06
2050	5.35601e-06
2051	5.28833e-06
2052	5.96212e-06
2053	6.04783e-06
2054	5.46878e-06
2055	5.27995e-06
2056	5.43812e-06
2057	5.50004e-06
2058	1.04122e-05
2059	5.63926e-06
2060	5.4925e-06
2061	5.7346e-06
2062	5.44869e-06
2063	6.13043e-06
2064	5.57342e-06
2065	5.73489e-06
2066	5.95822e-06
2067	5.52275e-06
2068	6.34386e-06
2069	5.59698e-06
2070	5.68786e-06
2071	5.75083e-06
2072	5.604e-06
2073	6.45501e-06
2074	5.85767e-06
2075	5.48483e-06
2076	5.40726e-06
2077	5.56053e-06
2078	6.27307e-06
2079	5.82969e-06
2080	5.22217e-06
2081	9.5318e-06
2082	5.34291e-06
2083	5.86958e-06
2084	1.00657e-05
2085	5.11707e-06
2086	4.99913e-06
2087	9.61471e-06
2088	5.54109e-06
2089	1.00094e-05
2090	9.38645e-06
2091	5.0253e-06
2092	9.41864e-06
2093	5.156e-06
2094	9.82982e-06
2095	9.05096e-06
2096	5.14101e-06
2097	4.86854e-06
2098	4.9984e-06
2099	9.94663e-06
2100	9.08292e-06
2101	5.25659e-06
2102	5.10163e-06
2103	9.21784e-06
2104	9.86163e-06
2105	9.10427e-06
2106	9.61069e-06
2107	5.16449e-06
2108	5.11344e-06
2109	5.50613e-06
2110	9.23991e-06
2111	5.11578e-06
2112	5.22848e-06
2113	5.08052e-06
2114	5.67213e-06
2115	9.53466e-06
2116	9.29805e-06
2117	5.16465e-06
2118	9.37946e-06
2119	5.6642e-06
2120	5.32698e-06
2121	9.25025e-06
2122	5.17088e-06
2123	9.21449e-06
2124	5.66086e-06
2125	5.56123e-06
2126	8.89316e-06
2127	5.04127e-06
2128	4.85714e-06
2129	5.49738e-06
2130	5.35545e-06
2131	8.47668e-06
2132	4.85298e-06
2133	4.54879e-06
2134	5.08866e-06
2135	4.81119e-06
2136	8.15522e-06
2137	4.71605e-06
2138	8.96385e-06
2139	4.70442e-06
2140	4.71344e-06
2141	8.43567e-06
2142	4.82241e-06
2143	4.80735e-06
2144	4.72213e-06
2145	5.02433e-06
2146	4.61421e-06
2147	4.86381e-06
2148	4.92853e-06
2149	4.71931e-06
2150	5.0007e-06
2151	4.66585e-06
2152	8.96063e-06
2153	4.7762e-06
2154	8.22414e-06
2155	9.51481e-06
2156	4.77173e-06
2157	8.53242e-06
2158	4.88746e-06
2159	4.70314e-06
2160	5.35967e-06
2161	4.87363e-06
2162	8.31625e-06
2163	5.08114e-06
2164	4.95113e-06
2165	5.38816e-06
2166	5.13363e-06
2167	8.78728e-06
2168	5.27382e-06
2169	5.08964e-06
2170	5.2562e-06
2171	5.39091e-06
2172	5.05227e-06
2173	5.41753e-06
2174	5.29759e-06
2175	5.24329e-06
2176	5.50863e-06
2177	5.21242e-06
2178	9.67108e-06
2179	5.55599e-06
2180	5.42964e-06
2181	5.40857e-06
2182	5.00599e-06
2183	5.0338e-06
2184	5.8391e-06
2185	5.68823e-06
2186	5.34591e-06
2187	4.75284e-06
2188	4.92522e-06
2189	5.78165e-06
2190	5.65715e-06
2191	5.39876e-06
2192	4.86524e-06
2193	5.19876e-06
2194	5.68503e-06
2195	5.58991e-06
2196	5.55588e-06
2197	5.31125e-06
2198	5.81589e-06
2199	5.63162e-06
2200	5.49592e-06
2201	5.61351e-06
2202	5.4915e-06
2203	6.0248e-06
2204	5.61272e-06
2205	5.64613e-06
2206	5.85692e-06
2207	5.61564e-06
2208	6.05905e-06
2209	5.61418e-06
2210	5.95914e-06
2211	6.3452e-06
2212	5.81214e-06
2213	5.9165e-06
2214	5.68063e-06
2215	6.41056e-06
2216	6.60632e-06
2217	5.96669e-06
2218	6.09349e-06
2219	5.96096e-06
2220	6.72337e-06
2221	6.77797e-06
2222	6.05493e-06
2223	6.30423e-06
2224	6.02849e-06
2225	6.77756e-06
2226	6.74133e-06
2227	5.95304e-06
2228	6.03612e-06
2229	5.90216e-06
2230	6.47895e-06
2231	6.54812e-06
2232	5.8884e-06
2233	5.60246e-06
2234	5.74174e-06
2235	5.88325e-06
2236	6.13738e-06
2237	5.7711e-06
2238	5.20263e-06
2239	5.6246e-06
2240	5.48012e-06
2241	6.13425e-06
2242	6.0231e-06
2243	5.2655e-06
2244	6.0023e-06
2245	5.48929e-06
2246	6.26844e-06
2247	6.32592e-06
2248	5.48795e-06
2249	6.09178e-06
2250	5.62853e-06
2251	6.16289e-06
2252	6.45623e-06
2253	5.89101e-06
2254	6.03498e-06
2255	6.04065e-06
2256	6.43711e-06
2257	6.74977e-06
2258	6.17188e-06
2259	6.27335e-06
2260	6.15077e-06
2261	6.66253e-06
2262	6.82875e-06
2263	6.24282e-06
2264	6.22156e-06
2265	6.20443e-06
2266	6.52215e-06
2267	6.84683e-06
2268	6.33108e-06
2269	5.97811e-06
2270	6.27918e-06
2271	6.17466e-06
2272	6.85293e-06
2273	6.51496e-06
2274	5.5383e-06
2275	5.98723e-06
2276	5.81692e-06
2277	6.65868e-06
2278	6.43378e-06
2279	5.21212e-06
2280	5.72818e-06
2281	5.45276e-06
2282	6.3317e-06
2283	6.32547e-06
2284	5.42414e-06
2285	5.57825e-06
2286	5.46626e-06
2287	6.00266e-06
2288	6.30953e-06
2289	5.95667e-06
2290	5.94893e-06
2291	6.10286e-06
2292	6.16259e-06
2293	6.71985e-06
2294	6.35032e-06
2295	6.35222e-06
2296	6.40797e-06
2297	6.10573e-06
2298	6.70653e-06
2299	6.25813e-06
2300	6.01591e-06
2301	6.18089e-06
2302	6.1133e-06
2303	6.70411e-06
2304	6.28551e-06
2305	5.50273e-06
2306	5.74605e-06
2307	5.97811e-06
2308	6.67834e-06
2309	6.35473e-06
2310	5.06594e-06
2311	5.48144e-06
2312	5.65941e-06
2313	6.5544e-06
2314	6.29842e-06
2315	5.23624e-06
2316	5.69863e-06
2317	5.42517e-06
2318	6.24327e-06
2319	6.38394e-06
2320	5.9129e-06
2321	6.03958e-06
2322	6.05552e-06
2323	5.7322e-06
2324	6.44795e-06
2325	6.24709e-06
2326	6.09173e-06
2327	6.28084e-06
2328	5.73184e-06
2329	6.52674e-06
2330	6.19422e-06
2331	5.96125e-06
2332	5.97418e-06
2333	5.95355e-06
2334	6.32169e-06
2335	6.0035e-06
2336	5.51573e-06
2337	5.61312e-06
2338	6.07001e-06
2339	6.5606e-06
2340	6.27643e-06
2341	5.42152e-06
2342	5.65926e-06
2343	5.86376e-06
2344	6.80713e-06
2345	6.35894e-06
2346	5.36551e-06
2347	5.63514e-06
2348	5.43821e-06
2349	6.19559e-06
2350	1.08911e-05
2351	5.5402e-06
2352	5.71731e-06
2353	5.60036e-06
2354	5.71242e-06
2355	6.06108e-06
2356	5.94932e-06
2357	5.80579e-06
2358	5.96203e-06
2359	5.63372e-06
2360	6.25631e-06
2361	6.11138e-06
2362	5.77068e-06
2363	6.09753e-06
2364	5.84961e-06
2365	6.51782e-06
2366	6.01656e-06
2367	5.76492e-06
2368	6.11054e-06
2369	5.88581e-06
2370	6.65023e-06
2371	5.96015e-06
2372	5.71607e-06
2373	6.07402e-06
2374	5.92583e-06
2375	6.37025e-06
2376	5.91369e-06
2377	5.74844e-06
2378	5.82978e-06
2379	5.7154e-06
2380	6.11164e-06
2381	5.7036e-06
2382	5.50595e-06
2383	5.36738e-06
2384	5.2505e-06
2385	5.92945e-06
2386	1.06476e-05
2387	5.38466e-06
2388	5.22021e-06
2389	5.16276e-06
2390	5.79795e-06
2391	1.05085e-05
2392	5.28868e-06
2393	5.35432e-06
2394	5.42233e-06
2395	5.44301e-06
2396	1.04229e-05
2397	1.00244e-05
2398	5.6332e-06
2399	5.80992e-06
2400	5.49029e-06
2401	5.87305e-06
2402	1.03979e-05
2403	5.92294e-06
2404	5.87096e-06
2405	5.55196e-06
2406	6.01693e-06
2407	1.02613e-05
2408	5.68824e-06
2409	5.50932e-06
2410	5.3847e-06
2411	6.32116e-06
2412	5.47673e-06
2413	5.27634e-06
2414	5.1927e-06
2415	5.38951e-06
2416	6.30069e-06
2417	5.81713e-06
2418	5.22701e-06
2419	5.15578e-06
2420	5.39704e-06
2421	5.74284e-06
2422	5.6086e-06
2423	9.5426e-06
2424	5.35484e-06
2425	5.28835e-06
2426	5.49474e-06
2427	5.39419e-06
2428	9.44166e-06
2429	5.3133e-06
2430	9.40519e-06
2431	5.21301e-06
2432	4.99041e-06
2433	8.94541e-06
2434	5.08574e-06
2435	9.14629e-06
2436	5.05603e-06
2437	4.9378e-06
2438	8.49151e-06
2439	4.99013e-06
2440	4.73351e-06
2441	4.95194e-06
2442	9.51404e-06
2443	8.18927e-06
2444	9.17747e-06
2445	4.81384e-06
2446	9.01939e-06
2447	9.43145e-06
2448	8.83564e-06
2449	9.34919e-06
2450	5.06551e-06
2451	9.01637e-06
2452	5.11827e-06
2453	4.89966e-06
2454	9.11243e-06
2455	5.01257e-06
2456	8.95811e-06
2457	5.34838e-06
2458	4.8767e-06
2459	8.65743e-06
2460	4.99297e-06
2461	4.91625e-06
2462	5.65243e-06
2463	5.1721e-06
2464	8.30546e-06
2465	5.07205e-06
2466	5.09697e-06
2467	5.53558e-06
2468	5.15037e-06
2469	8.33329e-06
2470	5.01129e-06
2471	4.99309e-06
2472	5.10938e-06
2473	4.90978e-06
2474	8.45397e-06
2475	9.21653e-06
2476	4.73846e-06
2477	8.76993e-06
2478	4.78772e-06
2479	4.4702e-06
2480	9.09793e-06
2481	4.68749e-06
2482	8.74299e-06
2483	4.84237e-06
2484	4.54806e-06
2485	8.93351e-06
2486	4.99306e-06
2487	4.77991e-06
2488	5.04931e-06
2489	4.84863e-06
2490	4.92239e-06
2491	5.36118e-06
2492	5.19515e-06
2493	5.12738e-06
2494	4.86371e-06
2495	5.12241e-06
2496	5.57147e-06
2497	5.38888e-06
2498	5.42342e-06
2499	4.94365e-06
2500	5.23381e-06
2501	5.70207e-06
2502	5.47406e-06
2503	5.65618e-06
2504	5.16826e-06
2505	5.32209e-06
2506	5.56288e-06
2507	5.66932e-06
2508	5.98704e-06
2509	5.61352e-06
2510	5.46215e-06
2511	5.54234e-06
2512	6.01813e-06
2513	6.15916e-06
2514	5.81695e-06
2515	5.94579e-06
2516	5.77941e-06
2517	6.1318e-06
2518	6.10645e-06
2519	5.87528e-06
2520	6.08335e-06
2521	5.70433e-06
2522	6.30281e-06
2523	6.00889e-06
2524	5.80394e-06
2525	5.81909e-06
2526	5.38833e-06
2527	6.10584e-06
2528	5.86904e-06
2529	5.41318e-06
2530	5.30284e-06
2531	5.28746e-06
2532	5.8235e-06
2533	5.95407e-06
2534	5.59372e-06
2535	5.13092e-06
2536	5.48987e-06
2537	5.67789e-06
2538	6.19049e-06
2539	5.89804e-06
2540	5.18725e-06
2541	5.71952e-06
2542	5.4247e-06
2543	6.02779e-06
2544	6.0059e-06
2545	5.31565e-06
2546	5.85316e-06
2547	5.34963e-06
2548	5.98294e-06
2549	6.14452e-06
2550	5.81426e-06
2551	5.95468e-06
2552	5.70162e-06
2553	6.13306e-06
2554	6.31867e-06
2555	6.05116e-06
2556	6.18307e-06
2557	6.02305e-06
2558	6.4722e-06
2559	6.55744e-06
2560	6.07173e-06
2561	6.21717e-06
2562	5.92736e-06
2563	6.56684e-06
2564	6.59447e-06
2565	5.95851e-06
2566	5.84857e-06
2567	5.83822e-06
2568	6.20432e-06
2569	6.47533e-06
2570	5.98128e-06
2571	5.48523e-06
2572	5.71716e-06
2573	5.77157e-06
2574	6.21849e-06
2575	5.85567e-06
2576	5.16349e-06
2577	5.53489e-06
2578	5.2853e-06
2579	5.95464e-06
2580	5.87799e-06
2581	5.22239e-06
2582	5.73394e-06
2583	5.31734e-06
2584	6.05522e-06
2585	6.20408e-06
2586	5.80014e-06
2587	6.03041e-06
2588	5.8766e-06
2589	6.10899e-06
2590	6.38623e-06
2591	5.92727e-06
2592	6.12365e-06
2593	6.07591e-06
2594	6.40686e-06
2595	6.65269e-06
2596	6.14465e-06
2597	6.11003e-06
2598	6.08397e-06
2599	6.47712e-06
2600	6.57083e-06
2601	6.06894e-06
2602	5.77187e-06
2603	5.91561e-06
2604	6.27178e-06
2605	6.62693e-06
2606	6.20957e-06
2607	5.57062e-06
2608	5.93303e-06
2609	6.00338e-06
2610	6.68964e-06
2611	6.35952e-06
2612	5.39452e-06
2613	5.94085e-06
2614	5.59887e-06
2615	6.42488e-06
2616	6.26098e-06
2617	5.50655e-06
2618	5.99164e-06
2619	5.55914e-06
2620	6.03266e-06
2621	6.1771e-06
2622	5.90985e-06
2623	5.95856e-06
2624	5.98595e-06
2625	5.87945e-06
2626	6.20589e-06
2627	6.17722e-06
2628	6.13278e-06
2629	6.19067e-06
2630	6.17582e-06
2631	6.45665e-06
2632	6.39679e-06
2633	6.30912e-06
2634	6.35382e-06
2635	6.36258e-06
2636	6.79711e-06
2637	6.34923e-06
2638	5.9966e-06
2639	6.1748e-06
2640	6.12981e-06
2641	6.84962e-06
2642	6.42768e-06
2643	5.54789e-06
2644	5.91003e-06
2645	5.94265e-06
2646	6.70383e-06
2647	6.35915e-06
2648	5.26982e-06
2649	5.81048e-06
2650	5.62362e-06
2651	6.40289e-06
2652	6.3452e-06
2653	5.63725e-06
2654	5.97684e-06
2655	5.80748e-06
2656	6.11665e-06
2657	6.41479e-06
2658	6.15484e-06
2659	6.29808e-06
2660	6.35983e-06
2661	6.02696e-06
2662	6.6547e-06
2663	6.44439e-06
2664	6.4463e-06
2665	6.46363e-06
2666	6.13149e-06
2667	6.80053e-06
2668	6.47176e-06
2669	6.20912e-06
2670	6.20085e-06
2671	6.18721e-06
2672	6.61653e-06
2673	6.24302e-06
2674	5.62074e-06
2675	5.7108e-06
2676	5.96995e-06
2677	6.52366e-06
2678	6.25649e-06
2679	5.30484e-06
2680	5.65218e-06
2681	5.75897e-06
2682	6.68564e-06
2683	6.38534e-06
2684	5.49799e-06
2685	6.09117e-06
2686	5.64917e-06
2687	6.37431e-06
2688	6.3741e-06
2689	5.99244e-06
2690	6.33642e-06
2691	6.13659e-06
2692	5.94359e-06
2693	6.53042e-06
2694	6.4943e-06
2695	6.32067e-06
2696	6.46019e-06
2697	5.9374e-06
2698	6.72316e-06
2699	6.44825e-06
2700	6.16515e-06
2701	6.33339e-06
2702	6.26015e-06
2703	6.9499e-06
2704	6.40803e-06
2705	5.83789e-06
2706	6.09405e-06
2707	6.43975e-06
2708	6.96864e-06
2709	6.48255e-06
2710	5.60262e-06
2711	5.99202e-06
2712	6.13309e-06
2713	6.91835e-06
2714	6.44841e-06
2715	5.55992e-06
2716	5.82201e-06
2717	5.71637e-06
2718	6.51792e-06
2719	6.08813e-06
2720	5.47173e-06
2721	5.44762e-06
2722	5.24635e-06
2723	5.83937e-06
2724	1.06126e-05
2725	5.3771e-06
2726	5.27207e-06
2727	5.22108e-06
2728	5.55386e-06
2729	5.845e-06
2730	5.66942e-06
2731	5.49846e-06
2732	5.81986e-06
2733	5.50483e-06
2734	6.1393e-06
2735	5.73829e-06
2736	5.70764e-06
2737	6.18401e-06
2738	5.58072e-06
2739	6.35682e-06
2740	5.67373e-06
2741	5.80072e-06
2742	5.98432e-06
2743	5.73335e-06
2744	6.58988e-06
2745	5.85971e-06
2746	5.62175e-06
2747	5.54191e-06
2748	5.73851e-06
2749	6.52242e-06
2750	5.92857e-06
2751	5.39256e-06
2752	5.228e-06
2753	5.59719e-06
2754	6.3126e-06
2755	5.82369e-06
2756	5.28258e-06
2757	5.06829e-06
2758	5.27504e-06
2759	5.87422e-06
2760	1.01706e-05
2761	5.07053e-06
2762	5.03123e-06
2763	9.44696e-06
2764	5.43565e-06
2765	5.39567e-06
2766	9.01856e-06
2767	5.22629e-06
2768	4.97958e-06
2769	4.98909e-06
2770	5.09998e-06
2771	8.97318e-06
2772	5.18397e-06
2773	4.83005e-06
2774	4.82521e-06
2775	9.9514e-06
2776	9.34778e-06
2777	5.28526e-06
2778	5.02231e-06
2779	5.03876e-06
2780	5.58531e-06
2781	9.46861e-06
2782	5.27166e-06
2783	5.18127e-06
2784	9.36593e-06
2785	5.69285e-06
2786	9.13584e-06
2787	9.1314e-06
2788	5.02977e-06
2789	9.2926e-06
2790	5.74081e-06
2791	5.22543e-06
2792	9.20655e-06
2793	5.0756e-06
2794	9.32879e-06
2795	5.71663e-06
2796	5.48574e-06
2797	9.23445e-06
2798	5.06503e-06
2799	4.86101e-06
2800	5.64967e-06
2801	5.50626e-06
2802	8.83023e-06
2803	5.02347e-06
2804	4.7837e-06
2805	5.44047e-06
2806	5.30342e-06
2807	8.30285e-06
2808	4.83909e-06
2809	8.58566e-06
2810	9.12428e-06
2811	9.26017e-06
2812	7.86227e-06
2813	9.07386e-06
2814	8.75627e-06
2815	8.89691e-06
2816	4.6942e-06
2817	8.21033e-06
2818	9.13451e-06
2819	4.643e-06
2820	8.62158e-06
2821	9.39964e-06
2822	4.40594e-06
2823	9.0867e-06
2824	4.68087e-06
2825	8.33861e-06
2826	9.75189e-06
2827	4.86237e-06
2828	8.77461e-06
2829	4.86404e-06
2830	8.47485e-06
2831	5.23022e-06
2832	4.86159e-06
2833	7.79409e-06
2834	4.89617e-06
2835	8.63958e-06
2836	5.36803e-06
2837	4.9307e-06
2838	7.91193e-06
2839	5.07383e-06
2840	5.03647e-06
2841	5.34934e-06
2842	5.11602e-06
2843	4.51304e-06
2844	5.0682e-06
2845	5.18137e-06
2846	5.08347e-06
2847	5.1096e-06
2848	4.61742e-06
2849	9.47961e-06
2850	5.22116e-06
2851	9.12016e-06
2852	5.06006e-06
2853	4.53037e-06
2854	8.80988e-06
2855	5.28759e-06
2856	5.17127e-06
2857	5.10554e-06
2858	4.56978e-06
2859	8.70738e-06
2860	5.39415e-06
2861	5.30521e-06
2862	5.06189e-06
2863	4.76585e-06
2864	4.80853e-06
2865	5.15457e-06
2866	5.08041e-06
2867	9.49538e-06
2868	4.8769e-06
2869	5.08675e-06
2870	5.0297e-06
2871	9.6892e-06
2872	5.08655e-06
2873	5.0695e-06
2874	5.3364e-06
2875	5.18985e-06
2876	5.05995e-06
2877	5.41138e-06
2878	5.6126e-06
2879	5.5407e-06
2880	5.30027e-06
2881	5.4639e-06
2882	5.77925e-06
2883	5.71709e-06
2884	5.34844e-06
2885	5.39049e-06
2886	5.79057e-06
2887	6.00747e-06
2888	5.67346e-06
2889	5.44456e-06
2890	5.5507e-06
2891	6.08196e-06
2892	6.06986e-06
2893	5.76991e-06
2894	5.69795e-06
2895	5.68699e-06
2896	6.23129e-06
2897	6.01682e-06
2898	5.72829e-06
2899	5.7263e-06
2900	5.76961e-06
2901	6.06698e-06
2902	6.13782e-06
2903	5.67384e-06
2904	5.50401e-06
2905	5.64231e-06
2906	5.85771e-06
2907	6.35393e-06
2908	5.92828e-06
2909	5.15515e-06
2910	5.56161e-06
2911	5.74039e-06
2912	6.37227e-06
2913	6.18205e-06
2914	9.21475e-06
2915	5.5398e-06
2916	5.44872e-06
2917	5.95219e-06
2918	5.97898e-06
2919	5.27344e-06
2920	5.85229e-06
2921	5.46057e-06
2922	5.92718e-06
2923	6.22905e-06
2924	6.02321e-06
2925	6.36521e-06
2926	6.07225e-06
2927	6.18678e-06
2928	6.54279e-06
2929	6.37625e-06
2930	6.62869e-06
2931	6.4159e-06
2932	6.34995e-06
2933	6.71323e-06
2934	6.5424e-06
2935	6.75939e-06
2936	6.40918e-06
2937	6.69019e-06
2938	6.87681e-06
2939	6.48922e-06
2940	6.39449e-06
2941	6.21001e-06
2942	6.56035e-06
2943	6.97834e-06
2944	6.43495e-06
2945	5.8823e-06
2946	6.21797e-06
2947	6.24868e-06
2948	6.93368e-06
2949	6.53801e-06
2950	5.49162e-06
2951	6.16291e-06
2952	5.95987e-06
2953	6.71169e-06
2954	6.54249e-06
2955	5.23922e-06
2956	6.02059e-06
2957	5.65915e-06
2958	6.4817e-06
2959	6.52334e-06
2960	5.55631e-06
2961	6.00452e-06
2962	5.69134e-06
2963	6.2222e-06
2964	6.45557e-06
2965	6.07178e-06
2966	5.94904e-06
2967	5.98832e-06
2968	6.07318e-06
2969	6.61933e-06
2970	6.22235e-06
2971	6.23601e-06
2972	6.38408e-06
2973	6.19456e-06
2974	6.8745e-06
2975	6.36037e-06
2976	6.21147e-06
2977	6.50979e-06
2978	6.30091e-06
2979	6.71211e-06
2980	6.25136e-06
2981	5.62669e-06
2982	6.05411e-06
2983	6.15363e-06
2984	6.84526e-06
2985	6.45197e-06
2986	5.30788e-06
2987	5.66581e-06
2988	5.83521e-06
2989	6.86533e-06
2990	6.38317e-06
2991	5.25573e-06
2992	5.50411e-06
2993	5.50719e-06
2994	6.54996e-06
2995	6.39e-06
2996	5.46514e-06
2997	5.68037e-06
2998	5.64655e-06
2999	5.97843e-06
3000	6.38697e-06
3001	5.9636e-06
3002	5.91794e-06
3003	6.15368e-06
3004	5.58866e-06
3005	6.30101e-06
3006	6.10942e-06
3007	5.84221e-06
3008	6.1844e-06
3009	5.73045e-06
3010	6.42607e-06
3011	5.97975e-06
3012	5.79429e-06
3013	5.92937e-06
3014	5.82265e-06
3015	6.44297e-06
3016	5.93246e-06
3017	5.63983e-06
3018	5.70635e-06
3019	5.85799e-06
3020	6.50423e-06
3021	6.17363e-06
3022	5.61805e-06
3023	5.67796e-06
3024	5.75655e-06
3025	6.53439e-06
3026	6.24678e-06
3027	5.49705e-06
3028	5.28251e-06
3029	9.83637e-06
3030	6.25777e-06
3031	5.95564e-06
3032	5.32625e-06
3033	5.09311e-06
3034	5.14225e-06
3035	5.89048e-06
3036	5.80805e-06
3037	5.20399e-06
3038	5.27301e-06
3039	5.38373e-06
3040	5.37923e-06
3041	5.68059e-06
3042	1.00191e-05
3043	5.72527e-06
3044	5.91589e-06
3045	5.43063e-06
3046	5.76129e-06
3047	5.47344e-06
3048	5.96539e-06
3049	6.01654e-06
3050	5.46138e-06
3051	6.13091e-06
3052	1.00653e-05
3053	5.58827e-06
3054	5.39965e-06
3055	9.87903e-06
3056	6.43934e-06
3057	5.7537e-06
3058	5.28694e-06
3059	4.87928e-06
3060	5.35881e-06
3061	6.12718e-06
3062	5.53045e-06
3063	5.10729e-06
3064	9.56154e-06
3065	5.06962e-06
3066	5.54634e-06
3067	5.09938e-06
3068	9.43882e-06
3069	5.161e-06
3070	5.0082e-06
3071	5.32187e-06
3072	5.2644e-06
3073	9.07783e-06
3074	5.24772e-06
3075	9.09118e-06
3076	9.56487e-06
3077	9.615e-06
3078	8.37458e-06
3079	4.9429e-06
3080	8.74463e-06
3081	4.97075e-06
3082	9.59033e-06
3083	8.23905e-06
3084	9.21854e-06
3085	4.46025e-06
3086	8.98797e-06
3087	9.65418e-06
3088	8.39489e-06
3089	9.06266e-06
3090	4.68491e-06
3091	9.04491e-06
3092	5.06203e-06
3093	8.95075e-06
3094	9.09804e-06
3095	5.16007e-06
3096	9.08406e-06
3097	5.35925e-06
3098	4.90879e-06
3099	8.87811e-06
3100	5.22805e-06
3101	8.69e-06
3102	5.40692e-06
3103	5.01353e-06
3104	8.42272e-06
3105	5.01473e-06
3106	8.79854e-06
3107	5.38647e-06
3108	5.10906e-06
3109	8.3174e-06
3110	4.79704e-06
3111	4.60741e-06
3112	5.21032e-06
3113	4.82568e-06
3114	8.27193e-06
3115	4.80617e-06
3116	4.50938e-06
3117	9.33166e-06
3118	4.71755e-06
3119	8.33504e-06
3120	4.71584e-06
3121	4.64247e-06
3122	8.8268e-06
3123	4.95977e-06
3124	4.54973e-06
3125	9.02615e-06
3126	4.8093e-06
3127	8.671e-06
3128	5.21423e-06
3129	4.82397e-06
3130	9.1247e-06
3131	5.10234e-06
3132	4.87759e-06
3133	5.19596e-06
3134	4.76663e-06
3135	9.14713e-06
3136	5.26331e-06
3137	4.93652e-06
3138	5.1653e-06
3139	4.78271e-06
3140	4.87817e-06
3141	5.33869e-06
3142	5.15292e-06
3143	5.44114e-06
3144	5.2613e-06
3145	5.18521e-06
3146	5.37355e-06
3147	5.42124e-06
3148	5.60867e-06
3149	5.64e-06
3150	5.33273e-06
3151	5.49342e-06
3152	5.48374e-06
3153	5.681e-06
3154	5.55038e-06
3155	5.24507e-06
3156	5.36528e-06
3157	5.77258e-06
3158	5.8264e-06
3159	5.45123e-06
3160	5.08258e-06
3161	5.08433e-06
3162	5.96083e-06
3163	5.75131e-06
3164	5.32652e-06
3165	5.12685e-06
3166	5.17766e-06
3167	5.96278e-06
3168	5.78457e-06
3169	5.43819e-06
3170	5.37043e-06
3171	5.48266e-06
3172	5.74027e-06
3173	5.685e-06
3174	5.45545e-06
3175	5.41867e-06
3176	5.65594e-06
3177	5.55847e-06
3178	5.72364e-06
3179	5.66059e-06
3180	5.38829e-06
3181	5.69142e-06
3182	5.48678e-06
3183	5.88346e-06
3184	5.88028e-06
3185	5.18854e-06
3186	5.66034e-06
3187	5.54901e-06
3188	6.07355e-06
3189	6.23145e-06
3190	5.28819e-06
3191	5.86812e-06
3192	5.63629e-06
3193	6.29845e-06
3194	6.54442e-06
3195	5.84833e-06
3196	6.32964e-06
3197	5.93434e-06
3198	6.36136e-06
3199	6.58752e-06
3200	6.28501e-06
3201	6.54286e-06
3202	6.38242e-06
3203	6.40524e-06
3204	6.551e-06
3205	6.34602e-06
3206	6.554e-06
3207	6.21047e-06
3208	6.46032e-06
3209	6.45277e-06
3210	6.12701e-06
3211	6.13667e-06
3212	5.89419e-06
3213	6.38302e-06
3214	6.57408e-06
3215	6.07602e-06
3216	5.72719e-06
3217	5.93205e-06
3218	6.26884e-06
3219	6.92247e-06
3220	6.43702e-06
3221	5.37674e-06
3222	6.02636e-06
3223	5.87867e-06
3224	6.69434e-06
3225	6.3561e-06
3226	9.20334e-06
3227	6.03273e-06
3228	5.69183e-06
3229	6.39346e-06
3230	6.30706e-06
3231	5.36431e-06
3232	5.97074e-06
3233	5.64495e-06
3234	6.34781e-06
3235	6.54554e-06
3236	5.91574e-06
3237	6.07404e-06
3238	6.06241e-06
3239	6.45119e-06
3240	6.85108e-06
3241	6.24477e-06
3242	6.33512e-06
3243	6.33279e-06
3244	6.43026e-06
3245	6.96147e-06
3246	6.27157e-06
3247	6.2522e-06
3248	6.38259e-06
3249	6.20672e-06
3250	6.66548e-06
3251	6.17448e-06
3252	5.87999e-06
3253	6.11124e-06
3254	6.00351e-06
3255	6.47815e-06
3256	6.13901e-06
3257	5.2388e-06
3258	5.53341e-06
3259	5.61858e-06
3260	6.33351e-06
3261	6.12738e-06
3262	5.01075e-06
3263	5.48305e-06
3264	5.4306e-06
3265	6.46074e-06
3266	6.44686e-06
3267	5.5237e-06
3268	5.8857e-06
3269	5.67435e-06
3270	6.17332e-06
3271	6.56751e-06
3272	6.11723e-06
3273	6.0862e-06
3274	6.27135e-06
3275	5.89674e-06
3276	6.69228e-06
3277	6.35658e-06
3278	6.18567e-06
3279	6.35328e-06
3280	6.09301e-06
3281	6.80291e-06
3282	6.29928e-06
3283	5.97036e-06
3284	6.12916e-06
3285	6.34283e-06
3286	6.77008e-06
3287	6.34495e-06
3288	5.64475e-06
3289	5.88912e-06
3290	6.18793e-06
3291	6.93723e-06
3292	6.56277e-06
3293	5.52804e-06
3294	5.78827e-06
3295	5.73636e-06
3296	6.75285e-06
3297	6.40272e-06
3298	5.52391e-06
3299	5.63608e-06
3300	5.4307e-06
3301	6.16587e-06
3302	6.05236e-06
3303	5.51136e-06
3304	5.48743e-06
3305	5.32358e-06
3306	5.51919e-06
3307	5.77169e-06
3308	5.70652e-06
3309	5.41936e-06
3310	5.58415e-06
3311	5.40363e-06
3312	5.99831e-06
3313	5.87232e-06
3314	5.6789e-06
3315	6.02203e-06
3316	5.63152e-06
3317	6.5325e-06
3318	5.8304e-06
3319	5.7206e-06
3320	6.08959e-06
3321	5.65159e-06
3322	6.59074e-06
3323	5.92592e-06
3324	5.72367e-06
3325	5.79888e-06
3326	5.82017e-06
3327	6.43058e-06
3328	5.94714e-06
3329	5.46819e-06
3330	5.36175e-06
3331	5.5204e-06
3332	6.2564e-06
3333	5.7678e-06
3334	5.2839e-06
3335	5.05983e-06
3336	5.16e-06
3337	5.95264e-06
3338	1.01928e-05
3339	5.1121e-06
3340	4.97147e-06
3341	9.42235e-06
3342	5.54066e-06
3343	9.99276e-06
3344	9.15627e-06
3345	5.13801e-06
3346	5.28721e-06
3347	5.08879e-06
3348	9.95787e-06
3349	9.47147e-06
3350	5.4349e-06
3351	5.30837e-06
3352	5.01543e-06
3353	1.00374e-05
3354	9.66898e-06
3355	5.44496e-06
3356	5.14581e-06
3357	5.02067e-06
3358	5.57641e-06
3359	9.73275e-06
3360	5.35807e-06
3361	5.16504e-06
3362	5.12502e-06
3363	5.97882e-06
3364	9.74613e-06
3365	5.03276e-06
3366	5.1002e-06
3367	9.50396e-06
3368	5.79915e-06
3369	5.37956e-06
3370	9.10313e-06
3371	4.98272e-06
3372	9.57201e-06
3373	5.63578e-06
3374	5.34699e-06
3375	9.30263e-06
3376	5.18137e-06
3377	4.92965e-06
3378	5.59692e-06
3379	5.34451e-06
3380	9.0189e-06
3381	5.1312e-06
3382	4.68024e-06
3383	5.37191e-06
3384	5.16369e-06
3385	8.54594e-06
3386	4.92656e-06
3387	4.54563e-06
3388	5.00832e-06
3389	4.84584e-06
3390	8.04711e-06
3391	4.78947e-06
3392	4.7014e-06
3393	4.79982e-06
3394	9.36492e-06
3395	8.34924e-06
3396	9.36082e-06
3397	4.99431e-06
3398	8.85133e-06
3399	9.71844e-06
3400	4.81243e-06
3401	9.37546e-06
3402	4.90852e-06
3403	8.57666e-06
3404	9.99425e-06
3405	4.74296e-06
3406	8.95485e-06
3407	4.85936e-06
3408	8.68715e-06
3409	1.01535e-05
3410	4.79815e-06
3411	8.42601e-06
3412	4.98805e-06
3413	4.8453e-06
3414	5.62321e-06
3415	5.13201e-06
3416	8.09697e-06
3417	5.05033e-06
3418	4.92628e-06
3419	9.60267e-06
3420	5.12619e-06
3421	8.3488e-06
3422	4.97194e-06
3423	4.99945e-06
3424	9.35606e-06
3425	5.14545e-06
3426	4.65377e-06
3427	9.49101e-06
3428	5.13132e-06
3429	4.87316e-06
3430	5.05918e-06
3431	4.71778e-06
3432	9.18686e-06
3433	5.15502e-06
3434	4.94745e-06
3435	5.07781e-06
3436	4.75188e-06
3437	9.02896e-06
3438	5.39818e-06
3439	5.28951e-06
3440	5.19571e-06
3441	4.95895e-06
3442	5.06552e-06
3443	5.39823e-06
3444	5.41176e-06
3445	5.31549e-06
3446	5.09842e-06
3447	5.35402e-06
3448	5.5053e-06
3449	5.37618e-06
3450	5.41528e-06
3451	5.06493e-06
3452	5.43239e-06
3453	5.46653e-06
3454	5.27113e-06
3455	5.4688e-06
3456	5.07404e-06
3457	5.38759e-06
3458	5.39487e-06
3459	5.72326e-06
3460	6.02686e-06
3461	5.48842e-06
3462	5.66386e-06
3463	5.48508e-06
3464	6.14106e-06
3465	6.30037e-06
3466	5.66955e-06
3467	5.73705e-06
3468	5.69889e-06
3469	6.30509e-06
3470	6.40818e-06
3471	5.9408e-06
3472	6.18423e-06
3473	5.92527e-06
3474	6.58847e-06
3475	6.40541e-06
3476	5.98428e-06
3477	6.1848e-06
3478	5.91587e-06
3479	6.67896e-06
3480	6.51296e-06
3481	5.85323e-06
3482	5.83657e-06
3483	5.80162e-06
3484	6.45082e-06
3485	6.61243e-06
3486	6.05799e-06
3487	5.51696e-06
3488	5.89817e-06
3489	6.04119e-06
3490	6.448e-06
3491	6.21621e-06
3492	5.29668e-06
3493	5.94198e-06
3494	5.66125e-06
3495	6.21376e-06
3496	6.1653e-06
3497	5.47381e-06
3498	6.03832e-06
3499	5.43426e-06
3500	5.84656e-06
3501	6.02893e-06
3502	5.747e-06
3503	5.87058e-06
3504	5.67704e-06
3505	5.96231e-06
3506	6.23346e-06
3507	6.02191e-06
3508	6.20893e-06
3509	6.13048e-06
3510	6.44168e-06
3511	6.74845e-06
3512	6.22681e-06
3513	6.3585e-06
3514	6.13053e-06
3515	6.50334e-06
3516	6.72917e-06
3517	6.1431e-06
3518	6.02585e-06
3519	6.02623e-06
3520	6.33638e-06
3521	6.76851e-06
3522	6.18059e-06
3523	5.62942e-06
3524	5.96565e-06
3525	5.98302e-06
3526	6.67887e-06
3527	6.28595e-06
3528	5.3103e-06
3529	5.89518e-06
3530	5.77449e-06
3531	6.60001e-06
3532	6.44514e-06
3533	5.3021e-06
3534	5.97128e-06
3535	5.60203e-06
3536	6.52117e-06
3537	6.65369e-06
3538	5.76453e-06
3539	6.05923e-06
3540	5.89182e-06
3541	6.35047e-06
3542	6.74499e-06
3543	6.1518e-06
3544	6.23724e-06
3545	6.20438e-06
3546	6.31172e-06
3547	6.66833e-06
3548	6.29542e-06
3549	6.24385e-06
3550	6.10841e-06
3551	6.15713e-06
3552	6.50678e-06
3553	6.15813e-06
3554	5.92814e-06
3555	6.05138e-06
3556	6.11191e-06
3557	6.69191e-06
3558	6.39475e-06
3559	5.54635e-06
3560	5.93166e-06
3561	5.95429e-06
3562	6.72739e-06
3563	6.42442e-06
3564	9.08596e-06
3565	5.65306e-06
3566	5.56802e-06
3567	6.53075e-06
3568	6.33135e-06
3569	5.40638e-06
3570	5.77295e-06
3571	5.44765e-06
3572	6.27086e-06
3573	6.44023e-06
3574	6.01258e-06
3575	5.95032e-06
3576	6.01948e-06
3577	5.99262e-06
3578	6.61736e-06
3579	6.25587e-06
3580	6.13601e-06
3581	6.3253e-06
3582	6.01103e-06
3583	6.79306e-06
3584	6.2842e-06
3585	6.07382e-06
3586	6.23472e-06
3587	6.12119e-06
3588	6.62736e-06
3589	6.20904e-06
3590	5.60163e-06
3591	5.83995e-06
3592	6.05224e-06
3593	6.61801e-06
3594	6.28193e-06
3595	5.26033e-06
3596	5.44635e-06
3597	5.60062e-06
3598	6.3803e-06
3599	5.977e-06
3600	5.19489e-06
3601	5.40797e-06
3602	5.23433e-06
3603	5.9551e-06
3604	5.9696e-06
3605	5.69899e-06
3606	5.88193e-06
3607	5.91304e-06
3608	5.62271e-06
3609	6.23991e-06
3610	6.29277e-06
3611	6.13824e-06
3612	6.3683e-06
3613	5.63598e-06
3614	6.44242e-06
3615	6.30829e-06
3616	5.96939e-06
3617	6.18657e-06
3618	5.96716e-06
3619	6.59151e-06
3620	6.0951e-06
3621	5.64124e-06
3622	5.81895e-06
3623	6.12974e-06
3624	6.59969e-06
3625	6.08794e-06
3626	5.59232e-06
3627	5.87059e-06
3628	5.97771e-06
3629	6.56188e-06
3630	6.12424e-06
3631	5.66495e-06
3632	5.91636e-06
3633	5.74813e-06
3634	6.33516e-06
3635	6.07492e-06
3636	5.57985e-06
3637	5.70421e-06
3638	5.52377e-06
3639	5.90797e-06
3640	1.06516e-05
3641	5.54649e-06
3642	5.45001e-06
3643	5.37277e-06
3644	5.64581e-06
3645	1.07322e-05
3646	5.62704e-06
3647	5.35883e-06
3648	5.4062e-06
3649	5.42624e-06
3650	5.88202e-06
3651	5.54822e-06
3652	5.66356e-06
3653	5.94538e-06
3654	5.58477e-06
3655	6.29816e-06
3656	5.63837e-06
3657	5.91622e-06
3658	6.14218e-06
3659	5.64528e-06
3660	6.46403e-06
3661	5.69649e-06
3662	5.65892e-06
3663	5.75854e-06
3664	5.64015e-06
3665	6.4563e-06
3666	5.84899e-06
3667	5.48007e-06
3668	5.36393e-06
3669	5.56928e-06
3670	6.21975e-06
3671	5.68883e-06
3672	5.29656e-06
3673	5.19839e-06
3674	5.30144e-06
3675	5.82109e-06
3676	5.57735e-06
3677	9.57634e-06
3678	5.22293e-06
3679	5.17499e-06
3680	5.43991e-06
3681	5.49175e-06
3682	9.15648e-06
3683	5.35983e-06
3684	5.11625e-06
3685	9.60535e-06
3686	5.27425e-06
3687	8.72376e-06
3688	5.24081e-06
3689	4.9243e-06
3690	9.39585e-06
3691	5.19265e-06
3692	8.92278e-06
3693	5.0807e-06
3694	4.74704e-06
3695	9.31321e-06
3696	5.15052e-06
3697	8.95783e-06
3698	4.87289e-06
3699	4.80397e-06
3700	4.83442e-06
3701	5.22908e-06
3702	9.23307e-06
3703	9.38722e-06
3704	5.28134e-06
3705	9.41802e-06
3706	5.50794e-06
3707	5.07462e-06
3708	8.96542e-06
3709	5.27786e-06
3710	9.01824e-06
3711	5.60184e-06
3712	5.35137e-06
3713	8.73134e-06
3714	5.03367e-06
3715	5.01107e-06
3716	5.7467e-06
3717	5.47032e-06
3718	8.62354e-06
3719	4.92733e-06
3720	5.01757e-06
3721	5.49836e-06
3722	5.10485e-06
3723	8.45481e-06
3724	4.86946e-06
3725	4.75272e-06
3726	5.0087e-06
3727	4.80952e-06
3728	4.5452e-06
3729	9.18252e-06
3730	9.06932e-06
3731	8.87623e-06
3732	4.90776e-06
3733	4.6257e-06
3734	9.00969e-06
3735	9.1525e-06
3736	8.72346e-06
3737	5.17283e-06
3738	4.71589e-06
3739	9.02524e-06
3740	4.8896e-06
3741	4.66575e-06
3742	4.97457e-06
3743	4.41705e-06
3744	8.81027e-06
3745	4.93786e-06
3746	4.49487e-06
3747	4.8945e-06
3748	4.40354e-06
3749	8.87823e-06
3750	5.19044e-06
3751	4.90549e-06
3752	5.24713e-06
3753	5.20576e-06
3754	4.86145e-06
3755	5.30013e-06
3756	5.31607e-06
3757	5.38086e-06
3758	5.44762e-06
3759	5.03257e-06
3760	5.4155e-06
3761	5.38947e-06
3762	5.51924e-06
3763	5.56917e-06
3764	5.42621e-06
3765	5.38143e-06
3766	5.90493e-06
3767	5.74808e-06
3768	5.52013e-06
3769	5.3999e-06
3770	5.20817e-06
3771	6.28635e-06
3772	6.02132e-06
3773	5.47467e-06
3774	5.1952e-06
3775	5.27415e-06
3776	6.38481e-06
3777	6.18477e-06
3778	5.67673e-06
3779	5.10339e-06
3780	5.43974e-06
3781	6.03547e-06
3782	5.9551e-06
3783	5.61139e-06
3784	5.16697e-06
3785	5.57564e-06
3786	5.54765e-06
3787	5.51887e-06
3788	5.45143e-06
3789	5.33356e-06
3790	5.7208e-06
3791	5.2231e-06
3792	5.27746e-06
3793	5.495e-06
3794	5.46768e-06
3795	5.73237e-06
3796	5.22325e-06
3797	5.51202e-06
3798	5.89173e-06
3799	5.89997e-06
3800	5.85116e-06
3801	5.72605e-06
3802	6.09112e-06
3803	6.41779e-06
3804	6.06263e-06
3805	6.08496e-06
3806	5.77337e-06
3807	6.38581e-06
3808	6.43969e-06
3809	5.9711e-06
3810	5.97205e-06
3811	5.74232e-06
3812	6.60939e-06
3813	6.38406e-06
3814	5.80267e-06
3815	5.63718e-06
3816	5.65161e-06
3817	6.19298e-06
3818	6.19911e-06
3819	5.75121e-06
3820	5.31758e-06
3821	5.61155e-06
3822	5.80306e-06
3823	6.17592e-06
3824	5.91638e-06
3825	5.27675e-06
3826	5.76786e-06
3827	5.48172e-06
3828	6.14288e-06
3829	6.03528e-06
3830	5.37021e-06
3831	5.84259e-06
3832	5.25028e-06
3833	6.08105e-06
3834	6.16055e-06
3835	5.81328e-06
3836	5.95208e-06
3837	5.62251e-06
3838	6.00882e-06
3839	6.12726e-06
3840	5.97e-06
3841	6.00744e-06
3842	5.91032e-06
3843	6.19337e-06
3844	6.19789e-06
3845	5.99186e-06
3846	5.98261e-06
3847	5.89604e-06
3848	6.4732e-06
3849	6.42994e-06
3850	5.99772e-06
3851	5.75835e-06
3852	5.92235e-06
3853	6.30689e-06
3854	6.49682e-06
3855	6.01725e-06
3856	5.43261e-06
3857	5.73598e-06
3858	5.93606e-06
3859	6.45229e-06
3860	6.05776e-06
3861	5.34539e-06
3862	5.7347e-06
3863	5.59186e-06
3864	6.38917e-06
3865	6.12634e-06
3866	5.41735e-06
3867	5.85539e-06
3868	5.42638e-06
3869	6.08635e-06
3870	6.07483e-06
3871	5.90592e-06
3872	6.0533e-06
3873	5.97881e-06
3874	6.15043e-06
3875	6.34783e-06
3876	6.1127e-06
3877	6.35211e-06
3878	6.19549e-06
3879	6.27103e-06
3880	6.45489e-06
3881	6.14905e-06
3882	6.17812e-06
3883	6.16552e-06
3884	6.41667e-06
3885	6.55348e-06
3886	6.14486e-06
3887	5.85052e-06
3888	5.8895e-06
3889	6.22662e-06
3890	6.48212e-06
3891	6.07635e-06
3892	5.45772e-06
3893	5.62919e-06
3894	5.88522e-06
3895	6.45348e-06
3896	6.15072e-06
3897	5.39681e-06
3898	5.87251e-06
3899	5.58022e-06
3900	6.4224e-06
3901	6.21958e-06
3902	5.65016e-06
3903	6.12769e-06
3904	5.63078e-06
3905	6.06135e-06
3906	6.19863e-06
3907	6.07173e-06
3908	6.22498e-06
3909	6.11997e-06
3910	6.17524e-06
3911	6.46516e-06
3912	6.20114e-06
3913	6.26266e-06
3914	6.19484e-06
3915	6.37255e-06
3916	6.63327e-06
3917	6.2513e-06
3918	6.06118e-06
3919	6.05496e-06
3920	6.51271e-06
3921	6.83701e-06
3922	6.35008e-06
3923	5.89472e-06
3924	6.01376e-06
3925	6.29757e-06
3926	7.03557e-06
3927	6.60628e-06
3928	5.50714e-06
3929	5.87843e-06
3930	5.87755e-06
3931	6.67372e-06
3932	6.32526e-06
3933	5.34416e-06
3934	5.85504e-06
3935	5.45448e-06
3936	6.12087e-06
3937	6.04452e-06
3938	5.50481e-06
3939	5.86063e-06
3940	5.48779e-06
3941	5.7231e-06
3942	6.02747e-06
3943	6.08742e-06
3944	6.11853e-06
3945	6.16732e-06
3946	6.05864e-06
3947	6.65399e-06
3948	6.51353e-06
3949	6.53178e-06
3950	6.51962e-06
3951	6.29581e-06
3952	6.98536e-06
3953	6.49031e-06
3954	6.24319e-06
3955	6.37299e-06
3956	6.42429e-06
3957	6.95996e-06
3958	6.42124e-06
3959	5.81337e-06
3960	6.02775e-06
3961	6.30809e-06
3962	6.90659e-06
3963	6.46431e-06
3964	5.221e-06
3965	5.63513e-06
3966	5.96695e-06
3967	6.74295e-06
3968	6.33117e-06
3969	5.16964e-06
3970	5.71853e-06
3971	5.55008e-06
3972	6.53375e-06
3973	6.4204e-06
3974	5.63033e-06
3975	6.10067e-06
3976	5.89721e-06
3977	5.94284e-06
3978	6.40641e-06
3979	6.319e-06
3980	6.28619e-06
3981	6.47423e-06
3982	5.70642e-06
3983	6.47094e-06
3984	6.3587e-06
3985	6.17625e-06
3986	6.23947e-06
3987	5.89007e-06
3988	6.48061e-06
3989	6.16866e-06
3990	5.75895e-06
3991	5.83026e-06
3992	6.15638e-06
3993	6.53565e-06
3994	6.20041e-06
3995	5.51325e-06
3996	5.76408e-06
3997	6.06125e-06
3998	6.85429e-06
3999	6.43484e-06
4000	5.39328e-06
4001	5.70105e-06
4002	5.58308e-06
4003	6.55315e-06
4004	6.17457e-06
4005	5.46609e-06
4006	5.65994e-06
4007	5.47726e-06
4008	6.03565e-06
4009	6.00303e-06
4010	5.59857e-06
4011	5.64341e-06
4012	5.57488e-06
4013	5.60033e-06
4014	6.03938e-06
4015	5.90134e-06
4016	5.63527e-06
4017	5.84566e-06
4018	5.61577e-06
4019	6.27991e-06
4020	5.9273e-06
4021	5.6559e-06
4022	5.99221e-06
4023	5.70166e-06
4024	6.66661e-06
4025	5.93404e-06
4026	5.70743e-06
4027	6.08551e-06
4028	5.79506e-06
4029	6.61894e-06
4030	5.98689e-06
4031	5.77543e-06
4032	5.78668e-06
4033	5.80611e-06
4034	6.32469e-06
4035	5.85633e-06
4036	5.50745e-06
4037	5.3379e-06
4038	5.37386e-06
4039	6.10665e-06
4040	5.65868e-06
4041	5.38821e-06
4042	5.15765e-06
4043	5.16896e-06
4044	5.98805e-06
4045	5.72081e-06
4046	5.30482e-06
4047	5.24381e-06
4048	5.24407e-06
4049	5.64502e-06
4050	5.82445e-06
4051	9.51788e-06
4052	5.36063e-06
4053	5.46796e-06
4054	5.31337e-06
4055	5.73097e-06
4056	9.93708e-06
4057	5.69714e-06
4058	5.57769e-06
4059	5.33039e-06
4060	5.74052e-06
4061	1.0021e-05
4062	5.74247e-06
4063	5.49875e-06
4064	5.30707e-06
4065	6.05116e-06
4066	9.95538e-06
4067	5.39422e-06
4068	5.19153e-06
4069	5.25154e-06
4070	6.22906e-06
4071	5.56365e-06
4072	5.14855e-06
4073	5.01216e-06
4074	9.69262e-06
4075	5.89453e-06
4076	5.62302e-06
4077	9.39435e-06
4078	4.98156e-06
4079	9.6088e-06
4080	5.57774e-06
4081	5.3345e-06
4082	9.2908e-06
4083	5.10378e-06
4084	9.1423e-06
4085	5.35572e-06
4086	5.03645e-06
4087	8.92626e-06
4088	5.03793e-06
4089	8.86039e-06
4090	5.14691e-06
4091	9.77028e-06
4092	8.41632e-06
4093	4.97854e-06
4094	4.56142e-06
4095	9.36711e-06
4096	9.52485e-06
4097	8.02063e-06
4098	9.13451e-06
4099	4.67525e-06
4100	8.68747e-06
4101	9.35027e-06
4102	8.54662e-06
4103	9.16555e-06
4104	5.02914e-06
4105	8.93959e-06
4106	5.17431e-06
4107	4.83468e-06
4108	9.22381e-06
4109	5.17854e-06
4110	8.9247e-06
4111	5.43911e-06
4112	4.85914e-06
4113	8.84133e-06
4114	5.12645e-06
4115	8.94323e-06
4116	5.58358e-06
4117	5.0555e-06
4118	8.29374e-06
4119	4.98361e-06
4120	4.85316e-06
4121	5.49754e-06
4122	5.21089e-06
4123	8.05021e-06
4124	4.88671e-06
4125	4.82884e-06
4126	5.15143e-06
4127	5.02874e-06
4128	8.35724e-06
4129	4.80512e-06
4130	4.71908e-06
4131	9.17299e-06
4132	4.90063e-06
4133	4.54188e-06
4134	4.83522e-06
4135	4.78094e-06
4136	4.63413e-06
4137	4.86927e-06
4138	4.60441e-06
4139	9.21063e-06
4140	4.88615e-06
4141	4.72049e-06
4142	4.99288e-06
4143	4.78229e-06
4144	9.07028e-06
4145	5.06562e-06
4146	4.90809e-06
4147	4.98884e-06
4148	4.8048e-06
4149	9.21532e-06
4150	5.1333e-06
4151	5.01191e-06
4152	5.04797e-06
4153	4.88676e-06
4154	5.18517e-06
4155	5.22048e-06
4156	9.69408e-06
4157	5.30631e-06
4158	5.04967e-06
4159	5.20542e-06
4160	5.36119e-06
4161	5.34227e-06
4162	5.7102e-06
4163	5.5207e-06
4164	5.2657e-06
4165	5.44374e-06
4166	5.7861e-06
4167	6.12215e-06
4168	5.67709e-06
4169	5.29081e-06
4170	5.50111e-06
4171	6.13015e-06
4172	6.3032e-06
4173	5.66946e-06
4174	5.58452e-06
4175	5.56373e-06
4176	6.19447e-06
4177	6.08403e-06
4178	5.62359e-06
4179	5.69219e-06
4180	5.44225e-06
4181	6.02395e-06
4182	5.7121e-06
4183	5.51846e-06
4184	5.46818e-06
4185	5.32029e-06
4186	5.86706e-06
4187	5.76068e-06
4188	5.57817e-06
4189	5.446e-06
4190	5.58911e-06
4191	5.90316e-06
4192	6.20709e-06
4193	6.01834e-06
4194	5.44819e-06
4195	5.89559e-06
4196	5.74819e-06
4197	6.11698e-06
4198	6.13399e-06
4199	5.36286e-06
4200	5.98759e-06
4201	5.68067e-06
4202	6.11716e-06
4203	6.18902e-06
4204	5.58161e-06
4205	6.16897e-06
4206	5.68591e-06
4207	6.10282e-06
4208	6.32072e-06
4209	5.89182e-06
4210	6.19001e-06
4211	5.8943e-06
4212	6.37727e-06
4213	6.59322e-06
4214	6.07369e-06
4215	6.40248e-06
4216	6.24951e-06
4217	6.53065e-06
4218	6.81184e-06
4219	6.18876e-06
4220	6.44978e-06
4221	6.21726e-06
4222	6.61138e-06
4223	6.7957e-06
4224	6.18077e-06
4225	6.11665e-06
4226	6.06404e-06
4227	6.36752e-06
4228	6.73032e-06
4229	6.10467e-06
4230	5.55722e-06
4231	5.858e-06
4232	5.89466e-06
4233	6.44538e-06
4234	6.05417e-06
4235	5.21076e-06
4236	5.80755e-06
4237	5.77233e-06
4238	6.52175e-06
4239	6.37826e-06
4240	5.18334e-06
4241	5.95855e-06
4242	5.68093e-06
4243	6.55089e-06
4244	6.56421e-06
4245	5.6262e-06
4246	6.05683e-06
4247	5.80837e-06
4248	6.36419e-06
4249	6.63564e-06
4250	6.15996e-06
4251	6.17745e-06
4252	6.21478e-06
4253	6.29756e-06
4254	6.89037e-06
4255	6.32439e-06
4256	6.32442e-06
4257	6.39383e-06
4258	6.2764e-06
4259	6.79048e-06
4260	6.28457e-06
4261	6.09773e-06
4262	6.34211e-06
4263	6.30365e-06
4264	6.76149e-06
4265	6.40178e-06
4266	5.62677e-06
4267	6.02009e-06
4268	6.08965e-06
4269	6.83449e-06
4270	6.5749e-06
4271	5.27565e-06
4272	5.66131e-06
4273	5.69284e-06
4274	6.74797e-06
4275	6.39368e-06
4276	5.3165e-06
4277	5.58992e-06
4278	5.34286e-06
4279	6.22011e-06
4280	6.27386e-06
4281	5.76137e-06
4282	5.76293e-06
4283	5.77388e-06
4284	5.76322e-06
4285	6.36927e-06
4286	6.31611e-06
4287	6.1526e-06
4288	6.42984e-06
4289	5.88938e-06
4290	6.76479e-06
4291	6.43836e-06
4292	6.13477e-06
4293	6.39794e-06
4294	6.06795e-06
4295	6.77362e-06
4296	6.26711e-06
4297	5.87827e-06
4298	6.06727e-06
4299	6.22291e-06
4300	6.81259e-06
4301	6.31177e-06
4302	5.66409e-06
4303	5.83975e-06
4304	5.96833e-06
4305	6.75998e-06
4306	6.35838e-06
4307	5.55325e-06
4308	5.60337e-06
4309	5.61844e-06
4310	6.54777e-06
4311	6.27797e-06
4312	5.56461e-06
4313	5.43964e-06
4314	5.3511e-06
4315	6.13386e-06
4316	6.12203e-06
4317	5.533e-06
4318	5.34831e-06
4319	5.45493e-06
4320	5.6084e-06
4321	1.05443e-05
4322	5.71487e-06
4323	5.5281e-06
4324	5.71671e-06
4325	5.34794e-06
4326	5.92107e-06
4327	5.59259e-06
4328	5.72022e-06
4329	5.84966e-06
4330	5.35488e-06
4331	6.03936e-06
4332	5.4954e-06
4333	5.74378e-06
4334	5.71275e-06
4335	5.52175e-06
4336	6.41445e-06
4337	5.80134e-06
4338	5.57977e-06
4339	5.51714e-06
4340	5.59271e-06
4341	6.31802e-06
4342	5.82249e-06
4343	5.23788e-06
4344	9.71981e-06
4345	5.46301e-06
4346	6.06106e-06
4347	1.02797e-05
4348	5.19174e-06
4349	5.06889e-06
4350	5.15816e-06
4351	5.73588e-06
4352	5.41461e-06
4353	9.45906e-06
4354	5.10614e-06
4355	5.00138e-06
4356	5.35702e-06
4357	5.27793e-06
4358	9.04262e-06
4359	5.25914e-06
4360	5.01496e-06
4361	5.11644e-06
4362	5.39421e-06
4363	9.08826e-06
4364	5.3345e-06
4365	5.16251e-06
4366	9.34217e-06
4367	9.92719e-06
4368	9.19226e-06
4369	5.25065e-06
4370	5.14582e-06
4371	5.07088e-06
4372	5.44065e-06
4373	9.28962e-06
4374	5.16106e-06
4375	5.14561e-06
4376	4.9412e-06
4377	5.52584e-06
4378	9.39264e-06
4379	9.47776e-06
4380	5.10623e-06
4381	9.44631e-06
4382	5.61723e-06
4383	5.17633e-06
4384	9.54302e-06
4385	5.32004e-06
4386	4.97068e-06
4387	5.71332e-06
4388	5.61412e-06
4389	9.11083e-06
4390	5.15618e-06
4391	9.2265e-06
4392	5.57081e-06
4393	5.43235e-06
4394	8.70899e-06
4395	4.9473e-06
4396	4.74225e-06
4397	5.36453e-06
4398	5.05208e-06
4399	8.31931e-06
4400	4.77853e-06
4401	8.934e-06
4402	4.82647e-06
4403	9.45322e-06
4404	8.34731e-06
4405	9.3591e-06
4406	4.71626e-06
4407	4.68174e-06
4408	4.94658e-06
4409	4.59882e-06
4410	9.38007e-06
4411	4.88939e-06
4412	8.89038e-06
4413	5.11431e-06
4414	4.76349e-06
4415	9.14601e-06
4416	4.88684e-06
4417	8.59e-06
4418	9.72396e-06
4419	4.87115e-06
4420	8.79601e-06
4421	4.88742e-06
4422	4.64553e-06
4423	5.29382e-06
4424	4.94092e-06
4425	8.3613e-06
4426	4.95791e-06
4427	4.67587e-06
4428	5.23949e-06
4429	5.05894e-06
4430	8.63452e-06
4431	5.14205e-06
4432	4.89649e-06
4433	5.14367e-06
4434	5.3684e-06
4435	4.92712e-06
4436	5.36174e-06
4437	5.23582e-06
4438	5.19745e-06
4439	5.40301e-06
4440	5.09998e-06
4441	9.66347e-06
4442	5.58383e-06
4443	5.42085e-06
4444	5.40588e-06
4445	5.05516e-06
4446	5.13257e-06
4447	5.96752e-06
4448	5.80313e-06
4449	5.45863e-06
4450	4.84556e-06
4451	5.11283e-06
4452	6.12202e-06
4453	5.97958e-06
4454	5.5802e-06
4455	4.90125e-06
4456	5.32793e-06
4457	5.96048e-06
4458	5.81298e-06
4459	5.62511e-06
4460	5.18259e-06
4461	5.6677e-06
4462	5.60324e-06
4463	5.45089e-06
4464	5.53199e-06
4465	5.44196e-06
4466	5.9746e-06
4467	5.50977e-06
4468	9.94234e-06
4469	5.66443e-06
4470	5.5903e-06
4471	5.97885e-06
4472	5.47598e-06
4473	1.04125e-05
4474	5.97476e-06
4475	5.81629e-06
4476	5.69522e-06
4477	5.61584e-06
4478	6.20373e-06
4479	6.41306e-06
4480	6.05563e-06
4481	6.12886e-06
4482	5.99493e-06
4483	6.74828e-06
4484	6.75203e-06
4485	6.04455e-06
4486	6.13531e-06
4487	5.89023e-06
4488	6.7952e-06
4489	6.65491e-06
4490	5.85209e-06
4491	5.76519e-06
4492	5.74937e-06
4493	6.43002e-06
4494	6.56342e-06
4495	5.89716e-06
4496	5.44314e-06
4497	5.8019e-06
4498	5.9611e-06
4499	6.33924e-06
4500	5.96494e-06
4501	5.2682e-06
4502	5.80929e-06
4503	5.58838e-06
4504	6.30084e-06
4505	6.15464e-06
4506	5.33197e-06
4507	6.06273e-06
4508	5.49232e-06
4509	6.26427e-06
4510	6.39916e-06
4511	5.74045e-06
4512	6.11065e-06
4513	5.76449e-06
4514	6.16944e-06
4515	6.45945e-06
4516	5.94392e-06
4517	6.12665e-06
4518	6.04417e-06
4519	6.3268e-06
4520	6.58384e-06
4521	6.16395e-06
4522	6.16801e-06
4523	6.00313e-06
4524	6.41208e-06
4525	6.45865e-06
4526	6.0946e-06
4527	5.99101e-06
4528	5.99702e-06
4529	6.22225e-06
4530	6.61375e-06
4531	6.23378e-06
4532	5.82082e-06
4533	6.17137e-06
4534	6.01027e-06
4535	6.72687e-06
4536	6.36548e-06
4537	5.41446e-06
4538	5.94793e-06
4539	5.68565e-06
4540	6.6369e-06
4541	6.41079e-06
4542	5.32154e-06
4543	5.8929e-06
4544	5.54042e-06
4545	6.49188e-06
4546	6.57959e-06
4547	5.68649e-06
4548	5.84192e-06
4549	5.79094e-06
4550	6.3964e-06
4551	6.7288e-06
4552	6.05981e-06
4553	6.13016e-06
4554	6.20546e-06
4555	6.4851e-06
4556	6.89382e-06
4557	6.36431e-06
4558	6.36738e-06
4559	6.37309e-06
4560	6.38005e-06
4561	6.83507e-06
4562	6.35133e-06
4563	6.13401e-06
4564	6.26198e-06
4565	6.13182e-06
4566	6.72709e-06
4567	6.36596e-06
4568	5.57879e-06
4569	5.79822e-06
4570	5.77895e-06
4571	6.38431e-06
4572	6.1474e-06
4573	5.06912e-06
4574	5.43709e-06
4575	5.42755e-06
4576	6.23923e-06
4577	6.19232e-06
4578	5.33218e-06
4579	5.69984e-06
4580	5.52075e-06
4581	6.15913e-06
4582	6.43886e-06
4583	6.02606e-06
4584	6.1079e-06
4585	6.18227e-06
4586	5.8678e-06
4587	6.50926e-06
4588	6.28611e-06
4589	6.30071e-06
4590	6.41311e-06
4591	6.02664e-06
4592	6.69957e-06
4593	6.36974e-06
4594	6.11006e-06
4595	6.15414e-06
4596	6.26873e-06
4597	6.68958e-06
4598	6.30508e-06
4599	5.59752e-06
4600	5.78667e-06
4601	6.1806e-06
4602	6.76424e-06
4603	6.44972e-06
4604	5.24549e-06
4605	5.61457e-06
4606	5.83039e-06
4607	6.71242e-06
4608	6.3356e-06
4609	5.35056e-06
4610	5.84441e-06
4611	5.53819e-06
4612	6.20793e-06
4613	6.1903e-06
4614	5.92373e-06
4615	6.08266e-06
4616	6.02905e-06
4617	5.54279e-06
4618	6.075e-06
4619	6.26534e-06
4620	6.00594e-06
4621	6.17312e-06
4622	5.59701e-06
4623	6.23942e-06
4624	6.24034e-06
4625	6.0103e-06
4626	6.15046e-06
4627	6.10472e-06
4628	6.72756e-06
4629	6.33487e-06
4630	5.84259e-06
4631	6.07252e-06
4632	6.32577e-06
4633	6.78963e-06
4634	6.30654e-06
4635	5.60226e-06
4636	5.94026e-06
4637	6.00922e-06
4638	6.79179e-06
4639	6.30159e-06
4640	5.63923e-06
4641	5.87832e-06
4642	5.71997e-06
4643	6.40351e-06
4644	6.06016e-06
4645	5.58098e-06
4646	5.72481e-06
4647	5.57004e-06
4648	5.90161e-06
4649	1.09402e-05
4650	5.72667e-06
4651	5.70026e-06
4652	5.70761e-06
4653	5.64548e-06
4654	1.10492e-05
4655	6.03439e-06
4656	5.70809e-06
4657	5.97299e-06
4658	5.65276e-06
4659	6.4664e-06
4660	5.94479e-06
4661	5.78951e-06
4662	6.14374e-06
4663	5.70476e-06
4664	6.63611e-06
4665	5.87174e-06
4666	5.83176e-06
4667	5.95926e-06
4668	5.70916e-06
4669	6.39961e-06
4670	5.83392e-06
4671	5.75417e-06
4672	5.66698e-06
4673	5.65495e-06
4674	6.19364e-06
4675	5.77278e-06
4676	5.5989e-06
4677	5.61848e-06
4678	5.54622e-06
4679	6.14251e-06
4680	1.06798e-05
4681	5.44237e-06
4682	5.23998e-06
4683	9.69117e-06
4684	5.82186e-06
4685	1.0304e-05
4686	5.1613e-06
4687	5.13498e-06
4688	5.13663e-06
4689	5.5366e-06
4690	5.54606e-06
4691	9.34288e-06
4692	5.2949e-06
4693	5.13203e-06
4694	5.22849e-06
4695	5.48464e-06
4696	9.3851e-06
4697	5.43181e-06
4698	5.29058e-06
4699	5.23145e-06
4700	5.557e-06
4701	9.57358e-06
4702	5.43431e-06
4703	5.41406e-06
4704	5.26964e-06
4705	5.65424e-06
4706	9.44098e-06
4707	9.60253e-06
4708	5.27216e-06
4709	9.55724e-06
4710	5.70407e-06
4711	9.42397e-06
4712	9.24394e-06
4713	5.02553e-06
4714	9.4366e-06
4715	5.63671e-06
4716	5.12817e-06
4717	9.31626e-06
4718	4.94272e-06
4719	9.2381e-06
4720	5.5417e-06
4721	5.29377e-06
4722	9.15279e-06
4723	4.93714e-06
4724	9.29896e-06
4725	5.5297e-06
4726	5.38747e-06
4727	8.79294e-06
4728	4.94761e-06
4729	4.86811e-06
4730	5.33872e-06
4731	9.66273e-06
4732	8.152e-06
4733	9.2262e-06
4734	8.77548e-06
4735	4.9297e-06
4736	9.266e-06
4737	8.22262e-06
4738	9.23162e-06
4739	4.66756e-06
4740	4.78546e-06
4741	4.79603e-06
4742	4.41141e-06
4743	9.19809e-06
4744	4.71144e-06
4745	4.65593e-06
4746	4.78029e-06
4747	4.34878e-06
4748	8.95555e-06
4749	4.76495e-06
4750	8.55212e-06
4751	9.56748e-06
4752	4.55092e-06
4753	8.53564e-06
4754	4.79008e-06
4755	4.60422e-06
4756	5.20629e-06
4757	4.82221e-06
4758	7.90034e-06
4759	4.87311e-06
4760	8.66403e-06
4761	5.13376e-06
4762	4.93295e-06
4763	8.02606e-06
4764	4.9733e-06
4765	9.09579e-06
4766	4.88423e-06
4767	4.96023e-06
4768	8.61571e-06
4769	5.00598e-06
4770	4.82427e-06
4771	9.20733e-06
4772	5.22399e-06
4773	4.8257e-06
4774	5.03526e-06
4775	5.20854e-06
4776	5.06648e-06
4777	5.21805e-06
4778	4.80372e-06
4779	9.06281e-06
4780	5.62089e-06
4781	5.46512e-06
4782	5.25262e-06
4783	4.66611e-06
4784	4.92134e-06
4785	5.90483e-06
4786	5.82063e-06
4787	5.50949e-06
4788	4.71046e-06
4789	5.1442e-06
4790	5.75946e-06
4791	5.66904e-06
4792	5.51292e-06
4793	4.90617e-06
4794	5.49262e-06
4795	5.54477e-06
4796	5.37772e-06
4797	5.54058e-06
4798	5.39771e-06
4799	5.89716e-06
4800	5.58516e-06
4801	5.54245e-06
4802	5.88641e-06
4803	5.79568e-06
4804	5.98271e-06
4805	5.51697e-06
4806	5.90501e-06
4807	6.19975e-06
4808	5.97979e-06
4809	5.88873e-06
4810	5.68456e-06
4811	6.06742e-06
4812	6.22747e-06
4813	5.96392e-06
4814	5.92039e-06
4815	5.60158e-06
4816	6.25493e-06
4817	6.08852e-06
4818	5.85861e-06
4819	5.87936e-06
4820	5.63026e-06
4821	6.39709e-06
4822	6.2158e-06
4823	5.79965e-06
4824	5.77536e-06
4825	5.77947e-06
4826	6.19566e-06
4827	6.26869e-06
4828	5.75553e-06
4829	5.35977e-06
4830	5.6237e-06
4831	5.76039e-06
4832	6.20221e-06
4833	5.87142e-06
4834	5.19497e-06
4835	5.67537e-06
4836	5.53344e-06
4837	6.11439e-06
4838	6.0342e-06
4839	5.22692e-06
4840	5.7156e-06
4841	5.33917e-06
4842	6.11855e-06
4843	6.24308e-06
4844	5.77501e-06
4845	6.01189e-06
4846	5.81953e-06
4847	6.196e-06
4848	6.36451e-06
4849	6.16496e-06
4850	6.35329e-06
4851	6.22352e-06
4852	6.36599e-06
4853	6.46111e-06
4854	6.15545e-06
4855	6.31418e-06
4856	6.09201e-06
4857	6.45777e-06
4858	6.45904e-06
4859	6.04495e-06
4860	5.88344e-06
4861	5.92995e-06
4862	6.14892e-06
4863	6.22416e-06
4864	5.80864e-06
4865	5.3824e-06
4866	5.61141e-06
4867	5.75355e-06
4868	6.16977e-06
4869	5.89408e-06
4870	5.31167e-06
4871	5.78486e-06
4872	5.55429e-06
4873	6.3315e-06
4874	6.15428e-06
4875	5.50024e-06
4876	6.10764e-06
4877	5.51476e-06
4878	6.16401e-06
4879	6.2011e-06
4880	5.95138e-06
4881	6.21531e-06
4882	6.02284e-06
4883	6.21805e-06
4884	6.42635e-06
4885	6.15397e-06
4886	6.25428e-06
4887	6.23962e-06
4888	6.52759e-06
4889	6.72707e-06
4890	6.26258e-06
4891	6.17726e-06
4892	6.18506e-06
4893	6.6749e-06
4894	6.77645e-06
4895	6.22429e-06
4896	5.96314e-06
4897	6.10354e-06
4898	6.41638e-06
4899	6.79077e-06
4900	6.28237e-06
4901	5.6658e-06
4902	6.00078e-06
4903	6.00352e-06
4904	6.72618e-06
4905	6.35239e-06
4906	5.38366e-06
4907	5.88626e-06
4908	5.61783e-06
4909	6.32433e-06
4910	6.1119e-06
4911	5.31349e-06
4912	5.75337e-06
4913	5.32732e-06
4914	5.89124e-06
4915	6.0767e-06
4916	5.78139e-06
4917	5.9095e-06
4918	5.84498e-06
4919	6.01098e-06
4920	6.51605e-06
4921	6.2871e-06
4922	6.35594e-06
4923	6.35056e-06
4924	6.30468e-06
4925	6.84241e-06
4926	6.43365e-06
4927	6.31923e-06
4928	6.30483e-06
4929	6.29154e-06
4930	6.8302e-06
4931	6.36181e-06
4932	6.02855e-06
4933	6.13921e-06
4934	6.23637e-06
4935	6.81149e-06
4936	6.35848e-06
4937	5.5541e-06
4938	5.85977e-06
4939	6.06422e-06
4940	6.78987e-06
4941	6.46113e-06
4942	5.26211e-06
4943	5.80325e-06
4944	5.80203e-06
4945	6.6829e-06
4946	6.45572e-06
4947	5.4009e-06
4948	6.05405e-06
4949	5.60843e-06
4950	6.35497e-06
4951	6.49311e-06
4952	5.96572e-06
4953	6.19699e-06
4954	6.07517e-06
4955	5.87146e-06
4956	6.48274e-06
4957	6.34016e-06
4958	6.15283e-06
4959	6.27164e-06
4960	5.78424e-06
4961	6.46304e-06
4962	6.23677e-06
4963	6.02454e-06
4964	6.10642e-06
4965	6.10346e-06
4966	6.58284e-06
4967	6.22068e-06
4968	5.75391e-06
4969	6.0161e-06
4970	6.32116e-06
4971	6.84537e-06
4972	6.44089e-06
4973	5.38941e-06
4974	5.74691e-06
4975	5.95348e-06
4976	6.89812e-06
4977	6.40526e-06
4978	5.36728e-06
4979	5.64887e-06
4980	5.62106e-06
4981	6.59903e-06
4982	6.19042e-06
4983	5.49292e-06
4984	5.72346e-06
4985	5.58688e-06
4986	6.05055e-06
4987	6.13446e-06
4988	5.81659e-06
4989	5.82653e-06
4990	5.92749e-06
4991	5.6431e-06
4992	6.20661e-06
4993	6.05804e-06
4994	5.8245e-06
4995	6.18287e-06
4996	5.66147e-06
4997	6.41697e-06
4998	5.97716e-06
4999	5.70815e-06
5000	6.08864e-06
