1	-0.00244377
2	-0.00446799
3	-0.0104103
4	-0.00668206
5	0.00653867
6	0.0059388
7	0.00610272
8	0.0041651
9	0.0033236
10	0.0030516
11	0.002596
12	-0.00287257
13	-0.002885
14	-0.00257254
15	-0.00273619
16	-0.00230138
17	-0.00209877
18	-0.00171481
19	0.0028715
20	0.00216229
21	0.00204639
22	0.00179716
23	0.00234916
24	0.00201964
25	0.00171959
26	0.00155077
27	0.000296329
28	-0.00199397
29	-0.00220772
30	-0.00145007
31	-0.00159256
32	-0.0014285
33	-0.00132058
34	-0.00108946
35	5.95723e-05
36	0.00114699
37	0.00163225
38	0.00169442
39	0.00148566
40	0.000936618
41	0.00136922
42	0.00125199
43	0.00106185
44	0.000835038
45	0.000226962
46	-0.000660842
47	-0.00110715
48	-0.00130985
49	-0.00110023
50	-0.00106029
51	-0.000960237
52	-0.000830943
53	-0.000679004
54	-0.00051896
55	-0.000350799
56	1.32113e-05
57	0.000352301
58	0.000543905
59	0.000604255
60	0.000588627
61	0.000510804
62	0.000422035
63	0.000607771
64	0.000542013
65	0.000352157
66	2.65733e-05
67	-0.000265441
68	-0.000438711
69	-0.000480978
70	-0.000443508
71	-0.000383619
72	-0.00032896
73	-0.000288805
74	-0.000261243
75	-0.000239386
76	-0.000229604
77	-0.000257284
78	-0.000299957
79	-0.000255553
80	-0.000142821
81	-3.24389e-05
82	4.96295e-05
83	0.000107538
84	0.000138108
85	0.000151256
86	0.000349904
87	0.000316797
88	0.000256989
89	0.000156524
90	1.39319e-05
91	-0.000147159
92	-0.000274332
93	-4.77116e-05
94	-4.44346e-05
95	-4.78427e-05
96	-5.03072e-05
97	-5.29456e-05
98	-5.35045e-05
99	-5.49543e-05
100	-5.54724e-05
101	-5.76926e-05
102	-5.97789e-05
103	-6.42094e-05
104	-7.05071e-05
105	-7.90965e-05
106	-8.72019e-05
107	-9.31496e-05
108	-9.53113e-05
109	-9.40104e-05
110	-9.01307e-05
111	-8.4847e-05
112	-7.8909e-05
113	-7.29685e-05
114	-6.73975e-05
115	-6.26225e-05
116	-5.88014e-05
117	-5.60589e-05
118	-5.42282e-05
119	-5.32162e-05
120	-5.26433e-05
121	-5.24086e-05
122	-5.2337e-05
123	-5.23824e-05
124	-5.25207e-05
125	-5.27929e-05
126	-5.43569e-05
127	-5.57137e-05
128	-5.6648e-05
129	-5.70769e-05
130	-5.6987e-05
131	-5.63115e-05
132	-5.51062e-05
133	-5.34492e-05
134	-5.13651e-05
135	-4.89602e-05
136	-4.63948e-05
137	-4.37129e-05
138	-4.10581e-05
139	-3.86005e-05
140	-3.6469e-05
141	-3.46874e-05
142	-3.32723e-05
143	-3.22291e-05
144	-3.14858e-05
145	-3.08543e-05
146	-3.01743e-05
147	-2.96501e-05
148	-2.92584e-05
149	-2.90463e-05
150	-2.8518e-05
151	-2.78829e-05
152	-2.74577e-05
153	-2.71175e-05
154	-2.68763e-05
155	-2.61653e-05
156	-2.55035e-05
157	-2.5118e-05
158	-2.49143e-05
159	-2.48846e-05
160	-2.45445e-05
161	-2.44544e-05
162	-2.46141e-05
163	-2.48763e-05
164	-2.51278e-05
165	-2.49326e-05
166	-2.48482e-05
167	-2.47376e-05
168	-2.43839e-05
169	-2.39177e-05
170	-2.30426e-05
171	-2.22158e-05
172	-2.12296e-05
173	-2.00868e-05
174	-1.88916e-05
175	-1.75761e-05
176	-1.6333e-05
177	-1.5116e-05
178	-1.39414e-05
179	-1.2756e-05
180	-1.16086e-05
181	-1.05278e-05
182	-9.42048e-06
183	-5.63076e-06
184	-4.942e-06
185	-4.59368e-06
186	-4.46467e-06
187	-4.30188e-06
188	-3.98427e-06
189	-3.31839e-06
190	-2.42841e-06
191	-1.40472e-06
192	-1.92537e-07
193	1.12098e-06
194	2.68667e-06
195	4.35949e-06
196	5.94808e-06
197	3.31072e-06
198	4.70087e-06
199	6.33357e-06
200	7.84747e-06
201	8.91877e-06
202	9.55547e-06
203	9.80172e-06
204	1.00423e-05
205	1.01621e-05
206	1.0017e-05
207	9.57081e-06
208	8.95022e-06
209	8.33483e-06
210	7.65514e-06
211	5.17943e-06
212	4.4138e-06
213	3.39977e-06
214	2.04431e-06
215	7.87473e-07
216	-5.53027e-07
217	-1.73486e-06
218	-2.97743e-06
219	-4.51424e-06
220	-5.69705e-06
221	-6.76256e-06
222	-7.4518e-06
223	-7.99161e-06
224	-8.5768e-06
225	-4.91279e-06
226	-5.08562e-06
227	-5.06594e-06
228	-4.90936e-06
229	-4.54546e-06
230	-3.75033e-06
231	-2.63203e-06
232	-1.40776e-06
233	-4.10014e-07
234	1.12703e-06
235	3.17808e-06
236	5.11452e-06
237	7.06972e-06
238	8.798e-06
239	1.04358e-05
240	1.22523e-05
241	1.40086e-05
242	1.57119e-05
243	1.71148e-05
244	1.84221e-05
245	2.00204e-05
246	2.13808e-05
247	2.29346e-05
248	2.38769e-05
249	2.4522e-05
250	1.47045e-05
251	1.44882e-05
252	1.44185e-05
253	1.38743e-05
254	1.31173e-05
255	1.32386e-05
256	1.22771e-05
257	1.19726e-05
258	1.14049e-05
259	1.42173e-05
260	1.45732e-05
261	1.47025e-05
262	1.50396e-05
263	1.55476e-05
264	1.54052e-05
265	1.60523e-05
266	1.64575e-05
267	1.23324e-05
268	1.22493e-05
269	1.49807e-05
270	1.20101e-05
271	1.18971e-05
272	1.12887e-05
273	1.11796e-05
274	1.04654e-05
275	1.02507e-05
276	1.01656e-05
277	9.61705e-06
278	9.49254e-06
279	9.10786e-06
280	8.844e-06
281	8.82319e-06
282	8.42828e-06
283	8.22948e-06
284	8.08033e-06
285	9.44314e-06
286	9.84246e-06
287	1.01786e-05
288	1.05619e-05
289	8.72616e-06
290	1.05619e-05
291	1.11211e-05
292	8.99492e-06
293	1.12066e-05
294	9.08878e-06
295	8.56467e-06
296	8.66677e-06
297	8.78182e-06
298	8.4401e-06
299	8.55336e-06
300	8.28962e-06
301	8.38871e-06
302	8.42657e-06
303	8.36186e-06
304	8.3288e-06
305	8.0243e-06
306	7.96757e-06
307	7.90443e-06
308	7.73649e-06
309	7.55904e-06
310	7.33449e-06
311	7.17986e-06
312	7.16456e-06
313	7.01051e-06
314	6.76531e-06
315	6.60848e-06
316	6.49502e-06
317	6.48854e-06
318	6.3793e-06
319	6.16464e-06
320	6.02574e-06
321	6.00554e-06
322	6.01242e-06
323	5.94557e-06
324	5.84372e-06
325	5.72502e-06
326	5.72568e-06
327	5.72602e-06
328	5.60311e-06
329	5.46717e-06
330	5.28066e-06
331	5.21494e-06
332	5.21205e-06
333	5.03963e-06
334	4.84746e-06
335	4.64495e-06
336	4.50056e-06
337	4.54279e-06
338	4.42334e-06
339	4.20334e-06
340	4.01345e-06
341	3.82479e-06
342	3.88353e-06
343	3.83054e-06
344	3.66667e-06
345	3.51335e-06
346	3.32098e-06
347	3.41706e-06
348	3.45067e-06
349	3.35362e-06
350	3.2427e-06
351	3.06394e-06
352	3.19543e-06
353	3.30247e-06
354	3.21454e-06
355	3.09684e-06
356	2.86977e-06
357	2.9235e-06
358	3.04101e-06
359	2.92049e-06
360	2.76167e-06
361	2.53299e-06
362	2.5412e-06
363	2.64258e-06
364	2.50678e-06
365	2.31141e-06
366	2.08494e-06
367	2.06246e-06
368	2.1841e-06
369	2.09196e-06
370	1.90109e-06
371	1.71142e-06
372	1.68742e-06
373	1.84804e-06
374	1.83989e-06
375	1.68998e-06
376	1.50747e-06
377	1.47124e-06
378	1.64098e-06
379	1.68968e-06
380	1.56393e-06
381	1.36934e-06
382	1.28856e-06
383	1.46568e-06
384	1.49989e-06
385	1.34836e-06
386	1.10952e-06
387	9.84457e-07
388	1.12768e-06
389	1.19544e-06
390	1.07121e-06
391	8.49762e-07
392	7.16287e-07
393	8.39531e-07
394	9.87804e-07
395	9.35844e-07
396	7.4803e-07
397	5.65197e-07
398	6.28179e-07
399	8.19454e-07
400	8.01587e-07
401	6.36164e-07
402	4.02285e-07
403	3.87127e-07
404	5.8117e-07
405	6.09072e-07
406	4.46928e-07
407	2.23129e-07
408	2.10073e-07
409	4.30153e-07
410	4.74706e-07
411	3.54474e-07
412	1.52981e-07
413	1.40513e-07
414	3.75356e-07
415	4.51673e-07
416	3.97221e-07
417	2.29723e-07
418	1.76551e-07
419	4.14132e-07
420	5.28688e-07
421	5.24311e-07
422	3.56341e-07
423	2.44695e-07
424	4.26306e-07
425	5.49413e-07
426	5.38234e-07
427	3.53748e-07
428	2.17171e-07
429	3.235e-07
430	4.74551e-07
431	4.68526e-07
432	3.0019e-07
433	1.2037e-07
434	1.43635e-07
435	2.96713e-07
436	2.68842e-07
437	9.08891e-08
438	-1.2984e-07
439	-1.43899e-07
440	2.45648e-08
441	2.2682e-08
442	-9.40078e-08
443	-2.82517e-07
444	-3.13846e-07
445	-1.23985e-07
446	-8.415e-08
447	-1.18857e-07
448	-2.84859e-07
449	-3.33295e-07
450	-1.69298e-07
451	-5.50169e-08
452	-3.28877e-08
453	-1.27276e-07
454	-1.52511e-07
455	2.90653e-08
456	1.71725e-07
457	2.0024e-07
458	1.4089e-07
459	1.34509e-07
460	3.82824e-07
461	4.89332e-07
462	4.88887e-07
463	3.91243e-07
464	3.40548e-07
465	4.45565e-07
466	4.99547e-07
467	4.65067e-07
468	3.23512e-07
469	1.91355e-07
470	1.57687e-07
471	1.48629e-07
472	1.04861e-07
473	-2.51755e-08
474	-1.62256e-07
475	-2.0483e-07
476	-1.79408e-07
477	-2.07057e-07
478	-2.82137e-07
479	-3.80337e-07
480	-3.90484e-07
481	-2.99636e-07
482	-2.84366e-07
483	-3.15599e-07
484	-3.78428e-07
485	-3.51052e-07
486	-1.95343e-07
487	-1.48937e-07
488	-1.38288e-07
489	-1.7781e-07
490	-1.32789e-07
491	4.22519e-08
492	1.06362e-07
493	1.34668e-07
494	1.24e-07
495	1.35815e-07
496	2.71042e-07
497	3.0539e-07
498	3.34689e-07
499	2.92817e-07
500	2.51644e-07
501	3.21421e-07
502	3.29656e-07
503	3.15561e-07
504	2.58786e-07
505	2.03345e-07
506	2.76939e-07
507	2.50395e-07
508	1.91749e-07
509	1.27468e-07
510	8.63166e-08
511	1.46879e-07
512	1.14142e-07
513	6.4471e-08
514	2.69623e-08
515	1.97817e-08
516	1.03898e-07
517	4.85219e-08
518	-2.58383e-08
519	-9.8693e-08
520	-1.12059e-07
521	-6.25487e-08
522	-1.21613e-07
523	-1.97116e-07
524	-2.58459e-07
525	-2.30678e-07
526	-1.50343e-07
527	-1.67897e-07
528	-2.27947e-07
529	-2.75107e-07
530	-2.15244e-07
531	-7.74562e-08
532	1.41575e-08
533	-2.57198e-08
534	-4.84536e-08
535	-3.6707e-08
536	1.04804e-07
537	2.33249e-07
538	1.30002e-07
539	8.38861e-08
540	3.45887e-08
541	1.15126e-07
542	2.48935e-07
543	1.57683e-07
544	7.47061e-08
545	-1.25208e-08
546	1.01998e-08
547	1.19567e-07
548	4.24107e-08
549	-5.43886e-08
550	-1.34297e-07
551	-8.29781e-08
552	5.4878e-08
553	1.48875e-08
554	-9.06578e-08
555	-1.66393e-07
556	-4.96591e-08
557	1.41702e-07
558	1.25867e-07
559	3.20345e-08
560	-3.72804e-08
561	8.2778e-08
562	2.80165e-07
563	2.96102e-07
564	1.71022e-07
565	6.379e-08
566	1.50963e-07
567	3.1788e-07
568	3.37624e-07
569	2.05642e-07
570	5.85815e-08
571	8.40209e-08
572	1.82447e-07
573	2.00128e-07
574	4.43786e-08
575	-1.33505e-07
576	-1.37247e-07
577	-4.51417e-08
578	4.27245e-08
579	-9.1336e-08
580	-2.53358e-07
581	-2.64065e-07
582	-1.36128e-07
583	8.19468e-08
584	-1.11173e-08
585	-1.86753e-07
586	-2.47027e-07
587	-8.15975e-08
588	1.27669e-07
589	8.7023e-08
590	-8.06266e-08
591	-1.83279e-07
592	-4.98889e-08
593	1.57049e-07
594	1.3214e-07
595	-3.43657e-08
596	-1.52282e-07
597	-3.72549e-09
598	2.28997e-07
599	2.34459e-07
600	5.73006e-08
601	-7.3282e-08
602	4.51561e-08
603	2.81098e-07
604	2.95894e-07
605	1.2518e-07
606	-2.27744e-08
607	3.42765e-08
608	2.60997e-07
609	2.93924e-07
610	1.44288e-07
611	-3.0105e-08
612	-3.0135e-08
613	1.71149e-07
614	2.27911e-07
615	1.08732e-07
616	-8.7996e-08
617	-1.08567e-07
618	7.35902e-08
619	1.71935e-07
620	7.69308e-08
621	-1.36607e-07
622	-2.09391e-07
623	-9.79529e-08
624	1.00308e-07
625	1.8103e-08
626	-1.96722e-07
627	-3.14379e-07
628	-1.4934e-07
629	6.7179e-08
630	2.09139e-08
631	-1.90546e-07
632	-3.05294e-07
633	-1.44261e-07
634	1.02308e-07
635	8.85063e-08
636	-9.37884e-08
637	-2.07932e-07
638	-6.85376e-08
639	1.95293e-07
640	2.21625e-07
641	5.93409e-08
642	-9.33146e-08
643	-3.49562e-08
644	2.22223e-07
645	2.64493e-07
646	1.29081e-07
647	-5.43806e-08
648	-2.38375e-08
649	2.2506e-07
650	2.77917e-07
651	1.48111e-07
652	-6.94957e-08
653	-7.55539e-08
654	1.51914e-07
655	2.39968e-07
656	1.39287e-07
657	-8.44212e-08
658	-1.35709e-07
659	6.20852e-08
660	2.12333e-07
661	1.33711e-07
662	-8.31779e-08
663	-2.21698e-07
664	-9.44155e-08
665	1.01785e-07
666	6.54347e-08
667	-1.24424e-07
668	-2.68915e-07
669	-1.53184e-07
670	9.69392e-08
671	1.07481e-07
672	-7.74662e-08
673	-2.3514e-07
674	-1.28447e-07
675	1.36463e-07
676	1.33152e-07
677	-4.60817e-08
678	-2.14213e-07
679	-1.36419e-07
680	1.55858e-07
681	1.81443e-07
682	3.68137e-08
683	-1.53966e-07
684	-1.15968e-07
685	1.50784e-07
686	2.19303e-07
687	1.25774e-07
688	-6.56647e-08
689	-7.90447e-08
690	1.41035e-07
691	2.49446e-07
692	1.86284e-07
693	-2.09606e-08
694	-8.72092e-08
695	9.55807e-08
696	2.54195e-07
697	1.7419e-07
698	-4.5573e-08
699	-1.9383e-07
700	-5.19659e-08
701	1.61815e-07
702	1.01603e-07
703	-1.11714e-07
704	-2.56104e-07
705	-1.44233e-07
706	1.46375e-07
707	1.48556e-07
708	-2.13911e-08
709	-1.88188e-07
710	-1.39263e-07
711	1.25936e-07
712	1.52321e-07
713	2.96197e-08
714	-1.45046e-07
715	-1.2053e-07
716	1.32234e-07
717	2.00883e-07
718	1.01597e-07
719	-6.78609e-08
720	-4.80123e-08
721	2.1519e-07
722	3.02676e-07
723	1.92675e-07
724	-1.35377e-08
725	-4.24194e-08
726	1.84474e-07
727	2.92769e-07
728	1.62724e-07
729	-6.60727e-08
730	-1.61045e-07
731	2.69342e-08
732	2.02609e-07
733	1.11072e-07
734	-1.20931e-07
735	-2.96212e-07
736	-2.11904e-07
737	1.37892e-10
738	-2.30519e-08
739	-1.76588e-07
740	-3.25282e-07
741	-2.63689e-07
742	1.44195e-08
743	5.81398e-08
744	-3.45042e-08
745	-1.58075e-07
746	-8.70033e-08
747	1.99306e-07
748	2.48052e-07
749	1.45032e-07
750	-4.64229e-09
751	3.2832e-08
752	2.85435e-07
753	3.40193e-07
754	2.14469e-07
755	2.65965e-08
756	-7.38288e-09
757	2.0449e-07
758	2.97794e-07
759	2.02588e-07
760	1.66303e-08
761	-7.88939e-08
762	7.95169e-08
763	1.96726e-07
764	1.41067e-07
765	-1.72672e-08
766	-1.1578e-07
767	-2.82525e-10
768	1.04364e-07
769	9.08255e-08
770	-6.62312e-08
771	-1.74196e-07
772	-7.50953e-08
773	5.90167e-08
774	4.37626e-08
775	-1.21161e-07
776	-2.68018e-07
777	-1.92722e-07
778	5.68759e-09
779	-2.36944e-08
780	-1.63636e-07
781	-3.14947e-07
782	-2.56987e-07
783	-1.11981e-08
784	4.65158e-08
785	-1.4975e-08
786	-1.40123e-07
787	-1.26018e-07
788	1.09672e-07
789	2.13167e-07
790	1.79069e-07
791	7.70461e-08
792	4.39482e-08
793	2.44307e-07
794	3.06002e-07
795	2.30649e-07
796	1.05408e-07
797	4.73033e-08
798	1.90503e-07
799	2.35329e-07
800	1.60556e-07
801	3.42864e-08
802	-1.71392e-08
803	9.50221e-08
804	1.33441e-07
805	1.20353e-07
806	-1.57815e-08
807	-6.90631e-08
808	1.18746e-08
809	7.49595e-08
810	8.02955e-08
811	-2.26981e-08
812	-9.34078e-08
813	-5.91315e-08
814	4.0365e-08
815	3.22469e-08
816	-5.8614e-08
817	-1.50321e-07
818	-1.30202e-07
819	-3.99427e-08
820	-3.23528e-08
821	-1.28628e-07
822	-2.18198e-07
823	-2.1632e-07
824	-5.9208e-08
825	-7.55375e-08
826	-1.21262e-07
827	-2.10391e-07
828	-1.92446e-07
829	-2.53884e-08
830	-1.92131e-08
831	-7.34837e-09
832	-8.01155e-08
833	-5.7775e-08
834	1.12778e-07
835	1.52262e-07
836	1.92662e-07
837	1.31226e-07
838	1.43601e-07
839	2.44712e-07
840	2.69619e-07
841	2.80587e-07
842	2.01863e-07
843	1.92015e-07
844	2.93323e-07
845	2.85586e-07
846	2.61581e-07
847	1.74036e-07
848	1.51275e-07
849	2.24502e-07
850	1.73723e-07
851	1.23422e-07
852	5.04083e-08
853	1.76423e-08
854	7.59902e-08
855	-6.88283e-09
856	-9.40619e-08
857	-1.66843e-07
858	-1.75774e-07
859	-1.13307e-07
860	-1.55048e-07
861	-2.15968e-07
862	-2.60669e-07
863	-2.11621e-07
864	-1.36109e-07
865	-1.1794e-07
866	-1.74695e-07
867	-2.02443e-07
868	-1.36053e-07
869	-1.46378e-08
870	9.60503e-08
871	1.56018e-08
872	-7.82254e-09
873	1.74957e-09
874	1.34394e-07
875	2.37785e-07
876	1.28992e-07
877	5.77486e-08
878	7.36874e-09
879	9.80594e-08
880	2.15912e-07
881	1.16424e-07
882	2.21527e-08
883	-8.62103e-08
884	-5.0961e-08
885	8.13638e-08
886	1.51144e-08
887	-6.30104e-08
888	-1.46958e-07
889	-6.00406e-08
890	9.89183e-08
891	4.2342e-08
892	-3.78517e-08
893	-9.51823e-08
894	3.35636e-08
895	2.34211e-07
896	2.12801e-07
897	1.14901e-07
898	6.66468e-08
899	1.67675e-07
900	3.47634e-07
901	3.33786e-07
902	2.01648e-07
903	7.90111e-08
904	1.24594e-07
905	2.69571e-07
906	2.49433e-07
907	9.41936e-08
908	-5.67549e-08
909	-4.18084e-08
910	6.459e-08
911	7.80778e-08
912	-6.95288e-08
913	-2.21995e-07
914	-1.98713e-07
915	-3.05322e-08
916	1.808e-08
917	-1.1119e-07
918	-2.4721e-07
919	-2.13464e-07
920	-6.41034e-09
921	9.04652e-08
922	-2.10252e-08
923	-1.8164e-07
924	-1.78242e-07
925	2.49361e-08
926	1.78489e-07
927	7.67148e-08
928	-1.12036e-07
929	-1.93544e-07
930	-3.46637e-08
931	1.47886e-07
932	8.87695e-08
933	-1.02951e-07
934	-2.38975e-07
935	-1.12437e-07
936	1.0579e-07
937	9.08399e-08
938	-8.31197e-08
939	-2.01532e-07
940	-5.13845e-08
941	2.0405e-07
942	2.1792e-07
943	4.42573e-08
944	-6.90105e-08
945	5.32063e-08
946	3.20144e-07
947	3.397e-07
948	1.52957e-07
949	-9.45174e-09
950	3.85754e-08
951	2.79707e-07
952	3.12192e-07
953	1.67855e-07
954	-3.72706e-08
955	-4.28493e-08
956	1.58124e-07
957	2.04375e-07
958	8.79098e-08
959	-1.45827e-07
960	-1.99684e-07
961	-2.11934e-08
962	8.20635e-08
963	6.53693e-09
964	-2.12036e-07
965	-2.92763e-07
966	-1.12536e-07
967	7.67494e-08
968	1.73335e-08
969	-1.96579e-07
970	-3.00996e-07
971	-1.20703e-07
972	1.28919e-07
973	8.79289e-08
974	-1.08924e-07
975	-2.3242e-07
976	-8.89516e-08
977	1.81627e-07
978	1.81421e-07
979	-2.88275e-09
980	-1.58179e-07
981	-8.11124e-08
982	1.80098e-07
983	1.95662e-07
984	5.54542e-08
985	-1.41215e-07
986	-1.03826e-07
987	1.66835e-07
988	2.35773e-07
989	1.25274e-07
990	-7.18283e-08
991	-5.64182e-08
992	2.04257e-07
993	3.07164e-07
994	2.12269e-07
995	7.26812e-09
996	-8.40888e-09
997	2.19531e-07
998	3.51219e-07
999	2.70432e-07
1000	4.70917e-08
1001	-8.22089e-08
1002	5.77523e-08
1003	2.43259e-07
1004	1.55946e-07
1005	-6.51919e-08
1006	-2.52253e-07
1007	-1.74334e-07
1008	6.54911e-08
1009	4.94915e-08
1010	-1.4022e-07
1011	-3.1836e-07
1012	-2.48646e-07
1013	2.59833e-08
1014	4.12625e-08
1015	-1.06651e-07
1016	-2.78316e-07
1017	-2.20189e-07
1018	7.14738e-08
1019	1.1158e-07
1020	-1.20901e-08
1021	-1.74736e-07
1022	-1.06639e-07
1023	1.85523e-07
1024	2.70481e-07
1025	1.74144e-07
1026	-5.74107e-09
1027	3.39562e-09
1028	2.47365e-07
1029	3.66225e-07
1030	2.81001e-07
1031	6.7446e-08
1032	-4.47229e-08
1033	1.19982e-07
1034	3.00016e-07
1035	2.01922e-07
1036	-2.56967e-08
1037	-2.08758e-07
1038	-1.08151e-07
1039	1.06471e-07
1040	4.04159e-08
1041	-1.64742e-07
1042	-3.26181e-07
1043	-2.35274e-07
1044	5.82191e-08
1045	7.45759e-08
1046	-5.76066e-08
1047	-2.00161e-07
1048	-1.39393e-07
1049	1.40185e-07
1050	1.82094e-07
1051	8.35428e-08
1052	-6.51256e-08
1053	-2.72694e-08
1054	2.28116e-07
1055	2.98e-07
1056	1.92684e-07
1057	1.86332e-08
1058	9.1011e-09
1059	2.39037e-07
1060	3.29167e-07
1061	2.13916e-07
1062	4.90225e-09
1063	-7.18138e-08
1064	1.16122e-07
1065	2.39648e-07
1066	1.17839e-07
1067	-1.20405e-07
1068	-2.47466e-07
1069	-9.42159e-08
1070	5.17889e-08
1071	2.01183e-08
1072	-1.68688e-07
1073	-3.14441e-07
1074	-2.20729e-07
1075	-1.47504e-09
1076	-1.92282e-08
1077	-1.46634e-07
1078	-2.66914e-07
1079	-2.03445e-07
1080	6.02646e-08
1081	1.01407e-07
1082	8.43421e-09
1083	-1.23166e-07
1084	-7.70187e-08
1085	1.8601e-07
1086	2.4081e-07
1087	1.3598e-07
1088	-2.91014e-08
1089	-3.20553e-08
1090	2.00804e-07
1091	2.64841e-07
1092	1.51721e-07
1093	-2.3219e-08
1094	-5.82591e-08
1095	1.46389e-07
1096	2.44275e-07
1097	1.78874e-07
1098	3.4411e-08
1099	-2.97621e-08
1100	1.34036e-07
1101	2.07168e-07
1102	1.66735e-07
1103	3.56603e-08
1104	-3.53204e-08
1105	6.74445e-08
1106	1.49593e-07
1107	1.42114e-07
1108	-3.73528e-09
1109	-1.055e-07
1110	-2.81949e-08
1111	8.26657e-08
1112	8.39215e-08
1113	-8.30435e-08
1114	-2.35532e-07
1115	-1.80615e-07
1116	-1.72797e-08
1117	-4.49285e-08
1118	-1.7e-07
1119	-3.15675e-07
1120	-2.72573e-07
1121	-7.5792e-08
1122	-3.77719e-08
1123	-9.3494e-08
1124	-1.83371e-07
1125	-1.43067e-07
1126	9.44191e-08
1127	1.76607e-07
1128	1.52108e-07
1129	8.66453e-08
1130	8.24143e-08
1131	2.75285e-07
1132	3.31849e-07
1133	2.80338e-07
1134	1.69321e-07
1135	1.13032e-07
1136	2.1639e-07
1137	2.20004e-07
1138	1.65739e-07
1139	3.61622e-08
1140	-1.3032e-08
1141	9.80247e-08
1142	1.14693e-07
1143	1.01722e-07
1144	7.26125e-09
1145	-2.48676e-08
1146	7.37282e-08
1147	1.14165e-07
1148	1.23762e-07
1149	5.10216e-08
1150	4.39243e-08
1151	1.03104e-07
1152	8.70073e-08
1153	8.79045e-08
1154	-9.87888e-10
1155	-2.03415e-08
1156	1.06653e-08
1157	-1.10053e-08
1158	-2.83615e-08
1159	-9.80373e-08
1160	-1.37808e-07
1161	-1.04538e-07
1162	-8.97323e-08
1163	-1.46622e-07
1164	-2.12346e-07
1165	-2.8128e-07
1166	-2.48957e-07
1167	-1.86113e-07
1168	-1.85466e-07
1169	-1.94872e-07
1170	-2.27582e-07
1171	-1.66506e-07
1172	-2.45587e-08
1173	-3.12587e-08
1174	-1.86468e-08
1175	-4.81137e-08
1176	4.06516e-08
1177	2.06136e-07
1178	2.01525e-07
1179	2.18565e-07
1180	1.74217e-07
1181	2.11844e-07
1182	3.39611e-07
1183	3.00916e-07
1184	2.83499e-07
1185	2.3111e-07
1186	2.39566e-07
1187	3.24245e-07
1188	2.29347e-07
1189	1.34153e-07
1190	6.36769e-08
1191	6.36021e-08
1192	1.37638e-07
1193	4.61717e-08
1194	-6.41932e-08
1195	-1.4092e-07
1196	-1.02157e-07
1197	-2.375e-08
1198	-6.96578e-08
1199	-1.67276e-07
1200	-2.42239e-07
1201	-1.59765e-07
1202	-2.64564e-08
1203	-3.49527e-08
1204	-1.41273e-07
1205	-2.12624e-07
1206	-1.07666e-07
1207	5.32578e-08
1208	6.30523e-08
1209	-6.761e-08
1210	-1.5713e-07
1211	-4.49506e-08
1212	1.25234e-07
1213	1.50374e-07
1214	1.12194e-08
1215	-8.45334e-08
1216	2.77645e-08
1217	1.98728e-07
1218	2.38715e-07
1219	8.48909e-08
1220	-5.41706e-08
1221	-1.68696e-08
1222	1.45467e-07
1223	2.64681e-07
1224	1.43663e-07
1225	-2.73397e-08
1226	-7.83535e-08
1227	6.56386e-08
1228	2.57525e-07
1229	1.82425e-07
1230	-5.61765e-09
1231	-1.24576e-07
1232	-1.64767e-08
1233	1.69948e-07
1234	1.14869e-07
1235	-7.96838e-08
1236	-2.0775e-07
1237	-8.26786e-08
1238	1.21055e-07
1239	9.98526e-08
1240	-8.47193e-08
1241	-1.89747e-07
1242	-3.83836e-08
1243	1.95352e-07
1244	2.00317e-07
1245	3.19141e-08
1246	-9.06079e-08
1247	1.63034e-08
1248	2.59535e-07
1249	3.05535e-07
1250	1.60859e-07
1251	2.38128e-09
1252	2.99996e-08
1253	2.42602e-07
1254	2.90475e-07
1255	1.48761e-07
1256	-4.86446e-08
1257	-5.87973e-08
1258	1.33266e-07
1259	1.87565e-07
1260	5.60769e-08
1261	-1.53609e-07
1262	-1.7382e-07
1263	3.22787e-08
1264	1.45732e-07
1265	2.51367e-08
1266	-2.02871e-07
1267	-2.94719e-07
1268	-1.19752e-07
1269	6.7245e-08
1270	1.21958e-08
1271	-1.87959e-07
1272	-3.1241e-07
1273	-1.70835e-07
1274	6.79167e-08
1275	7.5312e-08
1276	-9.38136e-08
1277	-2.1566e-07
1278	-8.10099e-08
1279	1.79454e-07
1280	2.09148e-07
1281	2.62865e-08
1282	-1.11002e-07
1283	-9.88745e-09
1284	2.56485e-07
1285	2.86127e-07
1286	1.21035e-07
1287	-4.93341e-08
1288	7.36816e-10
1289	2.55881e-07
1290	2.99351e-07
1291	1.57783e-07
1292	-4.49045e-08
1293	-3.92042e-08
1294	1.89494e-07
1295	2.71447e-07
1296	1.60427e-07
1297	-7.82931e-08
1298	-1.5236e-07
1299	1.95393e-08
1300	1.65623e-07
1301	8.05238e-08
1302	-1.45252e-07
1303	-2.92292e-07
1304	-1.60188e-07
1305	4.16413e-08
1306	-1.09577e-08
1307	-2.16515e-07
1308	-3.34678e-07
1309	-1.75291e-07
1310	8.43677e-08
1311	7.29489e-08
1312	-1.22092e-07
1313	-2.52802e-07
1314	-1.0791e-07
1315	1.68483e-07
1316	1.7062e-07
1317	3.42199e-09
1318	-1.44816e-07
1319	-6.34817e-08
1320	2.15447e-07
1321	2.53275e-07
1322	1.26424e-07
1323	-6.66069e-08
1324	-4.56004e-08
1325	2.10114e-07
1326	3.09433e-07
1327	2.04088e-07
1328	-1.30533e-08
1329	-3.47266e-08
1330	1.85676e-07
1331	2.99076e-07
1332	1.87616e-07
1333	-4.33993e-08
1334	-1.12909e-07
1335	7.09842e-08
1336	2.40043e-07
1337	1.43237e-07
1338	-8.28158e-08
1339	-2.24644e-07
1340	-9.49901e-08
1341	1.2836e-07
1342	8.84739e-08
1343	-1.00156e-07
1344	-2.5147e-07
1345	-1.52703e-07
1346	9.4433e-08
1347	9.43468e-08
1348	-6.93981e-08
1349	-2.3481e-07
1350	-1.60537e-07
1351	1.1411e-07
1352	1.39199e-07
1353	-1.81919e-09
1354	-1.81674e-07
1355	-1.22769e-07
1356	1.68543e-07
1357	2.37648e-07
1358	1.05929e-07
1359	-8.55511e-08
1360	-5.63404e-08
1361	2.07087e-07
1362	2.90844e-07
1363	1.60087e-07
1364	-5.28242e-08
1365	-7.06397e-08
1366	1.53667e-07
1367	2.79109e-07
1368	1.84533e-07
1369	-4.22485e-08
1370	-1.85441e-07
1371	-6.02923e-08
1372	1.32352e-07
1373	6.20386e-08
1374	-1.41808e-07
1375	-3.15058e-07
1376	-2.16094e-07
1377	4.46659e-08
1378	3.99911e-08
1379	-1.24719e-07
1380	-2.60225e-07
1381	-1.55189e-07
1382	1.47224e-07
1383	1.70638e-07
1384	3.35135e-08
1385	-1.1841e-07
1386	-5.19348e-08
1387	2.33177e-07
1388	2.72485e-07
1389	1.51393e-07
1390	-1.8413e-08
1391	1.33623e-08
1392	2.73368e-07
1393	3.45888e-07
1394	2.3758e-07
1395	3.92927e-08
1396	1.34156e-08
1397	2.2753e-07
1398	3.10499e-07
1399	2.00704e-07
1400	-2.42853e-08
1401	-1.37544e-07
1402	3.10495e-08
1403	1.83855e-07
1404	7.54836e-08
1405	-1.63227e-07
1406	-3.10485e-07
1407	-1.8161e-07
1408	-1.17845e-08
1409	-3.99171e-08
1410	-2.44342e-07
1411	-3.87495e-07
1412	-2.69225e-07
1413	2.5138e-08
1414	4.18583e-08
1415	-8.40948e-08
1416	-2.1616e-07
1417	-1.44816e-07
1418	1.39864e-07
1419	1.89176e-07
1420	9.7349e-08
1421	-5.17526e-08
1422	-2.48037e-08
1423	2.17743e-07
1424	2.60259e-07
1425	1.46711e-07
1426	-2.28258e-08
1427	-1.59785e-08
1428	2.26525e-07
1429	2.9922e-07
1430	1.79921e-07
1431	-2.24185e-08
1432	-8.0839e-08
1433	1.36526e-07
1434	2.54226e-07
1435	1.63951e-07
1436	-2.94577e-08
1437	-1.22156e-07
1438	2.88646e-08
1439	1.67472e-07
1440	1.14089e-07
1441	-5.2819e-08
1442	-1.62086e-07
1443	-6.41726e-08
1444	6.64713e-08
1445	7.11607e-08
1446	-7.56506e-08
1447	-2.2135e-07
1448	-1.56791e-07
1449	2.85391e-08
1450	1.84757e-08
1451	-1.23125e-07
1452	-2.77659e-07
1453	-2.27806e-07
1454	7.92533e-09
1455	3.16232e-08
1456	-8.65634e-08
1457	-2.39199e-07
1458	-1.87893e-07
1459	7.43534e-08
1460	1.37886e-07
1461	7.04625e-08
1462	-7.06673e-08
1463	-6.9562e-08
1464	1.42048e-07
1465	2.19551e-07
1466	1.65765e-07
1467	4.37542e-08
1468	-2.07214e-09
1469	1.66686e-07
1470	2.3443e-07
1471	1.7525e-07
1472	5.33364e-08
1473	-7.67e-10
1474	1.39817e-07
1475	1.98522e-07
1476	1.52395e-07
1477	3.57101e-08
1478	-1.73243e-08
1479	9.11526e-08
1480	1.41936e-07
1481	1.30076e-07
1482	-1.23572e-08
1483	-8.62804e-08
1484	-2.644e-08
1485	5.69913e-08
1486	5.4099e-08
1487	-4.01886e-08
1488	-1.06766e-07
1489	-7.29669e-08
1490	3.98618e-08
1491	2.16055e-08
1492	-5.40794e-08
1493	-1.43363e-07
1494	-1.4744e-07
1495	-3.78124e-08
1496	-1.73671e-08
1497	-6.39923e-08
1498	-1.58892e-07
1499	-1.59984e-07
1500	-1.91436e-08
1501	-2.47278e-08
1502	-5.12735e-08
1503	-1.29711e-07
1504	-1.20006e-07
1505	5.00787e-08
1506	6.72022e-08
1507	6.91866e-08
1508	-2.1446e-08
1509	-1.26333e-08
1510	1.41826e-07
1511	1.70853e-07
1512	1.86096e-07
1513	1.15901e-07
1514	1.12434e-07
1515	2.14373e-07
1516	2.30102e-07
1517	2.30741e-07
1518	1.6722e-07
1519	1.50613e-07
1520	2.49064e-07
1521	2.34196e-07
1522	2.13677e-07
1523	1.40691e-07
1524	1.15076e-07
1525	1.82261e-07
1526	1.14814e-07
1527	5.85664e-08
1528	-1.76449e-08
1529	-3.95871e-08
1530	2.41877e-08
1531	-4.63454e-08
1532	-1.28067e-07
1533	-1.90412e-07
1534	-1.76939e-07
1535	-1.03237e-07
1536	-1.15205e-07
1537	-1.70466e-07
1538	-1.95801e-07
1539	-1.49184e-07
1540	-4.98767e-08
1541	9.79398e-09
1542	-4.58466e-08
1543	-6.37011e-08
1544	-5.36372e-08
1545	5.58676e-08
1546	1.73353e-07
1547	9.65973e-08
1548	5.66761e-08
1549	1.91663e-08
1550	1.09198e-07
1551	2.32388e-07
1552	1.33593e-07
1553	5.60512e-08
1554	-1.49257e-08
1555	5.27045e-08
1556	1.69854e-07
1557	7.31809e-08
1558	-2.08457e-08
1559	-1.21807e-07
1560	-6.54077e-08
1561	5.81443e-08
1562	-2.92131e-08
1563	-1.30757e-07
1564	-2.10322e-07
1565	-1.31638e-07
1566	7.50428e-09
1567	6.80622e-10
1568	-2.42312e-08
1569	-7.62989e-08
1570	4.42826e-08
1571	2.46628e-07
1572	2.49429e-07
1573	1.55965e-07
1574	9.28227e-08
1575	1.62322e-07
1576	3.42159e-07
1577	3.40386e-07
1578	2.11611e-07
1579	8.84618e-08
1580	1.26139e-07
1581	2.6157e-07
1582	2.52946e-07
1583	9.89638e-08
1584	-4.94843e-08
1585	-3.43936e-08
1586	8.58296e-08
1587	9.79862e-08
1588	-4.82175e-08
1589	-2.03606e-07
1590	-2.08829e-07
1591	-9.40712e-08
1592	4.96952e-08
1593	-5.42913e-08
1594	-2.01842e-07
1595	-2.38102e-07
1596	-1.23407e-07
1597	8.22159e-08
1598	-1.84512e-09
1599	-1.63621e-07
1600	-2.38817e-07
1601	-9.00357e-08
1602	1.05785e-07
1603	4.44502e-08
1604	-1.24944e-07
1605	-2.14763e-07
1606	-7.29836e-08
1607	1.26266e-07
1608	6.67606e-08
1609	-1.09557e-07
1610	-2.2493e-07
1611	-8.95144e-08
1612	1.35455e-07
1613	1.36302e-07
1614	-2.50976e-09
1615	-1.23975e-07
1616	-2.07054e-08
1617	2.21071e-07
1618	2.65327e-07
1619	1.36964e-07
1620	6.25001e-09
1621	6.90847e-08
1622	3.10014e-07
1623	3.51256e-07
1624	2.18361e-07
1625	4.84807e-08
1626	6.42016e-08
1627	2.7481e-07
1628	3.19713e-07
1629	1.86726e-07
1630	-1.48752e-08
1631	-3.09272e-08
1632	1.56833e-07
1633	2.33401e-07
1634	1.09193e-07
1635	-1.2848e-07
1636	-2.12378e-07
1637	-6.45372e-08
1638	8.43241e-08
1639	-3.64556e-10
1640	-2.20395e-07
1641	-3.60468e-07
1642	-2.17858e-07
1643	9.66296e-09
1644	-9.50002e-09
1645	-1.98425e-07
1646	-3.17074e-07
1647	-1.63331e-07
1648	9.77939e-08
1649	9.87431e-08
1650	-7.93624e-08
1651	-2.00107e-07
1652	-5.69521e-08
1653	2.21377e-07
1654	2.28018e-07
1655	4.06655e-08
1656	-1.14266e-07
1657	-2.65959e-08
1658	2.46385e-07
1659	2.70688e-07
1660	1.18285e-07
1661	-8.02702e-08
1662	-6.82457e-08
1663	1.67852e-07
1664	2.36263e-07
1665	1.33963e-07
1666	-8.69265e-08
1667	-1.23479e-07
1668	8.04074e-08
1669	1.75845e-07
1670	8.76371e-08
1671	-1.33264e-07
1672	-1.87889e-07
1673	1.13233e-08
1674	1.73198e-07
1675	1.00599e-07
1676	-1.1121e-07
1677	-2.26874e-07
1678	-6.96352e-08
1679	1.48625e-07
1680	1.09031e-07
1681	-8.01875e-08
1682	-2.12239e-07
1683	-8.91251e-08
1684	1.73699e-07
1685	1.71947e-07
1686	-1.65526e-08
1687	-1.74842e-07
1688	-1.08903e-07
1689	1.52754e-07
1690	1.69488e-07
1691	1.50426e-08
1692	-1.85777e-07
1693	-1.63081e-07
1694	9.62977e-08
1695	1.37636e-07
1696	2.29526e-08
1697	-1.63502e-07
1698	-1.31913e-07
1699	1.41762e-07
1700	2.17581e-07
1701	1.13874e-07
1702	-7.99205e-08
1703	-7.3286e-08
1704	1.75091e-07
1705	2.65232e-07
1706	1.66751e-07
1707	-4.47334e-08
1708	-1.29778e-07
1709	5.45942e-08
1710	2.24027e-07
1711	1.45663e-07
1712	-6.50071e-08
1713	-2.35417e-07
1714	-1.35111e-07
1715	8.99996e-08
1716	5.31214e-08
1717	-1.48843e-07
1718	-3.16901e-07
1719	-2.37297e-07
1720	4.80629e-08
1721	6.72815e-08
1722	-6.69666e-08
1723	-2.06654e-07
1724	-1.42271e-07
1725	1.38905e-07
1726	1.70166e-07
1727	6.53536e-08
1728	-8.15542e-08
1729	-2.72761e-08
1730	2.40282e-07
1731	3.00791e-07
1732	1.91339e-07
1733	2.29643e-08
1734	2.79323e-08
1735	2.68906e-07
1736	3.62224e-07
1737	2.62074e-07
1738	6.10967e-08
1739	-1.93781e-08
1740	1.55194e-07
1741	2.79734e-07
1742	1.88699e-07
1743	-2.97238e-08
1744	-1.67739e-07
1745	-2.79304e-08
1746	1.39064e-07
1747	7.07083e-08
1748	-1.32425e-07
1749	-2.74942e-07
1750	-1.73986e-07
1751	2.89859e-08
1752	-2.66511e-08
1753	-1.82088e-07
1754	-3.20271e-07
1755	-2.28318e-07
1756	2.86207e-08
1757	4.01003e-08
1758	-6.7156e-08
1759	-1.92385e-07
1760	-1.36746e-07
1761	1.2864e-07
1762	1.91765e-07
1763	1.15598e-07
1764	-3.46009e-08
1765	-4.6038e-08
1766	1.87641e-07
1767	2.63813e-07
1768	1.71042e-07
1769	6.94174e-09
1770	-3.06268e-08
1771	1.71291e-07
1772	2.54722e-07
1773	1.85937e-07
1774	4.57604e-08
1775	1.40149e-09
1776	1.83753e-07
1777	2.65787e-07
1778	1.94154e-07
1779	5.49434e-08
1780	-1.26734e-08
1781	1.16341e-07
1782	2.10779e-07
1783	1.71347e-07
1784	2.35429e-08
1785	-6.81293e-08
1786	-5.13576e-10
1787	1.07802e-07
1788	9.50617e-08
1789	-6.58127e-08
1790	-2.14205e-07
1791	-1.87153e-07
1792	-6.03276e-08
1793	-7.90407e-08
1794	-1.92114e-07
1795	-3.40937e-07
1796	-3.01917e-07
1797	-1.26138e-07
1798	-1.01818e-07
1799	-1.72077e-07
1800	-2.66796e-07
1801	-2.17993e-07
1802	3.10138e-08
1803	8.36702e-08
1804	4.78268e-08
1805	-2.01511e-08
1806	-6.39447e-09
1807	2.07921e-07
1808	2.74348e-07
1809	2.38324e-07
1810	1.52029e-07
1811	1.10826e-07
1812	2.07406e-07
1813	2.22158e-07
1814	1.90743e-07
1815	7.74449e-08
1816	3.51088e-08
1817	1.33687e-07
1818	1.43943e-07
1819	1.28334e-07
1820	4.42173e-08
1821	1.44399e-08
1822	1.14245e-07
1823	1.50637e-07
1824	1.50802e-07
1825	7.74362e-08
1826	6.28078e-08
1827	1.37484e-07
1828	1.49334e-07
1829	1.31612e-07
1830	4.71982e-08
1831	2.11166e-08
1832	5.62599e-08
1833	2.93817e-08
1834	7.58057e-10
1835	-5.9623e-08
1836	-1.26935e-07
1837	-1.07305e-07
1838	-9.54091e-08
1839	-1.5477e-07
1840	-2.06097e-07
1841	-2.9544e-07
1842	-2.70539e-07
1843	-1.9213e-07
1844	-1.91444e-07
1845	-2.01913e-07
1846	-2.42461e-07
1847	-1.76948e-07
1848	-2.83646e-08
1849	-4.36262e-08
1850	-4.10884e-08
1851	-8.21183e-08
1852	4.50195e-10
1853	1.74325e-07
1854	1.80987e-07
1855	2.01984e-07
1856	1.51465e-07
1857	1.876e-07
1858	3.10696e-07
1859	2.77366e-07
1860	2.68097e-07
1861	2.12527e-07
1862	2.20851e-07
1863	2.99985e-07
1864	2.08352e-07
1865	1.34026e-07
1866	5.01671e-08
1867	6.37569e-08
1868	1.44429e-07
1869	6.38229e-08
1870	-4.47725e-08
1871	-1.21197e-07
1872	-7.79793e-08
1873	3.26966e-08
1874	-1.25093e-08
1875	-9.76312e-08
1876	-1.59258e-07
1877	-8.72916e-08
1878	4.88547e-08
1879	4.39726e-08
1880	-3.33011e-08
1881	-8.98261e-08
1882	-1.25129e-08
1883	1.22673e-07
1884	1.31999e-07
1885	1.78171e-08
1886	-8.63716e-08
1887	-2.65414e-08
1888	1.07973e-07
1889	1.2115e-07
1890	-4.18314e-09
1891	-1.17954e-07
1892	-5.99181e-08
1893	6.45766e-08
1894	1.29892e-07
1895	-7.25578e-09
1896	-1.3124e-07
1897	-9.75138e-08
1898	6.73605e-08
1899	1.78154e-07
1900	4.81996e-08
1901	-8.46537e-08
1902	-1.06314e-07
1903	5.23989e-08
1904	2.40551e-07
1905	1.63923e-07
1906	1.88847e-08
1907	-6.72435e-08
1908	4.85281e-08
1909	2.34075e-07
1910	1.9804e-07
1911	2.47704e-08
1912	-9.73147e-08
1913	5.36619e-09
1914	1.93197e-07
1915	1.44851e-07
1916	-4.10573e-08
1917	-1.65885e-07
1918	-3.13058e-08
1919	1.77395e-07
1920	1.62834e-07
1921	-2.40726e-08
1922	-1.37576e-07
1923	-4.97999e-09
1924	2.35729e-07
1925	2.64988e-07
1926	9.94434e-08
1927	-3.36895e-08
1928	3.15805e-08
1929	2.55349e-07
1930	2.95685e-07
1931	1.37728e-07
1932	-5.69321e-08
1933	-5.4789e-08
1934	1.25245e-07
1935	1.61501e-07
1936	3.51587e-08
1937	-1.70389e-07
1938	-1.8199e-07
1939	3.7515e-09
1940	7.19797e-08
1941	-4.66474e-08
1942	-2.69227e-07
1943	-3.07785e-07
1944	-8.64612e-08
1945	7.5809e-08
1946	-2.56626e-09
1947	-2.14588e-07
1948	-2.99766e-07
1949	-1.10148e-07
1950	1.17596e-07
1951	8.8387e-08
1952	-9.79111e-08
1953	-2.23212e-07
1954	-9.99533e-08
1955	1.47758e-07
1956	1.53981e-07
1957	-1.88397e-08
1958	-1.54367e-07
1959	-6.1432e-08
1960	2.02011e-07
1961	2.15894e-07
1962	4.15049e-08
1963	-1.237e-07
1964	-4.74313e-08
1965	2.30672e-07
1966	2.55264e-07
1967	9.8741e-08
1968	-1.0591e-07
1969	-8.15839e-08
1970	1.82274e-07
1971	2.40191e-07
1972	1.34879e-07
1973	-6.87347e-08
1974	-7.52903e-08
1975	1.51991e-07
1976	2.5266e-07
1977	1.79976e-07
1978	-3.08245e-08
1979	-1.02723e-07
1980	7.55036e-08
1981	2.34089e-07
1982	1.62277e-07
1983	-5.67481e-08
1984	-2.20338e-07
1985	-1.01362e-07
1986	1.0989e-07
1987	5.43934e-08
1988	-1.69722e-07
1989	-3.29929e-07
1990	-2.08654e-07
1991	8.17327e-08
1992	6.68384e-08
1993	-1.26213e-07
1994	-3.00107e-07
1995	-2.20753e-07
1996	6.24356e-08
1997	7.67258e-08
1998	-5.4052e-08
1999	-2.21609e-07
2000	-1.58039e-07
2001	1.19655e-07
2002	1.98625e-07
2003	1.18189e-07
2004	-3.62364e-08
2005	-7.02226e-09
2006	2.58084e-07
2007	3.7093e-07
2008	3.54266e-07
2009	1.32397e-07
2010	9.60688e-08
2011	3.13661e-07
2012	4.23598e-07
2013	3.11796e-07
2014	8.43488e-08
2015	-2.56673e-08
2016	1.47442e-07
2017	3.35207e-07
2018	2.3102e-07
2019	-1.56005e-08
2020	-2.09933e-07
2021	-1.32868e-07
2022	7.72261e-08
2023	2.65112e-08
2024	-1.46066e-07
2025	-3.14212e-07
2026	-2.64023e-07
2027	-2.23725e-09
2028	2.4567e-08
2029	-8.30241e-08
2030	-2.3588e-07
2031	-2.01505e-07
2032	5.91109e-08
2033	1.08568e-07
2034	1.58198e-08
2035	-1.4055e-07
2036	-1.11603e-07
2037	1.43234e-07
2038	2.05351e-07
2039	9.27197e-08
2040	-8.45318e-08
2041	-8.98531e-08
2042	1.51954e-07
2043	2.49686e-07
2044	1.43198e-07
2045	-5.12227e-08
2046	-1.13456e-07
2047	8.0943e-08
2048	2.20493e-07
2049	1.59534e-07
2050	3.45134e-09
2051	-8.9801e-08
2052	3.30347e-08
2053	1.88732e-07
2054	1.61639e-07
2055	1.02296e-08
2056	-1.25019e-07
2057	-6.60658e-08
2058	6.85282e-08
2059	5.73786e-08
2060	-9.3636e-08
2061	-2.39321e-07
2062	-1.69941e-07
2063	5.09989e-08
2064	4.76299e-08
2065	-8.19318e-08
2066	-2.39526e-07
2067	-1.90222e-07
2068	6.52557e-08
2069	1.36187e-07
2070	5.89192e-08
2071	-7.99842e-08
2072	-7.80884e-08
2073	1.50149e-07
2074	2.43964e-07
2075	1.95426e-07
2076	7.69128e-08
2077	2.56142e-08
2078	1.99932e-07
2079	2.61325e-07
2080	1.95031e-07
2081	1.03019e-07
2082	-7.57147e-10
2083	1.24763e-07
2084	1.58577e-07
2085	9.9086e-08
2086	-3.42767e-08
2087	-9.44137e-08
2088	2.93687e-08
2089	6.20649e-08
2090	7.58579e-08
2091	-6.84959e-08
2092	-1.25288e-07
2093	-3.7029e-08
2094	9.96014e-09
2095	2.80567e-08
2096	-7.85976e-08
2097	-1.51281e-07
2098	-8.90338e-08
2099	-1.06364e-09
2100	2.2312e-08
2101	-5.64257e-08
2102	-1.46205e-07
2103	-1.48602e-07
2104	-2.17966e-08
2105	7.94701e-10
2106	-5.01472e-08
2107	-1.5348e-07
2108	-1.32271e-07
2109	9.04918e-09
2110	2.32659e-09
2111	-5.04985e-08
2112	-1.32221e-07
2113	-9.58014e-08
2114	8.03781e-08
2115	1.18652e-07
2116	1.31019e-07
2117	6.43227e-08
2118	7.99887e-08
2119	2.22837e-07
2120	2.48414e-07
2121	2.75177e-07
2122	1.87507e-07
2123	1.79093e-07
2124	2.50952e-07
2125	2.57741e-07
2126	2.5259e-07
2127	1.68425e-07
2128	1.35933e-07
2129	2.18867e-07
2130	1.9671e-07
2131	1.62121e-07
2132	7.95479e-08
2133	4.90561e-08
2134	1.23165e-07
2135	6.20056e-08
2136	1.08508e-08
2137	-6.4839e-08
2138	-9.78171e-08
2139	-2.59042e-08
2140	-1.0486e-07
2141	-1.85145e-07
2142	-2.39403e-07
2143	-2.33417e-07
2144	-1.49304e-07
2145	-1.69256e-07
2146	-2.04551e-07
2147	-2.10145e-07
2148	-1.50048e-07
2149	-4.15981e-08
2150	-5.88944e-09
2151	-5.70351e-08
2152	-6.11366e-08
2153	-2.13902e-08
2154	9.87968e-08
2155	2.04671e-07
2156	1.36079e-07
2157	1.11308e-07
2158	1.12288e-07
2159	2.28614e-07
2160	3.28263e-07
2161	2.35667e-07
2162	1.67646e-07
2163	1.07237e-07
2164	1.81033e-07
2165	2.83707e-07
2166	1.76126e-07
2167	6.86533e-08
2168	-2.9034e-08
2169	1.53348e-08
2170	1.14683e-07
2171	2.35384e-08
2172	-9.00792e-08
2173	-1.67595e-07
2174	-1.10706e-07
2175	2.11322e-08
2176	-4.02438e-08
2177	-1.26006e-07
2178	-1.89626e-07
2179	-8.83742e-08
2180	9.92748e-08
2181	7.68461e-08
2182	-2.77299e-08
2183	-8.98567e-08
2184	4.12077e-08
2185	2.47276e-07
2186	2.38279e-07
2187	9.0484e-08
2188	4.94122e-09
2189	9.74633e-08
2190	2.70455e-07
2191	2.36155e-07
2192	6.36273e-08
2193	-7.29952e-08
2194	-2.24807e-08
2195	1.20484e-07
2196	1.07816e-07
2197	-5.73163e-08
2198	-2.14072e-07
2199	-1.85595e-07
2200	-2.38281e-08
2201	2.64346e-08
2202	-8.51682e-08
2203	-2.24035e-07
2204	-1.83247e-07
2205	1.6063e-08
2206	1.21963e-07
2207	3.36667e-08
2208	-1.19739e-07
2209	-1.08005e-07
2210	1.03424e-07
2211	2.63673e-07
2212	1.85297e-07
2213	1.04771e-09
2214	-8.00865e-08
2215	9.6638e-08
2216	2.75445e-07
2217	2.0494e-07
2218	-7.34732e-09
2219	-1.57039e-07
2220	-3.43824e-08
2221	1.69783e-07
2222	1.36006e-07
2223	-6.46998e-08
2224	-2.15807e-07
2225	-1.03879e-07
2226	1.30587e-07
2227	1.49402e-07
2228	-3.78009e-08
2229	-1.8225e-07
2230	-8.43462e-08
2231	1.72452e-07
2232	1.93249e-07
2233	1.17234e-08
2234	-1.58743e-07
2235	-9.94378e-08
2236	1.65166e-07
2237	1.99083e-07
2238	4.80779e-08
2239	-1.40974e-07
2240	-1.065e-07
2241	1.38774e-07
2242	1.97287e-07
2243	8.42845e-08
2244	-1.29926e-07
2245	-1.6337e-07
2246	3.52889e-08
2247	1.69186e-07
2248	1.06364e-07
2249	-1.00891e-07
2250	-2.07676e-07
2251	-5.18521e-08
2252	1.42213e-07
2253	9.69422e-08
2254	-9.96849e-08
2255	-2.22142e-07
2256	-7.58236e-08
2257	1.76799e-07
2258	1.52586e-07
2259	-4.04919e-08
2260	-1.75749e-07
2261	-5.46119e-08
2262	2.11284e-07
2263	2.05532e-07
2264	2.05026e-08
2265	-1.40871e-07
2266	-6.19609e-08
2267	2.07506e-07
2268	2.25568e-07
2269	7.89267e-08
2270	-1.21386e-07
2271	-1.01095e-07
2272	1.56842e-07
2273	2.42049e-07
2274	1.41969e-07
2275	-6.07782e-08
2276	-7.42698e-08
2277	1.52893e-07
2278	2.68622e-07
2279	1.72997e-07
2280	-4.26281e-08
2281	-9.20373e-08
2282	1.22206e-07
2283	2.7061e-07
2284	1.63526e-07
2285	-8.14923e-08
2286	-2.12854e-07
2287	-6.20795e-08
2288	1.36953e-07
2289	4.54212e-08
2290	-1.72166e-07
2291	-3.24806e-07
2292	-2.14209e-07
2293	5.19767e-08
2294	4.82075e-08
2295	-1.22356e-07
2296	-2.8424e-07
2297	-2.14276e-07
2298	6.7919e-08
2299	1.09226e-07
2300	-8.30389e-09
2301	-1.7788e-07
2302	-1.19573e-07
2303	1.67327e-07
2304	2.32754e-07
2305	1.30213e-07
2306	-3.59054e-08
2307	4.84643e-09
2308	2.77552e-07
2309	3.66886e-07
2310	2.57749e-07
2311	5.12798e-08
2312	3.59709e-08
2313	2.57958e-07
2314	3.73824e-07
2315	2.60824e-07
2316	2.3664e-08
2317	-1.18033e-07
2318	1.27605e-08
2319	1.88976e-07
2320	1.10094e-07
2321	-1.21753e-07
2322	-3.16867e-07
2323	-2.42571e-07
2324	-1.06163e-08
2325	-2.61916e-08
2326	-1.92881e-07
2327	-3.55746e-07
2328	-2.79933e-07
2329	1.64365e-08
2330	4.45805e-08
2331	-8.93905e-08
2332	-2.34365e-07
2333	-1.64262e-07
2334	1.24093e-07
2335	1.48005e-07
2336	3.65287e-08
2337	-1.16832e-07
2338	-5.08744e-08
2339	2.2789e-07
2340	2.93662e-07
2341	1.82003e-07
2342	7.35332e-09
2343	-4.15864e-10
2344	2.32334e-07
2345	3.3823e-07
2346	2.44892e-07
2347	3.98496e-08
2348	-6.08676e-08
2349	1.11216e-07
2350	2.29939e-07
2351	1.71238e-07
2352	-4.4791e-08
2353	-1.90565e-07
2354	-5.7495e-08
2355	1.4144e-07
2356	8.43602e-08
2357	-9.11624e-08
2358	-2.46749e-07
2359	-1.63786e-07
2360	5.99872e-08
2361	4.23518e-08
2362	-8.2705e-08
2363	-2.10913e-07
2364	-1.26584e-07
2365	1.39043e-07
2366	1.67622e-07
2367	5.78738e-08
2368	-9.14127e-08
2369	-7.01658e-08
2370	1.6942e-07
2371	2.14244e-07
2372	1.08746e-07
2373	-7.03079e-08
2374	-1.04295e-07
2375	9.75257e-08
2376	1.70891e-07
2377	7.25463e-08
2378	-1.01202e-07
2379	-1.3989e-07
2380	5.43859e-08
2381	1.61783e-07
2382	8.59131e-08
2383	-6.27964e-08
2384	-1.00125e-07
2385	8.10047e-08
2386	1.68409e-07
2387	1.19525e-07
2388	-1.1259e-08
2389	-6.35803e-08
2390	7.13335e-08
2391	1.73529e-07
2392	1.75134e-07
2393	3.25063e-08
2394	-7.3195e-08
2395	2.39925e-09
2396	1.18372e-07
2397	1.2654e-07
2398	-1.78302e-08
2399	-1.75385e-07
2400	-1.45644e-07
2401	1.6614e-08
2402	-1.78786e-09
2403	-1.06461e-07
2404	-2.51431e-07
2405	-2.11697e-07
2406	-1.36014e-08
2407	2.5392e-08
2408	-1.74729e-08
2409	-1.06699e-07
2410	-4.6435e-08
2411	1.86294e-07
2412	2.61387e-07
2413	2.13865e-07
2414	1.24342e-07
2415	9.89515e-08
2416	2.73093e-07
2417	3.14583e-07
2418	2.55833e-07
2419	1.43448e-07
2420	6.5122e-08
2421	1.37036e-07
2422	1.18191e-07
2423	6.75787e-08
2424	-6.06586e-08
2425	-1.30748e-07
2426	-3.37678e-08
2427	-1.54578e-08
2428	-2.38431e-08
2429	-1.09634e-07
2430	-1.42977e-07
2431	-4.28999e-08
2432	-3.4506e-09
2433	-1.92622e-09
2434	-7.29064e-08
2435	-6.82607e-08
2436	2.31244e-08
2437	2.49635e-08
2438	3.00675e-08
2439	-4.27905e-08
2440	-4.444e-08
2441	2.61776e-08
2442	2.82224e-08
2443	2.30313e-08
2444	-1.78895e-08
2445	-3.98584e-08
2446	2.02977e-09
2447	2.13763e-08
2448	-2.7589e-08
2449	-8.84662e-08
2450	-1.45549e-07
2451	-1.08935e-07
2452	-3.78056e-08
2453	-7.58259e-08
2454	-8.60022e-08
2455	-1.17168e-07
2456	-4.98578e-08
2457	7.47546e-08
2458	5.5139e-08
2459	6.39751e-08
2460	2.23579e-08
2461	1.08072e-07
2462	2.47258e-07
2463	2.14209e-07
2464	2.06201e-07
2465	1.49931e-07
2466	1.78247e-07
2467	2.87942e-07
2468	2.29452e-07
2469	1.96279e-07
2470	1.36831e-07
2471	1.42991e-07
2472	2.21493e-07
2473	1.14038e-07
2474	1.43035e-08
2475	-7.88052e-08
2476	-6.54635e-08
2477	-1.72525e-09
2478	-8.96111e-08
2479	-1.93556e-07
2480	-2.58738e-07
2481	-1.69629e-07
2482	-6.23067e-08
2483	-7.93052e-08
2484	-1.58753e-07
2485	-2.07812e-07
2486	-8.17969e-08
2487	8.17235e-08
2488	8.79263e-08
2489	-3.04596e-08
2490	-1.05142e-07
2491	8.94827e-09
2492	1.80738e-07
2493	2.14087e-07
2494	8.71726e-08
2495	-2.21776e-08
2496	7.27417e-08
2497	2.23008e-07
2498	2.52549e-07
2499	1.04979e-07
2500	-2.3447e-08
2501	5.50433e-08
2502	2.15771e-07
2503	2.75008e-07
2504	1.26808e-07
2505	-2.44583e-08
2506	-2.52186e-08
2507	1.32974e-07
2508	2.85437e-07
2509	1.78308e-07
2510	-9.87252e-09
2511	-9.68103e-08
2512	2.34278e-08
2513	2.04208e-07
2514	1.46897e-07
2515	-4.20347e-08
2516	-1.88849e-07
2517	-1.05265e-07
2518	7.72493e-08
2519	4.57133e-08
2520	-1.29426e-07
2521	-2.51373e-07
2522	-1.30402e-07
2523	8.32714e-08
2524	7.46644e-08
2525	-1.10699e-07
2526	-2.14159e-07
2527	-6.73781e-08
2528	1.74796e-07
2529	1.65225e-07
2530	-1.21793e-08
2531	-1.34156e-07
2532	-2.65469e-08
2533	2.16546e-07
2534	2.48176e-07
2535	9.82495e-08
2536	-5.04679e-08
2537	-2.10171e-08
2538	1.91518e-07
2539	2.49454e-07
2540	1.23461e-07
2541	-7.01619e-08
2542	-7.8234e-08
2543	1.13508e-07
2544	2.1077e-07
2545	1.04415e-07
2546	-9.63423e-08
2547	-1.4222e-07
2548	4.33318e-08
2549	1.82106e-07
2550	7.95627e-08
2551	-1.39507e-07
2552	-2.51051e-07
2553	-8.78711e-08
2554	1.1475e-07
2555	7.05299e-08
2556	-1.26504e-07
2557	-2.4869e-07
2558	-1.03258e-07
2559	1.35068e-07
2560	1.31914e-07
2561	-4.54208e-08
2562	-1.73551e-07
2563	-5.64725e-08
2564	1.92087e-07
2565	2.18848e-07
2566	4.82821e-08
2567	-1.15174e-07
2568	-5.62531e-08
2569	1.89345e-07
2570	2.21859e-07
2571	6.76304e-08
2572	-1.25832e-07
2573	-9.09433e-08
2574	1.58382e-07
2575	1.99916e-07
2576	5.25084e-08
2577	-1.54854e-07
2578	-1.3525e-07
2579	1.09633e-07
2580	1.98946e-07
2581	7.4063e-08
2582	-1.55305e-07
2583	-2.18153e-07
2584	-2.46073e-08
2585	1.34228e-07
2586	6.01176e-08
2587	-1.51661e-07
2588	-2.85835e-07
2589	-1.50907e-07
2590	7.47914e-08
2591	5.85447e-08
2592	-1.18482e-07
2593	-2.37322e-07
2594	-9.73484e-08
2595	1.64083e-07
2596	1.7537e-07
2597	-1.12285e-08
2598	-1.50818e-07
2599	-3.50637e-08
2600	2.33335e-07
2601	2.38716e-07
2602	7.55002e-08
2603	-7.84463e-08
2604	-2.45166e-09
2605	2.76821e-07
2606	3.15923e-07
2607	1.68546e-07
2608	-3.61543e-08
2609	-2.41701e-08
2610	2.20971e-07
2611	3.15309e-07
2612	2.01049e-07
2613	-2.411e-08
2614	-7.42833e-08
2615	1.13981e-07
2616	2.46964e-07
2617	1.42658e-07
2618	-9.28168e-08
2619	-2.07357e-07
2620	-5.53077e-08
2621	1.23511e-07
2622	3.1809e-08
2623	-2.00736e-07
2624	-3.33617e-07
2625	-1.84323e-07
2626	6.34011e-08
2627	3.22865e-08
2628	-1.65275e-07
2629	-2.99942e-07
2630	-1.67316e-07
2631	9.75292e-08
2632	9.22245e-08
2633	-6.62148e-08
2634	-2.08591e-07
2635	-1.15798e-07
2636	1.75722e-07
2637	2.16639e-07
2638	9.03458e-08
2639	-8.46452e-08
2640	-3.79001e-08
2641	2.46741e-07
2642	3.28258e-07
2643	2.1435e-07
2644	1.97122e-08
2645	2.49766e-08
2646	2.67825e-07
2647	3.5132e-07
2648	2.36106e-07
2649	7.75798e-09
2650	-3.72416e-08
2651	1.70605e-07
2652	3.04985e-07
2653	2.00958e-07
2654	-3.5365e-08
2655	-1.8936e-07
2656	-6.09716e-08
2657	1.31944e-07
2658	6.54999e-08
2659	-1.38417e-07
2660	-3.06145e-07
2661	-2.20898e-07
2662	3.20181e-08
2663	3.52368e-08
2664	-1.34111e-07
2665	-2.8941e-07
2666	-2.13903e-07
2667	7.13389e-08
2668	1.05458e-07
2669	-3.36158e-08
2670	-2.0574e-07
2671	-1.3777e-07
2672	1.49329e-07
2673	1.8653e-07
2674	5.71053e-08
2675	-1.19717e-07
2676	-6.88115e-08
2677	2.09937e-07
2678	2.64397e-07
2679	1.50806e-07
2680	-4.37173e-08
2681	-4.94693e-08
2682	1.81002e-07
2683	2.74072e-07
2684	1.8394e-07
2685	-2.92868e-08
2686	-1.42907e-07
2687	1.59264e-08
2688	1.90059e-07
2689	1.06535e-07
2690	-1.08684e-07
2691	-2.69187e-07
2692	-1.60063e-07
2693	7.05231e-08
2694	2.99874e-08
2695	-1.61152e-07
2696	-3.10298e-07
2697	-2.2699e-07
2698	6.26562e-08
2699	8.543e-08
2700	-3.70223e-08
2701	-1.7134e-07
2702	-9.93295e-08
2703	1.80323e-07
2704	2.23092e-07
2705	1.19649e-07
2706	-3.41401e-08
2707	-7.90338e-09
2708	2.31305e-07
2709	2.72727e-07
2710	1.68389e-07
2711	-1.23071e-08
2712	-3.78067e-08
2713	1.76914e-07
2714	2.66976e-07
2715	1.60923e-07
2716	-3.68375e-08
2717	-1.23177e-07
2718	7.30924e-08
2719	2.0144e-07
2720	1.14659e-07
2721	-7.78746e-08
2722	-1.65658e-07
2723	-2.97149e-09
2724	1.07053e-07
2725	7.69104e-08
2726	-1.019e-07
2727	-1.94679e-07
2728	-7.33761e-08
2729	1.02684e-07
2730	5.64787e-08
2731	-9.6063e-08
2732	-2.37397e-07
2733	-1.77242e-07
2734	9.20949e-09
2735	5.65707e-09
2736	-1.10912e-07
2737	-2.59243e-07
2738	-2.11117e-07
2739	3.25122e-08
2740	7.26027e-08
2741	-1.43071e-08
2742	-1.57353e-07
2743	-1.2292e-07
2744	1.41318e-07
2745	2.35918e-07
2746	1.73054e-07
2747	4.86992e-08
2748	3.41801e-08
2749	2.4955e-07
2750	3.14502e-07
2751	2.44496e-07
2752	1.13082e-07
2753	6.10349e-08
2754	2.2303e-07
2755	2.75856e-07
2756	2.01255e-07
2757	6.71115e-08
2758	-8.90971e-09
2759	1.0538e-07
2760	1.37849e-07
2761	1.15433e-07
2762	-7.22118e-09
2763	-7.28151e-08
2764	7.09393e-09
2765	6.47719e-08
2766	5.64039e-08
2767	-9.05505e-08
2768	-1.81075e-07
2769	-1.1642e-07
2770	-1.183e-08
2771	-2.14647e-08
2772	-1.26535e-07
2773	-2.12885e-07
2774	-1.5261e-07
2775	-4.6473e-08
2776	-2.85869e-08
2777	-1.06326e-07
2778	-1.91246e-07
2779	-1.48924e-07
2780	9.26482e-09
2781	1.73137e-08
2782	-4.71203e-08
2783	-1.26315e-07
2784	-1.18407e-07
2785	5.30303e-08
2786	9.33054e-08
2787	9.68634e-08
2788	2.14052e-08
2789	3.28103e-08
2790	1.83685e-07
2791	2.05243e-07
2792	2.0013e-07
2793	1.06825e-07
2794	9.06138e-08
2795	2.06364e-07
2796	2.19256e-07
2797	2.28175e-07
2798	1.42075e-07
2799	1.17149e-07
2800	2.22046e-07
2801	2.32287e-07
2802	2.22102e-07
2803	1.43661e-07
2804	1.16489e-07
2805	2.05279e-07
2806	1.91118e-07
2807	1.66076e-07
2808	8.93366e-08
2809	6.38846e-08
2810	1.1189e-07
2811	3.35825e-08
2812	-1.85894e-08
2813	-9.28467e-08
2814	-1.35919e-07
2815	-8.75932e-08
2816	-1.40835e-07
2817	-2.198e-07
2818	-2.93255e-07
2819	-2.91216e-07
2820	-2.35056e-07
2821	-2.13833e-07
2822	-2.40741e-07
2823	-2.61801e-07
2824	-2.26655e-07
2825	-1.255e-07
2826	-3.03156e-08
2827	-8.14524e-08
2828	-8.33084e-08
2829	-1.04356e-07
2830	1.78193e-09
2831	1.55628e-07
2832	1.18956e-07
2833	1.1424e-07
2834	8.07782e-08
2835	1.55051e-07
2836	3.00287e-07
2837	2.45802e-07
2838	2.00808e-07
2839	1.36731e-07
2840	1.73317e-07
2841	2.74514e-07
2842	1.80441e-07
2843	7.41266e-08
2844	-7.87142e-09
2845	2.96929e-08
2846	1.41313e-07
2847	4.98699e-08
2848	-3.80949e-08
2849	-1.17188e-07
2850	-4.94186e-08
2851	6.99126e-08
2852	4.3159e-08
2853	-1.32768e-08
2854	-7.19856e-08
2855	1.91244e-08
2856	1.93082e-07
2857	2.01883e-07
2858	1.10417e-07
2859	4.1886e-08
2860	8.78968e-08
2861	2.26262e-07
2862	2.21312e-07
2863	7.68197e-08
2864	-4.79809e-08
2865	-2.04458e-08
2866	1.01794e-07
2867	8.58622e-08
2868	-8.41163e-08
2869	-2.13731e-07
2870	-1.68854e-07
2871	-6.46167e-08
2872	-2.7461e-08
2873	-1.63921e-07
2874	-2.73426e-07
2875	-2.11284e-07
2876	-1.92191e-08
2877	1.03652e-07
2878	1.2481e-08
2879	-1.08684e-07
2880	-1.11206e-07
2881	5.83441e-08
2882	2.43377e-07
2883	1.66563e-07
2884	3.19554e-08
2885	-5.11896e-08
2886	8.34113e-08
2887	2.68432e-07
2888	2.04743e-07
2889	4.28642e-08
2890	-6.12247e-08
2891	4.76085e-08
2892	2.18574e-07
2893	1.37385e-07
2894	-4.47181e-08
2895	-1.76403e-07
2896	-6.25888e-08
2897	1.3806e-07
2898	1.07979e-07
2899	-5.39251e-08
2900	-1.80465e-07
2901	-8.39049e-08
2902	1.53595e-07
2903	1.81062e-07
2904	6.03778e-08
2905	-6.93334e-08
2906	-3.32995e-09
2907	2.38938e-07
2908	2.93493e-07
2909	1.78296e-07
2910	2.46302e-08
2911	3.64598e-08
2912	2.52591e-07
2913	2.9403e-07
2914	2.12711e-07
2915	-2.68711e-08
2916	-3.42355e-08
2917	1.56598e-07
2918	1.89357e-07
2919	3.98727e-08
2920	-1.93333e-07
2921	-2.3737e-07
2922	-3.38679e-08
2923	1.02521e-07
2924	7.3972e-09
2925	-2.14223e-07
2926	-3.29465e-07
2927	-1.81016e-07
2928	3.41468e-08
2929	7.53665e-09
2930	-1.78563e-07
2931	-3.07041e-07
2932	-1.73129e-07
2933	8.15716e-08
2934	8.67344e-08
2935	-9.35709e-08
2936	-2.18391e-07
2937	-9.65702e-08
2938	1.85339e-07
2939	2.01103e-07
2940	2.49514e-08
2941	-1.28341e-07
2942	-3.47126e-08
2943	2.5371e-07
2944	2.82905e-07
2945	1.33243e-07
2946	-6.80823e-08
2947	-5.18942e-08
2948	2.00042e-07
2949	2.59029e-07
2950	1.59775e-07
2951	-4.91895e-08
2952	-7.616e-08
2953	1.31828e-07
2954	2.18878e-07
2955	1.51142e-07
2956	-6.21437e-08
2957	-1.32079e-07
2958	5.13325e-08
2959	1.92396e-07
2960	1.17567e-07
2961	-1.0426e-07
2962	-2.31901e-07
2963	-7.82262e-08
2964	1.29011e-07
2965	3.63306e-08
2966	-1.93918e-07
2967	-3.34806e-07
2968	-1.98153e-07
2969	8.64219e-08
2970	6.77983e-08
2971	-1.23075e-07
2972	-2.84673e-07
2973	-2.22319e-07
2974	4.99615e-08
2975	7.1916e-08
2976	-4.69508e-08
2977	-2.2055e-07
2978	-1.80141e-07
2979	7.50955e-08
2980	1.35174e-07
2981	6.20542e-08
2982	-8.99635e-08
2983	-4.65148e-08
2984	2.31239e-07
2985	3.30044e-07
2986	2.42611e-07
2987	6.82628e-08
2988	5.68974e-08
2989	3.00841e-07
2990	4.03752e-07
2991	2.99985e-07
2992	8.68111e-08
2993	-2.96313e-09
2994	1.83565e-07
2995	3.32884e-07
2996	2.33951e-07
2997	5.88336e-09
2998	-1.66919e-07
2999	-8.12829e-08
3000	9.53061e-08
3001	3.82018e-08
3002	-1.42228e-07
3003	-3.21518e-07
3004	-2.82917e-07
3005	-6.50084e-08
3006	-6.63417e-08
3007	-1.87226e-07
3008	-3.2897e-07
3009	-2.58933e-07
3010	2.80391e-08
3011	7.36241e-08
3012	-3.09754e-08
3013	-1.75166e-07
3014	-1.21451e-07
3015	1.61326e-07
3016	2.06788e-07
3017	9.63417e-08
3018	-7.51785e-08
3019	-7.26047e-08
3020	1.60345e-07
3021	2.43082e-07
3022	1.67012e-07
3023	4.75039e-09
3024	-5.48823e-08
3025	1.33089e-07
3026	2.41715e-07
3027	1.92612e-07
3028	5.77202e-08
3029	-3.60292e-09
3030	1.4269e-07
3031	2.51169e-07
3032	1.98433e-07
3033	6.0901e-08
3034	-2.1853e-08
3035	9.13337e-08
3036	2.1974e-07
3037	1.6871e-07
3038	4.35326e-09
3039	-1.36084e-07
3040	-7.71382e-08
3041	7.23843e-08
3042	3.15745e-08
3043	-1.25983e-07
3044	-2.91911e-07
3045	-2.67441e-07
3046	-1.00551e-07
3047	-7.10797e-08
3048	-1.54018e-07
3049	-2.76799e-07
3050	-2.42845e-07
3051	-2.67995e-08
3052	4.90306e-08
3053	3.30546e-08
3054	-4.83501e-08
3055	-2.64224e-08
3056	2.03429e-07
3057	2.8472e-07
3058	2.33473e-07
3059	1.28966e-07
3060	8.75172e-08
3061	2.47205e-07
3062	2.70783e-07
3063	1.76896e-07
3064	8.04608e-08
3065	-2.11419e-08
3066	7.9765e-08
3067	7.0041e-08
3068	2.91156e-08
3069	-1.12903e-07
3070	-1.66719e-07
3071	-5.13461e-08
3072	-3.73755e-09
3073	1.45702e-08
3074	-4.63863e-08
3075	-7.31716e-08
3076	-1.25447e-08
3077	3.62575e-08
3078	6.70335e-08
3079	5.95629e-09
3080	9.01553e-09
3081	7.8517e-08
3082	1.32668e-07
3083	1.36214e-07
3084	6.24203e-08
3085	-7.49868e-09
3086	3.13959e-08
3087	8.70128e-08
3088	5.12281e-08
3089	-1.46484e-08
3090	-9.60014e-08
3091	-8.49183e-08
3092	1.12726e-08
3093	-3.2244e-08
3094	-6.39341e-08
3095	-1.66802e-07
3096	-1.5895e-07
3097	-4.09432e-08
3098	-5.29999e-08
3099	-5.60604e-08
3100	-1.10894e-07
3101	-7.02003e-08
3102	7.64102e-08
3103	9.7328e-08
3104	1.09522e-07
3105	4.87326e-08
3106	8.49353e-08
3107	2.18637e-07
3108	2.12252e-07
3109	2.10108e-07
3110	1.36421e-07
3111	1.3971e-07
3112	2.36092e-07
3113	1.8265e-07
3114	1.4791e-07
3115	8.71876e-08
3116	8.73415e-08
3117	1.62652e-07
3118	7.87888e-08
3119	-1.12262e-08
3120	-8.76253e-08
3121	-8.07425e-08
3122	-1.81629e-08
3123	-7.4483e-08
3124	-1.53299e-07
3125	-2.14146e-07
3126	-1.56432e-07
3127	-7.04038e-08
3128	-8.78347e-08
3129	-1.61684e-07
3130	-2.17337e-07
3131	-1.1779e-07
3132	2.50558e-08
3133	3.51371e-08
3134	-4.3965e-08
3135	-7.95171e-08
3136	3.57005e-08
3137	1.8879e-07
3138	2.25053e-07
3139	1.10503e-07
3140	2.12618e-08
3141	8.15733e-08
3142	2.2731e-07
3143	3.05054e-07
3144	1.7797e-07
3145	3.69065e-08
3146	1.63836e-09
3147	1.12781e-07
3148	2.22382e-07
3149	1.11726e-07
3150	-5.49987e-08
3151	-1.31044e-07
3152	-3.58092e-08
3153	1.2219e-07
3154	6.92031e-08
3155	-5.58041e-08
3156	-1.17078e-07
3157	9.6245e-09
3158	1.9843e-07
3159	1.52697e-07
3160	2.12324e-09
3161	-7.83935e-08
3162	5.19645e-08
3163	2.46275e-07
3164	1.88822e-07
3165	9.04896e-09
3166	-1.02011e-07
3167	-5.72846e-09
3168	1.83532e-07
3169	1.50864e-07
3170	-1.49949e-08
3171	-1.50806e-07
3172	-9.02629e-08
3173	9.08416e-08
3174	9.56105e-08
3175	-4.41549e-08
3176	-1.75429e-07
3177	-1.20047e-07
3178	8.71784e-08
3179	1.27068e-07
3180	1.14189e-08
3181	-1.1328e-07
3182	-6.38357e-08
3183	1.58885e-07
3184	2.19497e-07
3185	1.04184e-07
3186	-4.66529e-08
3187	-1.49433e-08
3188	1.8856e-07
3189	2.6625e-07
3190	1.60689e-07
3191	-2.82056e-08
3192	-5.15556e-08
3193	1.25406e-07
3194	2.46417e-07
3195	1.42525e-07
3196	-8.56178e-08
3197	-2.15505e-07
3198	-8.58271e-08
3199	8.63946e-08
3200	1.93156e-08
3201	-2.02555e-07
3202	-3.53326e-07
3203	-2.20742e-07
3204	1.35385e-08
3205	4.4573e-09
3206	-1.87442e-07
3207	-3.0699e-07
3208	-1.55798e-07
3209	1.14834e-07
3210	1.24259e-07
3211	-7.11067e-08
3212	-2.00128e-07
3213	-8.17229e-08
3214	2.00416e-07
3215	2.18016e-07
3216	6.3618e-08
3217	-1.03739e-07
3218	-4.66521e-08
3219	2.17109e-07
3220	2.73398e-07
3221	1.59808e-07
3222	-5.45332e-08
3223	-7.69407e-08
3224	1.41934e-07
3225	2.17317e-07
3226	1.68879e-07
3227	-7.34007e-08
3228	-1.08887e-07
3229	9.71681e-08
3230	2.13264e-07
3231	1.29384e-07
3232	-8.43312e-08
3233	-1.63707e-07
3234	2.03138e-08
3235	2.176e-07
3236	1.41966e-07
3237	-7.02307e-08
3238	-2.16826e-07
3239	-8.60651e-08
3240	1.6574e-07
3241	1.51888e-07
3242	-4.96741e-08
3243	-2.03438e-07
3244	-1.25408e-07
3245	1.37362e-07
3246	1.44787e-07
3247	-2.40538e-08
3248	-2.19547e-07
3249	-1.95202e-07
3250	6.16445e-08
3251	9.34946e-08
3252	-2.74921e-08
3253	-2.10179e-07
3254	-1.6318e-07
3255	1.21445e-07
3256	2.02036e-07
3257	9.46868e-08
3258	-8.38194e-08
3259	-5.23534e-08
3260	2.21527e-07
3261	3.13198e-07
3262	2.08331e-07
3263	3.18732e-09
3264	-3.64913e-08
3265	1.65893e-07
3266	3.09843e-07
3267	2.15961e-07
3268	-9.57983e-11
3269	-1.54936e-07
3270	-3.89189e-08
3271	1.64118e-07
3272	1.01814e-07
3273	-1.15134e-07
3274	-3.02888e-07
3275	-2.26141e-07
3276	3.98346e-08
3277	4.30601e-08
3278	-9.87637e-08
3279	-2.36633e-07
3280	-1.68583e-07
3281	1.21449e-07
3282	1.50889e-07
3283	3.53101e-08
3284	-1.13847e-07
3285	-6.01884e-08
3286	2.07048e-07
3287	2.45071e-07
3288	1.43498e-07
3289	-1.91812e-08
3290	8.22242e-10
3291	2.49455e-07
3292	3.31652e-07
3293	2.32623e-07
3294	4.27437e-08
3295	-2.04711e-08
3296	1.71114e-07
3297	2.83062e-07
3298	1.93776e-07
3299	-1.67063e-08
3300	-1.32036e-07
3301	2.21331e-08
3302	1.68007e-07
3303	1.02944e-07
3304	-1.02067e-07
3305	-2.29781e-07
3306	-1.08398e-07
3307	7.61857e-08
3308	1.12632e-08
3309	-1.58344e-07
3310	-2.86122e-07
3311	-1.98293e-07
3312	2.61857e-08
3313	1.88327e-09
3314	-1.24233e-07
3315	-2.56197e-07
3316	-1.84473e-07
3317	8.00527e-08
3318	1.30576e-07
3319	4.13699e-08
3320	-1.10369e-07
3321	-1.04898e-07
3322	1.42209e-07
3323	2.19815e-07
3324	1.2884e-07
3325	-2.65937e-08
3326	-5.07422e-08
3327	1.65678e-07
3328	2.53318e-07
3329	1.84823e-07
3330	4.24999e-08
3331	-1.80721e-09
3332	1.87571e-07
3333	2.63285e-07
3334	1.89265e-07
3335	5.04029e-08
3336	-7.30325e-09
3337	1.34168e-07
3338	1.99057e-07
3339	1.59562e-07
3340	2.83773e-08
3341	-4.07403e-08
3342	4.49874e-08
3343	1.08255e-07
3344	1.2908e-07
3345	-2.15713e-08
3346	-1.28428e-07
3347	-9.2515e-08
3348	-1.57822e-08
3349	-6.37196e-09
3350	-1.31978e-07
3351	-2.62608e-07
3352	-2.23653e-07
3353	-1.23207e-07
3354	-8.21045e-08
3355	-1.57651e-07
3356	-2.73127e-07
3357	-2.07274e-07
3358	-1.75311e-08
3359	5.22084e-09
3360	-5.87559e-08
3361	-1.39298e-07
3362	-8.81647e-08
3363	1.17956e-07
3364	1.79554e-07
3365	1.49979e-07
3366	7.90944e-08
3367	5.88351e-08
3368	2.13383e-07
3369	2.59421e-07
3370	2.56868e-07
3371	1.50548e-07
3372	1.19653e-07
3373	2.04084e-07
3374	2.01544e-07
3375	1.8074e-07
3376	8.14532e-08
3377	3.3396e-08
3378	1.35898e-07
3379	1.53626e-07
3380	1.43191e-07
3381	6.53405e-08
3382	3.88611e-08
3383	1.35788e-07
3384	1.44236e-07
3385	1.33845e-07
3386	6.74558e-08
3387	4.11156e-08
3388	1.14433e-07
3389	7.54488e-08
3390	4.12974e-08
3391	-3.3549e-08
3392	-6.79204e-08
3393	-2.23131e-08
3394	-5.95349e-08
3395	-1.14818e-07
3396	-1.75166e-07
3397	-2.18848e-07
3398	-1.74133e-07
3399	-1.38187e-07
3400	-1.72275e-07
3401	-1.92807e-07
3402	-2.15948e-07
3403	-1.41107e-07
3404	-5.19524e-08
3405	-8.47657e-08
3406	-9.02544e-08
3407	-1.17503e-07
3408	-2.88905e-08
3409	1.08209e-07
3410	8.04502e-08
3411	7.93283e-08
3412	4.75441e-08
3413	1.26408e-07
3414	2.79462e-07
3415	2.43651e-07
3416	2.22431e-07
3417	1.70057e-07
3418	1.8513e-07
3419	2.82644e-07
3420	1.91877e-07
3421	1.27827e-07
3422	6.25652e-08
3423	8.65677e-08
3424	1.64972e-07
3425	7.08057e-08
3426	-3.53142e-08
3427	-1.03346e-07
3428	-3.71136e-08
3429	9.33964e-08
3430	4.00608e-08
3431	-5.00073e-08
3432	-1.15622e-07
3433	-3.38026e-08
3434	1.13428e-07
3435	9.28711e-08
3436	-7.12854e-09
3437	-6.71404e-08
3438	1.30444e-08
3439	1.62779e-07
3440	1.65644e-07
3441	3.84613e-08
3442	-7.1381e-08
3443	-2.56738e-08
3444	1.16697e-07
3445	1.11674e-07
3446	-2.51238e-08
3447	-1.50776e-07
3448	-9.35616e-08
3449	6.10977e-08
3450	6.81957e-08
3451	-7.9212e-08
3452	-2.07891e-07
3453	-1.38e-07
3454	5.14183e-08
3455	1.09229e-07
3456	-8.95358e-09
3457	-1.30616e-07
3458	-8.73621e-08
3459	1.26101e-07
3460	2.71816e-07
3461	1.76473e-07
3462	9.03752e-09
3463	-5.95982e-08
3464	8.45812e-08
3465	2.63033e-07
3466	1.89435e-07
3467	-5.35439e-09
3468	-1.32203e-07
3469	-1.38628e-08
3470	1.69022e-07
3471	1.13493e-07
3472	-9.49947e-08
3473	-2.35521e-07
3474	-1.02081e-07
3475	1.13366e-07
3476	8.6107e-08
3477	-1.06242e-07
3478	-2.20324e-07
3479	-6.7923e-08
3480	1.91385e-07
3481	2.21055e-07
3482	4.9319e-08
3483	-7.87026e-08
3484	1.63824e-08
3485	2.76858e-07
3486	3.2601e-07
3487	1.71058e-07
3488	-1.5484e-08
3489	-5.36414e-09
3490	2.04061e-07
3491	2.50514e-07
3492	1.3213e-07
3493	-7.52849e-08
3494	-9.28419e-08
3495	1.00969e-07
3496	1.6259e-07
3497	3.70055e-08
3498	-2.0256e-07
3499	-2.60931e-07
3500	-5.08919e-08
3501	9.52099e-08
3502	1.69238e-09
3503	-2.25052e-07
3504	-3.26671e-07
3505	-1.42807e-07
3506	7.43866e-08
3507	3.64488e-08
3508	-1.58519e-07
3509	-2.73155e-07
3510	-1.26554e-07
3511	1.3097e-07
3512	1.38559e-07
3513	-3.31492e-08
3514	-1.73011e-07
3515	-6.92049e-08
3516	1.95606e-07
3517	2.18578e-07
3518	5.29458e-08
3519	-1.03778e-07
3520	-3.15431e-08
3521	2.4561e-07
3522	2.74352e-07
3523	1.19808e-07
3524	-8.09745e-08
3525	-5.09982e-08
3526	2.16522e-07
3527	2.80577e-07
3528	1.67271e-07
3529	-4.38032e-08
3530	-5.553e-08
3531	1.7207e-07
3532	2.89193e-07
3533	1.97391e-07
3534	-2.61919e-08
3535	-1.12698e-07
3536	6.33661e-08
3537	2.26729e-07
3538	1.5757e-07
3539	-6.34323e-08
3540	-2.26816e-07
3541	-1.21378e-07
3542	9.62232e-08
3543	4.91143e-08
3544	-1.50319e-07
3545	-3.09109e-07
3546	-1.98645e-07
3547	7.04737e-08
3548	5.48863e-08
3549	-1.3976e-07
3550	-2.95561e-07
3551	-1.89998e-07
3552	1.0734e-07
3553	1.2473e-07
3554	-2.34756e-08
3555	-1.97185e-07
3556	-1.31052e-07
3557	1.54196e-07
3558	2.23502e-07
3559	1.3038e-07
3560	-4.40834e-08
3561	-3.1684e-08
3562	2.17619e-07
3563	3.28035e-07
3564	3.0203e-07
3565	5.89617e-08
3566	2.27709e-08
3567	2.29033e-07
3568	3.53822e-07
3569	2.41355e-07
3570	5.75239e-09
3571	-1.22881e-07
3572	2.98592e-08
3573	2.20643e-07
3574	1.26414e-07
3575	-1.07821e-07
3576	-2.74631e-07
3577	-1.7203e-07
3578	8.95117e-08
3579	6.48764e-08
3580	-1.12063e-07
3581	-2.71771e-07
3582	-2.10893e-07
3583	6.92737e-08
3584	1.05797e-07
3585	-1.94732e-08
3586	-1.80272e-07
3587	-1.52683e-07
3588	1.00339e-07
3589	1.50055e-07
3590	5.33363e-08
3591	-1.07544e-07
3592	-6.99281e-08
3593	2.03901e-07
3594	2.81728e-07
3595	1.70429e-07
3596	-2.23325e-08
3597	-2.15121e-08
3598	2.26071e-07
3599	3.26519e-07
3600	1.88962e-07
3601	-3.44285e-08
3602	-1.23457e-07
3603	6.89268e-08
3604	2.26928e-07
3605	1.25538e-07
3606	-1.09835e-07
3607	-2.83029e-07
3608	-1.91119e-07
3609	1.86814e-08
3610	-1.7273e-08
3611	-1.78249e-07
3612	-3.38025e-07
3613	-2.7119e-07
3614	4.70721e-09
3615	3.3459e-08
3616	-7.15988e-08
3617	-1.9609e-07
3618	-1.16253e-07
3619	1.7282e-07
3620	2.11038e-07
3621	1.06539e-07
3622	-4.08339e-08
3623	7.57828e-09
3624	2.64362e-07
3625	3.13754e-07
3626	1.84996e-07
3627	3.56014e-09
3628	-2.05237e-08
3629	1.96395e-07
3630	2.77242e-07
3631	1.68826e-07
3632	-2.18618e-08
3633	-8.98974e-08
3634	8.5873e-08
3635	2.05134e-07
3636	1.47766e-07
3637	-1.36976e-08
3638	-1.124e-07
3639	1.88027e-08
3640	1.21739e-07
3641	1.05934e-07
3642	-5.02636e-08
3643	-1.4516e-07
3644	-2.29655e-08
3645	1.13796e-07
3646	8.87119e-08
3647	-7.22558e-08
3648	-2.06744e-07
3649	-1.1249e-07
3650	8.42132e-08
3651	4.6467e-08
3652	-1.03999e-07
3653	-2.62421e-07
3654	-2.0963e-07
3655	6.56589e-09
3656	3.29506e-08
3657	-5.32429e-08
3658	-1.96947e-07
3659	-1.76369e-07
3660	5.88429e-08
3661	1.60611e-07
3662	1.24399e-07
3663	1.54358e-08
3664	-1.64392e-09
3665	2.08704e-07
3666	2.78748e-07
3667	2.12377e-07
3668	9.55652e-08
3669	5.54319e-08
3670	2.18646e-07
3671	2.61256e-07
3672	1.84081e-07
3673	5.00159e-08
3674	6.56466e-09
3675	1.26504e-07
3676	1.6295e-07
3677	1.39499e-07
3678	2.07574e-08
3679	-3.49488e-08
3680	3.72758e-08
3681	8.01191e-08
3682	8.14246e-08
3683	-3.04826e-08
3684	-1.00789e-07
3685	-8.17253e-08
3686	-2.17806e-08
3687	-1.88071e-08
3688	-1.01489e-07
3689	-1.48451e-07
3690	-1.16342e-07
3691	-1.84404e-08
3692	-3.36388e-08
3693	-1.29188e-07
3694	-1.95988e-07
3695	-1.70213e-07
3696	-3.1083e-08
3697	-5.9681e-08
3698	-1.29981e-07
3699	-1.99825e-07
3700	-1.64652e-07
3701	-3.95047e-08
3702	-6.22147e-08
3703	-8.76838e-08
3704	-1.59869e-07
3705	-1.46992e-07
3706	-8.08202e-09
3707	8.03244e-09
3708	3.06077e-08
3709	-1.43384e-08
3710	1.66703e-08
3711	1.60127e-07
3712	1.89571e-07
3713	2.23648e-07
3714	1.70758e-07
3715	1.97569e-07
3716	3.23822e-07
3717	3.29618e-07
3718	3.17937e-07
3719	2.56563e-07
3720	2.53052e-07
3721	3.39179e-07
3722	2.80435e-07
3723	2.29586e-07
3724	1.57706e-07
3725	1.30269e-07
3726	1.83147e-07
3727	6.89447e-08
3728	-6.00089e-08
3729	-1.56642e-07
3730	-1.81893e-07
3731	-1.2978e-07
3732	-1.94645e-07
3733	-2.74527e-07
3734	-3.32902e-07
3735	-2.93449e-07
3736	-1.91545e-07
3737	-2.07748e-07
3738	-2.70902e-07
3739	-3.15003e-07
3740	-2.04786e-07
3741	-5.72572e-08
3742	-3.91676e-08
3743	-1.06466e-07
3744	-1.2864e-07
3745	-1.31337e-09
3746	1.56902e-07
3747	1.9476e-07
3748	7.91355e-08
3749	2.48683e-08
3750	7.78363e-08
3751	2.22679e-07
3752	3.03858e-07
3753	1.60097e-07
3754	2.32436e-08
3755	-8.64964e-09
3756	9.4176e-08
3757	2.28439e-07
3758	1.16178e-07
3759	-3.8288e-08
3760	-1.12355e-07
3761	-2.39747e-08
3762	1.24322e-07
3763	6.66822e-08
3764	-7.83058e-08
3765	-1.4882e-07
3766	-2.20551e-08
3767	1.80493e-07
3768	1.63495e-07
3769	7.97785e-09
3770	-7.44718e-08
3771	7.04606e-08
3772	2.92603e-07
3773	2.89368e-07
3774	1.28151e-07
3775	2.13768e-08
3776	1.31115e-07
3777	3.39415e-07
3778	3.53465e-07
3779	1.93439e-07
3780	3.72652e-08
3781	7.50373e-08
3782	2.35363e-07
3783	2.43407e-07
3784	8.31333e-08
3785	-1.06539e-07
3786	-1.05163e-07
3787	4.11788e-08
3788	7.621e-08
3789	-7.35865e-08
3790	-2.42869e-07
3791	-2.30517e-07
3792	-3.12086e-08
3793	8.49546e-08
3794	-2.54839e-08
3795	-1.97167e-07
3796	-2.26732e-07
3797	-4.15663e-08
3798	1.37012e-07
3799	4.982e-08
3800	-1.28603e-07
3801	-2.14679e-07
3802	-6.67984e-08
3803	1.37175e-07
3804	1.13266e-07
3805	-5.61928e-08
3806	-1.77607e-07
3807	-5.0474e-08
3808	1.66898e-07
3809	1.46841e-07
3810	-2.98395e-08
3811	-1.53744e-07
3812	-1.76809e-08
3813	2.16016e-07
3814	2.26433e-07
3815	4.5087e-08
3816	-8.9196e-08
3817	8.27242e-09
3818	2.43792e-07
3819	2.77225e-07
3820	1.08964e-07
3821	-5.10136e-08
3822	-1.01766e-08
3823	2.12517e-07
3824	2.69346e-07
3825	1.32082e-07
3826	-6.48265e-08
3827	-7.49182e-08
3828	1.15657e-07
3829	2.0737e-07
3830	1.00113e-07
3831	-1.05875e-07
3832	-1.66785e-07
3833	-1.3108e-10
3834	1.46144e-07
3835	4.25651e-08
3836	-1.87422e-07
3837	-3.08823e-07
3838	-1.66958e-07
3839	3.64649e-08
3840	-2.79103e-08
3841	-2.40535e-07
3842	-3.49212e-07
3843	-1.76686e-07
3844	6.97302e-08
3845	5.53591e-08
3846	-1.30358e-07
3847	-2.33734e-07
3848	-7.46882e-08
3849	1.8614e-07
3850	2.13967e-07
3851	5.83275e-08
3852	-8.3731e-08
3853	3.40193e-09
3854	2.60166e-07
3855	3.15147e-07
3856	1.8437e-07
3857	4.33013e-09
3858	2.97594e-08
3859	2.72766e-07
3860	3.32608e-07
3861	1.91907e-07
3862	-2.05928e-08
3863	-2.38421e-08
3864	2.05625e-07
3865	3.02332e-07
3866	1.72891e-07
3867	-7.04034e-08
3868	-1.56272e-07
3869	1.12769e-08
3870	1.56019e-07
3871	5.40104e-08
3872	-1.72225e-07
3873	-3.01525e-07
3874	-1.6773e-07
3875	5.42879e-08
3876	3.05696e-08
3877	-1.50897e-07
3878	-2.83859e-07
3879	-1.61577e-07
3880	7.53719e-08
3881	9.31206e-08
3882	-6.77206e-08
3883	-2.06229e-07
3884	-8.80886e-08
3885	1.77627e-07
3886	1.95785e-07
3887	3.43619e-08
3888	-1.14298e-07
3889	-2.28463e-08
3890	2.64385e-07
3891	2.89396e-07
3892	1.17778e-07
3893	-6.97359e-08
3894	-2.28974e-08
3895	2.37228e-07
3896	2.98285e-07
3897	1.51721e-07
3898	-7.33427e-08
3899	-1.09726e-07
3900	9.2671e-08
3901	2.13793e-07
3902	1.21913e-07
3903	-1.01367e-07
3904	-2.18561e-07
3905	-7.20302e-08
3906	1.05613e-07
3907	3.96362e-08
3908	-1.6778e-07
3909	-2.9283e-07
3910	-1.41794e-07
3911	1.03728e-07
3912	8.85925e-08
3913	-8.87155e-08
3914	-2.07084e-07
3915	-8.27768e-08
3916	1.78531e-07
3917	1.8805e-07
3918	2.88207e-08
3919	-1.06404e-07
3920	-1.23921e-08
3921	2.6216e-07
3922	2.84884e-07
3923	1.30134e-07
3924	-4.90155e-08
3925	-1.15147e-08
3926	2.5265e-07
3927	3.13529e-07
3928	1.96281e-07
3929	-2.23602e-08
3930	-5.13695e-08
3931	1.58148e-07
3932	2.24979e-07
3933	1.09114e-07
3934	-1.16342e-07
3935	-1.62355e-07
3936	4.75612e-08
3937	1.63822e-07
3938	5.42654e-08
3939	-1.85166e-07
3940	-2.83133e-07
3941	-1.06761e-07
3942	7.85973e-08
3943	-7.57328e-09
3944	-2.21149e-07
3945	-3.53142e-07
3946	-2.1618e-07
3947	5.04219e-08
3948	5.95767e-08
3949	-1.11396e-07
3950	-2.43581e-07
3951	-1.50286e-07
3952	1.33488e-07
3953	1.68541e-07
3954	3.33027e-08
3955	-1.268e-07
3956	-7.44476e-08
3957	2.05363e-07
3958	2.45591e-07
3959	1.21927e-07
3960	-5.26938e-08
3961	-1.3304e-08
3962	2.63214e-07
3963	3.38182e-07
3964	2.26862e-07
3965	3.56798e-08
3966	3.4843e-08
3967	2.72242e-07
3968	3.6533e-07
3969	2.50706e-07
3970	3.30025e-08
3971	-6.33836e-08
3972	1.09946e-07
3973	2.60281e-07
3974	1.66781e-07
3975	-5.9478e-08
3976	-2.39922e-07
3977	-1.5579e-07
3978	3.68649e-08
3979	-2.68919e-08
3980	-2.39464e-07
3981	-4.27818e-07
3982	-3.53414e-07
3983	-6.92703e-08
3984	-4.00943e-08
3985	-1.74644e-07
3986	-3.04033e-07
3987	-2.24409e-07
3988	8.10132e-08
3989	1.16441e-07
3990	1.18578e-10
3991	-1.4744e-07
3992	-7.91267e-08
3993	1.93335e-07
3994	2.24427e-07
3995	1.21553e-07
3996	-3.68195e-08
3997	-1.52351e-08
3998	2.37692e-07
3999	3.28672e-07
4000	2.38196e-07
4001	4.93708e-08
4002	-1.41205e-08
4003	1.79965e-07
4004	3.0344e-07
4005	2.10416e-07
4006	3.45825e-09
4007	-1.1155e-07
4008	4.27904e-08
4009	2.03064e-07
4010	1.41179e-07
4011	-5.67627e-08
4012	-1.91788e-07
4013	-9.18449e-08
4014	1.01438e-07
4015	5.2716e-08
4016	-1.01217e-07
4017	-2.34201e-07
4018	-1.64078e-07
4019	6.87274e-08
4020	7.02785e-08
4021	-4.75726e-08
4022	-1.83157e-07
4023	-1.30895e-07
4024	1.23484e-07
4025	1.75709e-07
4026	8.23298e-08
4027	-8.4937e-08
4028	-1.01619e-07
4029	1.22702e-07
4030	1.89073e-07
4031	8.76288e-08
4032	-8.61796e-08
4033	-1.16266e-07
4034	8.99267e-08
4035	1.81862e-07
4036	1.04331e-07
4037	-4.51654e-08
4038	-7.53124e-08
4039	1.15773e-07
4040	2.02491e-07
4041	1.23451e-07
4042	-1.58728e-08
4043	-6.54448e-08
4044	8.18582e-08
4045	1.84712e-07
4046	1.38255e-07
4047	7.55318e-09
4048	-6.48358e-08
4049	2.98563e-08
4050	1.604e-07
4051	1.6193e-07
4052	1.41483e-08
4053	-1.12447e-07
4054	-6.93217e-08
4055	7.78757e-08
4056	5.75395e-08
4057	-7.74532e-08
4058	-2.27209e-07
4059	-1.94174e-07
4060	-2.62895e-08
4061	-2.23997e-08
4062	-9.47673e-08
4063	-2.01953e-07
4064	-1.46109e-07
4065	6.25447e-08
4066	1.18888e-07
4067	6.91644e-08
4068	-8.69835e-09
4069	-1.29425e-09
4070	2.03931e-07
4071	2.67131e-07
4072	2.15525e-07
4073	1.16114e-07
4074	5.9647e-08
4075	1.7518e-07
4076	1.92702e-07
4077	1.65944e-07
4078	4.69277e-08
4079	-9.78161e-09
4080	7.86617e-08
4081	7.77499e-08
4082	5.57185e-08
4083	-5.43502e-08
4084	-9.72325e-08
4085	8.7771e-09
4086	5.30934e-08
4087	4.64513e-08
4088	-3.80801e-08
4089	-6.32143e-08
4090	3.12145e-08
4091	5.67072e-08
4092	5.86582e-08
4093	-1.71971e-08
4094	-4.511e-08
4095	7.55839e-09
4096	2.52486e-08
4097	2.07416e-08
4098	-3.587e-08
4099	-8.86329e-08
4100	-6.24043e-08
4101	-1.40118e-08
4102	-5.8876e-08
4103	-1.12555e-07
4104	-1.95309e-07
4105	-1.61565e-07
4106	-3.96722e-08
4107	-5.83485e-08
4108	-7.06778e-08
4109	-1.42233e-07
4110	-8.86159e-08
4111	4.55225e-08
4112	4.10914e-08
4113	4.94567e-08
4114	-2.0632e-09
4115	6.82441e-08
4116	2.30325e-07
4117	2.41132e-07
4118	2.51815e-07
4119	1.86144e-07
4120	2.05758e-07
4121	3.1251e-07
4122	2.83812e-07
4123	2.54758e-07
4124	1.7844e-07
4125	1.6687e-07
4126	2.3129e-07
4127	1.52879e-07
4128	7.28382e-08
4129	-9.86316e-09
4130	-6.22308e-09
4131	5.58315e-08
4132	-1.85208e-08
4133	-1.17927e-07
4134	-1.76244e-07
4135	-1.33299e-07
4136	-7.05005e-09
4137	-5.07759e-08
4138	-1.2677e-07
4139	-1.86992e-07
4140	-1.23584e-07
4141	4.94135e-09
4142	-8.43792e-09
4143	-7.95247e-08
4144	-1.32271e-07
4145	-4.96652e-08
4146	8.96993e-08
4147	1.10644e-07
4148	1.68391e-08
4149	-5.56959e-08
4150	1.56411e-08
4151	1.59151e-07
4152	1.89681e-07
4153	6.84024e-08
4154	-3.34421e-08
4155	2.05594e-08
4156	1.41861e-07
4157	2.22163e-07
4158	9.42841e-08
4159	-2.73868e-08
4160	-9.40723e-09
4161	1.38752e-07
4162	2.54829e-07
4163	1.3628e-07
4164	-3.73103e-09
4165	-5.28203e-08
4166	8.27279e-08
4167	2.65118e-07
4168	1.9775e-07
4169	4.94202e-08
4170	-4.99703e-08
4171	4.96944e-08
4172	2.17774e-07
4173	1.61532e-07
4174	-1.43258e-08
4175	-1.55444e-07
4176	-7.21364e-08
4177	1.08341e-07
4178	6.65333e-08
4179	-1.23453e-07
4180	-2.39179e-07
4181	-1.11792e-07
4182	1.00142e-07
4183	8.24447e-08
4184	-1.06815e-07
4185	-2.03406e-07
4186	-6.43562e-08
4187	1.71165e-07
4188	1.81732e-07
4189	1.82916e-08
4190	-1.00621e-07
4191	-2.04907e-08
4192	2.13242e-07
4193	2.59215e-07
4194	1.19427e-07
4195	-5.20574e-08
4196	-3.79495e-08
4197	1.57437e-07
4198	2.06742e-07
4199	8.7941e-08
4200	-9.49259e-08
4201	-8.66383e-08
4202	1.07932e-07
4203	1.72308e-07
4204	5.42114e-08
4205	-1.61443e-07
4206	-1.95353e-07
4207	1.30593e-08
4208	1.65711e-07
4209	8.89773e-08
4210	-1.17721e-07
4211	-2.17035e-07
4212	-4.9492e-08
4213	1.61039e-07
4214	1.26982e-07
4215	-6.97784e-08
4216	-2.13948e-07
4217	-1.04823e-07
4218	1.31077e-07
4219	1.27726e-07
4220	-5.58828e-08
4221	-2.08845e-07
4222	-1.22353e-07
4223	1.29517e-07
4224	1.42383e-07
4225	-3.15364e-08
4226	-1.92561e-07
4227	-1.21761e-07
4228	1.58464e-07
4229	1.73971e-07
4230	1.63321e-08
4231	-1.85391e-07
4232	-1.4238e-07
4233	1.32825e-07
4234	1.8265e-07
4235	6.40141e-08
4236	-1.33431e-07
4237	-1.24918e-07
4238	1.1831e-07
4239	2.16188e-07
4240	1.46359e-07
4241	-5.69148e-08
4242	-1.18536e-07
4243	7.54272e-08
4244	2.40165e-07
4245	1.77523e-07
4246	-3.07978e-08
4247	-1.83833e-07
4248	-5.00092e-08
4249	1.65763e-07
4250	1.08705e-07
4251	-1.09731e-07
4252	-2.58241e-07
4253	-1.44023e-07
4254	1.46052e-07
4255	1.41791e-07
4256	-4.71098e-08
4257	-2.16631e-07
4258	-1.51236e-07
4259	1.17574e-07
4260	1.38455e-07
4261	7.447e-09
4262	-1.63633e-07
4263	-1.21606e-07
4264	1.44385e-07
4265	2.1312e-07
4266	1.18541e-07
4267	-4.63797e-08
4268	-2.84987e-08
4269	2.27034e-07
4270	3.23377e-07
4271	2.41012e-07
4272	4.26911e-08
4273	7.202e-09
4274	2.21025e-07
4275	3.33485e-07
4276	2.18618e-07
4277	-9.05419e-09
4278	-1.14715e-07
4279	6.85164e-08
4280	2.42e-07
4281	1.29907e-07
4282	-1.26636e-07
4283	-2.95619e-07
4284	-1.89048e-07
4285	3.27376e-08
4286	-1.70696e-08
4287	-1.9384e-07
4288	-3.51243e-07
4289	-2.86934e-07
4290	-8.48296e-09
4291	2.597e-08
4292	-6.96355e-08
4293	-2.09202e-07
4294	-1.58234e-07
4295	1.12903e-07
4296	1.6445e-07
4297	7.45041e-08
4298	-7.33386e-08
4299	-3.32308e-08
4300	2.25891e-07
4301	2.89262e-07
4302	1.73098e-07
4303	1.90895e-09
4304	-1.1107e-08
4305	2.27212e-07
4306	3.24747e-07
4307	2.24635e-07
4308	3.49686e-08
4309	-4.35961e-08
4310	1.49722e-07
4311	2.80019e-07
4312	2.20898e-07
4313	5.54876e-08
4314	-4.82673e-08
4315	6.25776e-08
4316	1.96486e-07
4317	1.55424e-07
4318	-9.64717e-09
4319	-1.46858e-07
4320	-8.75087e-08
4321	2.8403e-08
4322	1.02351e-08
4323	-1.47337e-07
4324	-3.07549e-07
4325	-2.41711e-07
4326	-3.02722e-08
4327	-4.56118e-08
4328	-1.86906e-07
4329	-3.3889e-07
4330	-2.71255e-07
4331	-4.23546e-09
4332	4.38543e-08
4333	-4.99753e-08
4334	-1.86588e-07
4335	-1.54243e-07
4336	9.77116e-08
4337	1.99828e-07
4338	1.59721e-07
4339	5.05136e-08
4340	1.15209e-08
4341	2.06161e-07
4342	2.79787e-07
4343	2.2145e-07
4344	1.43257e-07
4345	4.95421e-08
4346	1.94343e-07
4347	2.36665e-07
4348	1.7101e-07
4349	4.43575e-08
4350	-1.32661e-08
4351	1.2082e-07
4352	1.79608e-07
4353	1.7151e-07
4354	2.88389e-08
4355	-3.88521e-08
4356	5.25834e-08
4357	1.17489e-07
4358	1.09829e-07
4359	-1.04614e-08
4360	-8.78224e-08
4361	-3.27835e-08
4362	6.92788e-08
4363	5.2442e-08
4364	-4.35159e-08
4365	-1.42745e-07
4366	-1.5797e-07
4367	-5.43952e-08
4368	-3.81272e-08
4369	-1.23091e-07
4370	-2.16827e-07
4371	-1.91532e-07
4372	-5.63761e-08
4373	-6.28701e-08
4374	-1.25852e-07
4375	-2.14903e-07
4376	-1.75564e-07
4377	2.23664e-09
4378	3.00356e-08
4379	3.72917e-08
4380	-3.61677e-08
4381	-1.11381e-08
4382	1.50685e-07
4383	1.7743e-07
4384	2.06371e-07
4385	1.19509e-07
4386	1.09823e-07
4387	2.2177e-07
4388	2.32624e-07
4389	2.44669e-07
4390	1.69726e-07
4391	1.62662e-07
4392	2.54053e-07
4393	2.54273e-07
4394	2.4297e-07
4395	1.74177e-07
4396	1.60997e-07
4397	2.42683e-07
4398	2.00782e-07
4399	1.62679e-07
4400	9.72784e-08
4401	7.34326e-08
4402	1.25514e-07
4403	4.4583e-08
4404	-4.17076e-08
4405	-1.1515e-07
4406	-1.27975e-07
4407	-6.45632e-08
4408	-1.09973e-07
4409	-1.72144e-07
4410	-2.15657e-07
4411	-1.72015e-07
4412	-1.00211e-07
4413	-9.26223e-08
4414	-1.54245e-07
4415	-1.8907e-07
4416	-1.33701e-07
4417	-2.26031e-08
4418	6.12206e-08
4419	-6.46593e-09
4420	-3.83545e-08
4421	-1.97368e-08
4422	1.09994e-07
4423	2.12281e-07
4424	1.08675e-07
4425	4.02913e-08
4426	3.24213e-09
4427	9.80288e-08
4428	2.08049e-07
4429	9.21662e-08
4430	-3.92124e-09
4431	-8.04794e-08
4432	-1.12035e-08
4433	1.03691e-07
4434	1.44637e-08
4435	-9.59706e-08
4436	-1.66047e-07
4437	-8.74029e-08
4438	4.80343e-08
4439	8.17085e-09
4440	-8.11356e-08
4441	-1.42174e-07
4442	-2.97534e-08
4443	1.56803e-07
4444	1.39014e-07
4445	2.66457e-08
4446	-3.77977e-08
4447	9.82756e-08
4448	3.03098e-07
4449	2.9981e-07
4450	1.62137e-07
4451	7.31649e-08
4452	1.80389e-07
4453	3.59239e-07
4454	3.48979e-07
4455	1.83579e-07
4456	4.20962e-08
4457	9.53535e-08
4458	2.31627e-07
4459	2.22249e-07
4460	4.40693e-08
4461	-1.36449e-07
4462	-1.27199e-07
4463	7.59481e-09
4464	3.8161e-08
4465	-1.02047e-07
4466	-2.69935e-07
4467	-2.62848e-07
4468	-1.31811e-07
4469	7.10485e-09
4470	-8.29227e-08
4471	-2.5236e-07
4472	-2.56356e-07
4473	-1.09718e-07
4474	1.19729e-07
4475	4.13257e-08
4476	-1.4399e-07
4477	-2.12697e-07
4478	-2.12697e-08
4479	1.7824e-07
4480	1.23208e-07
4481	-8.36124e-08
4482	-2.15864e-07
4483	-7.55956e-08
4484	1.5038e-07
4485	1.395e-07
4486	-3.39744e-08
4487	-1.62735e-07
4488	-3.0403e-08
4489	2.19683e-07
4490	2.54049e-07
4491	7.70321e-08
4492	-6.57028e-08
4493	1.62969e-08
4494	2.74013e-07
4495	2.96769e-07
4496	1.23191e-07
4497	-5.93693e-08
4498	-2.75773e-08
4499	2.08793e-07
4500	2.49086e-07
4501	1.1255e-07
4502	-8.11698e-08
4503	-6.7469e-08
4504	1.57047e-07
4505	2.35751e-07
4506	1.2695e-07
4507	-1.02439e-07
4508	-1.59964e-07
4509	2.05203e-08
4510	1.70906e-07
4511	9.95192e-08
4512	-1.16545e-07
4513	-2.59611e-07
4514	-1.29855e-07
4515	7.08009e-08
4516	3.54105e-08
4517	-1.6882e-07
4518	-2.97123e-07
4519	-1.52537e-07
4520	1.01885e-07
4521	8.26966e-08
4522	-1.13017e-07
4523	-2.55348e-07
4524	-1.18441e-07
4525	1.55957e-07
4526	1.52657e-07
4527	-3.39185e-08
4528	-1.83949e-07
4529	-9.96914e-08
4530	1.81626e-07
4531	2.16035e-07
4532	7.48281e-08
4533	-1.15377e-07
4534	-9.16359e-08
4535	1.66391e-07
4536	2.5947e-07
4537	1.70466e-07
4538	-3.37616e-08
4539	-5.09396e-08
4540	1.77164e-07
4541	2.96589e-07
4542	2.04117e-07
4543	-1.66308e-08
4544	-7.64875e-08
4545	1.22076e-07
4546	2.8507e-07
4547	1.98381e-07
4548	-2.68851e-08
4549	-1.6979e-07
4550	-3.49667e-08
4551	1.83131e-07
4552	1.26806e-07
4553	-7.51847e-08
4554	-2.26702e-07
4555	-1.27266e-07
4556	1.2002e-07
4557	1.10994e-07
4558	-7.10244e-08
4559	-2.45861e-07
4560	-1.78878e-07
4561	8.81976e-08
4562	1.2181e-07
4563	-1.59338e-08
4564	-2.04499e-07
4565	-1.64105e-07
4566	1.17652e-07
4567	1.9651e-07
4568	7.80588e-08
4569	-1.11926e-07
4570	-8.12027e-08
4571	1.88312e-07
4572	2.78702e-07
4573	1.56508e-07
4574	-4.77368e-08
4575	-5.70612e-08
4576	1.79036e-07
4577	3.03235e-07
4578	1.96561e-07
4579	-3.43544e-08
4580	-1.705e-07
4581	-3.91442e-08
4582	1.51735e-07
4583	8.32275e-08
4584	-1.33555e-07
4585	-3.1371e-07
4586	-2.28801e-07
4587	2.99246e-08
4588	2.41989e-08
4589	-1.4131e-07
4590	-2.92259e-07
4591	-2.04305e-07
4592	9.41851e-08
4593	1.24666e-07
4594	-7.90518e-09
4595	-1.53361e-07
4596	-8.55087e-08
4597	2.04807e-07
4598	2.5556e-07
4599	1.41104e-07
4600	-2.07945e-08
4601	2.08872e-08
4602	2.87204e-07
4603	3.68562e-07
4604	2.60997e-07
4605	6.20568e-08
4606	3.72541e-08
4607	2.50089e-07
4608	3.57516e-07
4609	2.46419e-07
4610	1.24163e-08
4611	-1.2361e-07
4612	1.4848e-08
4613	1.81425e-07
4614	8.40779e-08
4615	-1.62417e-07
4616	-3.427e-07
4617	-2.3304e-07
4618	-4.92887e-09
4619	-5.73921e-08
4620	-2.42162e-07
4621	-3.87491e-07
4622	-2.67397e-07
4623	3.81775e-08
4624	5.05353e-08
4625	-7.87171e-08
4626	-1.9669e-07
4627	-1.18092e-07
4628	1.7187e-07
4629	2.12785e-07
4630	1.14996e-07
4631	-3.1953e-08
4632	3.30141e-09
4633	2.48684e-07
4634	3.00704e-07
4635	1.90884e-07
4636	1.65307e-08
4637	8.32214e-09
4638	2.4641e-07
4639	3.28985e-07
4640	2.10291e-07
4641	1.76111e-09
4642	-6.67749e-08
4643	1.37846e-07
4644	2.67269e-07
4645	1.75004e-07
4646	-1.87659e-08
4647	-1.25602e-07
4648	2.12886e-08
4649	1.49692e-07
4650	1.35133e-07
4651	-3.71504e-08
4652	-1.65159e-07
4653	-7.98174e-08
4654	6.89317e-08
4655	7.91524e-08
4656	-5.35289e-08
4657	-2.02847e-07
4658	-1.44546e-07
4659	7.0152e-08
4660	7.98484e-08
4661	-4.88461e-08
4662	-2.03406e-07
4663	-1.6987e-07
4664	7.87261e-08
4665	1.13484e-07
4666	1.87122e-09
4667	-1.74304e-07
4668	-1.64719e-07
4669	7.55358e-08
4670	1.47022e-07
4671	5.61902e-08
4672	-1.02114e-07
4673	-1.28892e-07
4674	7.07473e-08
4675	1.4603e-07
4676	8.45943e-08
4677	-4.58384e-08
4678	-7.14356e-08
4679	9.36639e-08
4680	1.67464e-07
4681	1.37855e-07
4682	2.81509e-08
4683	-1.0221e-08
4684	1.2078e-07
4685	1.88347e-07
4686	1.78485e-07
4687	6.96607e-08
4688	1.67152e-08
4689	9.01749e-08
4690	1.66298e-07
4691	1.51702e-07
4692	-5.12308e-09
4693	-9.68011e-08
4694	-5.67416e-08
4695	5.05062e-08
4696	3.39731e-08
4697	-7.25176e-08
4698	-1.72381e-07
4699	-1.42186e-07
4700	-3.67871e-09
4701	-2.06396e-08
4702	-8.44598e-08
4703	-1.78849e-07
4704	-1.58557e-07
4705	-1.10533e-08
4706	-9.28149e-10
4707	-3.24421e-08
4708	-1.31504e-07
4709	-1.39485e-07
4710	2.80152e-08
4711	4.85923e-08
4712	5.2488e-08
4713	-2.44016e-08
4714	-2.13038e-08
4715	1.23745e-07
4716	1.32679e-07
4717	1.24205e-07
4718	2.31393e-08
4719	3.68672e-09
4720	1.30451e-07
4721	1.43817e-07
4722	1.38386e-07
4723	6.25808e-08
4724	4.88891e-08
4725	1.48761e-07
4726	1.46814e-07
4727	1.28325e-07
4728	6.71164e-08
4729	4.79293e-08
4730	1.37124e-07
4731	1.00758e-07
4732	8.78261e-08
4733	4.56388e-08
4734	3.02537e-08
4735	9.36767e-08
4736	2.80293e-08
4737	-3.66379e-08
4738	-9.77502e-08
4739	-1.03381e-07
4740	-3.02774e-08
4741	-7.4394e-08
4742	-1.32232e-07
4743	-1.65994e-07
4744	-1.2274e-07
4745	-4.58918e-08
4746	-4.16021e-08
4747	-9.1875e-08
4748	-9.49186e-08
4749	-3.22743e-08
4750	7.98532e-08
4751	1.54853e-07
4752	9.19862e-08
4753	7.23506e-08
4754	6.69156e-08
4755	1.74681e-07
4756	2.6778e-07
4757	1.71339e-07
4758	1.18983e-07
4759	5.53514e-08
4760	9.90497e-08
4761	2.0478e-07
4762	8.89651e-08
4763	1.49987e-08
4764	-5.69656e-08
4765	-2.61787e-08
4766	8.75154e-08
4767	-2.02309e-08
4768	-1.02733e-07
4769	-1.68472e-07
4770	-9.5084e-08
4771	5.0041e-09
4772	-6.71508e-08
4773	-1.6044e-07
4774	-2.04513e-07
4775	-1.04978e-07
4776	7.43817e-08
4777	5.7604e-08
4778	-2.18501e-09
4779	-3.76667e-08
4780	9.48626e-08
4781	2.98654e-07
4782	3.1866e-07
4783	2.04094e-07
4784	1.19401e-07
4785	2.14511e-07
4786	3.8889e-07
4787	3.77612e-07
4788	2.34769e-07
4789	9.86341e-08
4790	1.41447e-07
4791	2.66365e-07
4792	2.44781e-07
4793	6.66836e-08
4794	-1.05295e-07
4795	-8.48328e-08
4796	4.10648e-08
4797	5.79301e-08
4798	-8.2405e-08
4799	-2.35259e-07
4800	-2.12846e-07
4801	-3.66691e-08
4802	1.03543e-07
4803	2.68886e-08
4804	-1.30394e-07
4805	-1.75303e-07
4806	-1.55806e-08
4807	1.79619e-07
4808	1.10106e-07
4809	-7.31589e-08
4810	-1.81856e-07
4811	-4.93258e-08
4812	1.44343e-07
4813	8.95052e-08
4814	-1.13033e-07
4815	-2.314e-07
4816	-8.6675e-08
4817	1.24517e-07
4818	7.44139e-08
4819	-1.30754e-07
4820	-2.43905e-07
4821	-9.85862e-08
4822	1.40085e-07
4823	1.4544e-07
4824	-2.84737e-08
4825	-1.5942e-07
4826	-6.70228e-08
4827	1.78549e-07
4828	2.39479e-07
4829	1.09559e-07
4830	-4.62802e-08
4831	-1.03028e-08
4832	2.21028e-07
4833	2.81798e-07
4834	1.46634e-07
4835	-4.62381e-08
4836	-2.89827e-08
4837	1.86373e-07
4838	2.66578e-07
4839	1.42509e-07
4840	-6.91516e-08
4841	-1.10614e-07
4842	8.42845e-08
4843	2.17661e-07
4844	1.09567e-07
4845	-1.23518e-07
4846	-2.46174e-07
4847	-1.18191e-07
4848	7.65023e-08
4849	2.37509e-08
4850	-1.80211e-07
4851	-3.20102e-07
4852	-1.92657e-07
4853	4.50926e-08
4854	5.37145e-08
4855	-1.21083e-07
4856	-2.46685e-07
4857	-1.12568e-07
4858	1.46736e-07
4859	1.68189e-07
4860	-1.77795e-09
4861	-1.50487e-07
4862	-5.3984e-08
4863	2.18287e-07
4864	2.35071e-07
4865	6.44617e-08
4866	-1.05607e-07
4867	-4.68119e-08
4868	2.16985e-07
4869	2.56598e-07
4870	1.0803e-07
4871	-9.63214e-08
4872	-9.11925e-08
4873	1.33741e-07
4874	2.33627e-07
4875	1.29295e-07
4876	-9.93992e-08
4877	-1.78269e-07
4878	-2.69045e-09
4879	1.4839e-07
4880	6.73749e-08
4881	-1.49751e-07
4882	-2.66032e-07
4883	-1.11283e-07
4884	1.09093e-07
4885	6.69889e-08
4886	-1.16246e-07
4887	-2.19594e-07
4888	-6.20369e-08
4889	2.0089e-07
4890	2.05058e-07
4891	1.67061e-08
4892	-1.169e-07
4893	6.51683e-10
4894	2.62939e-07
4895	2.70641e-07
4896	1.07216e-07
4897	-5.50474e-08
4898	-3.00258e-09
4899	2.60336e-07
4900	2.96212e-07
4901	1.52432e-07
4902	-5.44761e-08
4903	-5.1586e-08
4904	1.91724e-07
4905	2.65838e-07
4906	1.49187e-07
4907	-7.31831e-08
4908	-9.95882e-08
4909	1.13132e-07
4910	2.0753e-07
4911	8.66956e-08
4912	-1.46411e-07
4913	-2.06321e-07
4914	-7.34043e-09
4915	1.45782e-07
4916	4.74011e-08
4917	-1.82978e-07
4918	-3.04643e-07
4919	-1.60712e-07
4920	5.90635e-08
4921	2.84433e-08
4922	-1.43961e-07
4923	-2.79691e-07
4924	-1.71025e-07
4925	9.02396e-08
4926	1.09435e-07
4927	-5.5842e-08
4928	-1.99955e-07
4929	-1.09424e-07
4930	1.72086e-07
4931	1.93249e-07
4932	5.07751e-08
4933	-1.26164e-07
4934	-6.87864e-08
4935	2.19806e-07
4936	2.73057e-07
4937	1.54111e-07
4938	-2.85395e-08
4939	-4.79011e-09
4940	2.56573e-07
4941	3.28064e-07
4942	2.30957e-07
4943	1.8381e-08
4944	-6.98169e-09
4945	2.01193e-07
4946	3.01521e-07
4947	2.12932e-07
4948	-1.26914e-08
4949	-1.46867e-07
4950	-1.35617e-08
4951	1.65881e-07
4952	8.33962e-08
4953	-1.354e-07
4954	-3.1514e-07
4955	-2.19455e-07
4956	1.13308e-08
4957	-2.74989e-08
4958	-2.22133e-07
4959	-3.74599e-07
4960	-2.76275e-07
4961	2.64562e-08
4962	4.30598e-08
4963	-9.94463e-08
4964	-2.44153e-07
4965	-1.69694e-07
4966	1.15011e-07
4967	1.43606e-07
4968	4.13208e-08
4969	-1.09931e-07
4970	-6.0012e-08
4971	2.05926e-07
4972	2.74672e-07
4973	1.94977e-07
4974	2.92336e-08
4975	2.42626e-08
4976	2.66888e-07
4977	3.67247e-07
4978	2.67971e-07
4979	6.41507e-08
4980	-1.87152e-08
4981	1.75468e-07
4982	3.03312e-07
4983	1.93359e-07
4984	-3.01069e-08
4985	-1.64444e-07
4986	-2.64892e-08
4987	1.53703e-07
4988	9.07098e-08
4989	-1.01161e-07
4990	-2.5641e-07
4991	-1.82313e-07
4992	2.00566e-08
4993	-2.90586e-09
4994	-1.37034e-07
4995	-2.75391e-07
4996	-2.23486e-07
4997	2.19214e-08
4998	5.49514e-08
4999	-4.40534e-08
5000	-1.7874e-07
