1	-0.00244377
2	-0.00691176
3	-0.017322
4	-0.0240041
5	-0.0174654
6	-0.0115266
7	-0.0054239
8	-0.0012588
9	0.00206481
10	0.0051164
11	0.0077124
12	0.00483983
13	0.00195483
14	-0.000617704
15	-0.0033539
16	-0.00565528
17	-0.00775405
18	-0.00946886
19	-0.00659736
20	-0.00443507
21	-0.00238867
22	-0.00059151
23	0.00175765
24	0.00377729
25	0.00549688
26	0.00704764
27	0.00734397
28	0.00535
29	0.00314228
30	0.00169221
31	9.96471e-05
32	-0.00132885
33	-0.00264944
34	-0.0037389
35	-0.00367933
36	-0.00253234
37	-0.000900087
38	0.000794334
39	0.00227999
40	0.00321661
41	0.00458583
42	0.00583782
43	0.00689966
44	0.0077347
45	0.00796166
46	0.00730082
47	0.00619367
48	0.00488382
49	0.00378359
50	0.0027233
51	0.00176306
52	0.000932118
53	0.000253114
54	-0.000265847
55	-0.000616645
56	-0.000603434
57	-0.000251133
58	0.000292772
59	0.000897028
60	0.00148565
61	0.00199646
62	0.00241849
63	0.00302627
64	0.00356828
65	0.00392044
66	0.00394701
67	0.00368157
68	0.00324286
69	0.00276188
70	0.00231837
71	0.00193475
72	0.00160579
73	0.00131699
74	0.00105574
75	0.000816356
76	0.000586752
77	0.000329468
78	2.95113e-05
79	-0.000226041
80	-0.000368863
81	-0.000401301
82	-0.000351672
83	-0.000244134
84	-0.000106026
85	4.52294e-05
86	0.000395134
87	0.000711931
88	0.000968921
89	0.00112544
90	0.00113938
91	0.000992217
92	0.000717885
93	0.000670173
94	0.000625739
95	0.000577896
96	0.000527589
97	0.000474643
98	0.000421139
99	0.000366184
100	0.000310712
101	0.000253019
102	0.000193241
103	0.000129031
104	5.85241e-05
105	-2.05724e-05
106	-0.000107774
107	-0.000200924
108	-0.000296235
109	-0.000390246
110	-0.000480376
111	-0.000565223
112	-0.000644132
113	-0.000717101
114	-0.000784498
115	-0.000847121
116	-0.000905922
117	-0.000961981
118	-0.00101621
119	-0.00106943
120	-0.00112207
121	-0.00117448
122	-0.00122681
123	-0.0012792
124	-0.00133172
125	-0.00138451
126	-0.00143887
127	-0.00149458
128	-0.00155123
129	-0.00160831
130	-0.00166529
131	-0.0017216
132	-0.00177671
133	-0.00183016
134	-0.00188153
135	-0.00193049
136	-0.00197688
137	-0.00202059
138	-0.00206165
139	-0.00210025
140	-0.00213672
141	-0.00217141
142	-0.00220468
143	-0.00223691
144	-0.0022684
145	-0.00229925
146	-0.00232942
147	-0.00235907
148	-0.00238833
149	-0.00241738
150	-0.0024459
151	-0.00247378
152	-0.00250124
153	-0.00252835
154	-0.00255523
155	-0.0025814
156	-0.0026069
157	-0.00263202
158	-0.00265693
159	-0.00268182
160	-0.00270636
161	-0.00273082
162	-0.00275543
163	-0.00278031
164	-0.00280543
165	-0.00283037
166	-0.00285521
167	-0.00287995
168	-0.00290434
169	-0.00292825
170	-0.0029513
171	-0.00297351
172	-0.00299474
173	-0.00301483
174	-0.00303372
175	-0.0030513
176	-0.00306763
177	-0.00308274
178	-0.00309669
179	-0.00310944
180	-0.00312105
181	-0.00313158
182	-0.003141
183	-0.00314663
184	-0.00315157
185	-0.00315617
186	-0.00316063
187	-0.00316493
188	-0.00316892
189	-0.00317223
190	-0.00317466
191	-0.00317607
192	-0.00317626
193	-0.00317514
194	-0.00317245
195	-0.00316809
196	-0.00316215
197	-0.00315883
198	-0.00315413
199	-0.0031478
200	-0.00313995
201	-0.00313103
202	-0.00312148
203	-0.00311168
204	-0.00310163
205	-0.00309147
206	-0.00308146
207	-0.00307188
208	-0.00306293
209	-0.0030546
210	-0.00304694
211	-0.00304176
212	-0.00303735
213	-0.00303395
214	-0.00303191
215	-0.00303112
216	-0.00303167
217	-0.00303341
218	-0.00303638
219	-0.0030409
220	-0.0030466
221	-0.00305336
222	-0.00306081
223	-0.0030688
224	-0.00307738
225	-0.00308229
226	-0.00308738
227	-0.00309244
228	-0.00309735
229	-0.0031019
230	-0.00310565
231	-0.00310828
232	-0.00310969
233	-0.0031101
234	-0.00310897
235	-0.00310579
236	-0.00310068
237	-0.00309361
238	-0.00308481
239	-0.00307437
240	-0.00306212
241	-0.00304811
242	-0.0030324
243	-0.00301529
244	-0.00299687
245	-0.00297684
246	-0.00295546
247	-0.00293253
248	-0.00290865
249	-0.00288413
250	-0.00286943
251	-0.00285494
252	-0.00284052
253	-0.00282665
254	-0.00281353
255	-0.00280029
256	-0.00278801
257	-0.00277604
258	-0.00276463
259	-0.00275042
260	-0.00273584
261	-0.00272114
262	-0.0027061
263	-0.00269055
264	-0.00267515
265	-0.0026591
266	-0.00264264
267	-0.00263031
268	-0.00261806
269	-0.00260308
270	-0.00259107
271	-0.00257917
272	-0.00256788
273	-0.0025567
274	-0.00254624
275	-0.00253599
276	-0.00252582
277	-0.0025162
278	-0.00250671
279	-0.0024976
280	-0.00248876
281	-0.00247994
282	-0.00247151
283	-0.00246328
284	-0.0024552
285	-0.00244575
286	-0.00243591
287	-0.00242573
288	-0.00241517
289	-0.00240645
290	-0.00239588
291	-0.00238476
292	-0.00237577
293	-0.00236456
294	-0.00235547
295	-0.00234691
296	-0.00233824
297	-0.00232946
298	-0.00232102
299	-0.00231247
300	-0.00230418
301	-0.00229579
302	-0.00228736
303	-0.002279
304	-0.00227067
305	-0.00226265
306	-0.00225468
307	-0.00224677
308	-0.00223904
309	-0.00223148
310	-0.00222414
311	-0.00221696
312	-0.0022098
313	-0.00220279
314	-0.00219602
315	-0.00218941
316	-0.00218292
317	-0.00217643
318	-0.00217005
319	-0.00216389
320	-0.00215786
321	-0.00215186
322	-0.00214584
323	-0.0021399
324	-0.00213405
325	-0.00212833
326	-0.0021226
327	-0.00211688
328	-0.00211127
329	-0.00210581
330	-0.00210053
331	-0.00209531
332	-0.0020901
333	-0.00208506
334	-0.00208021
335	-0.00207557
336	-0.00207107
337	-0.00206652
338	-0.0020621
339	-0.0020579
340	-0.00205388
341	-0.00205006
342	-0.00204618
343	-0.00204234
344	-0.00203868
345	-0.00203516
346	-0.00203184
347	-0.00202843
348	-0.00202498
349	-0.00202162
350	-0.00201838
351	-0.00201532
352	-0.00201212
353	-0.00200882
354	-0.0020056
355	-0.00200251
356	-0.00199964
357	-0.00199671
358	-0.00199367
359	-0.00199075
360	-0.00198799
361	-0.00198546
362	-0.00198292
363	-0.00198027
364	-0.00197777
365	-0.00197546
366	-0.00197337
367	-0.00197131
368	-0.00196912
369	-0.00196703
370	-0.00196513
371	-0.00196342
372	-0.00196173
373	-0.00195988
374	-0.00195804
375	-0.00195635
376	-0.00195485
377	-0.00195338
378	-0.00195173
379	-0.00195004
380	-0.00194848
381	-0.00194711
382	-0.00194582
383	-0.00194436
384	-0.00194286
385	-0.00194151
386	-0.0019404
387	-0.00193941
388	-0.00193829
389	-0.00193709
390	-0.00193602
391	-0.00193517
392	-0.00193445
393	-0.00193361
394	-0.00193263
395	-0.00193169
396	-0.00193094
397	-0.00193038
398	-0.00192975
399	-0.00192893
400	-0.00192813
401	-0.00192749
402	-0.00192709
403	-0.0019267
404	-0.00192612
405	-0.00192551
406	-0.00192507
407	-0.00192484
408	-0.00192463
409	-0.0019242
410	-0.00192373
411	-0.00192337
412	-0.00192322
413	-0.00192308
414	-0.0019227
415	-0.00192225
416	-0.00192186
417	-0.00192163
418	-0.00192145
419	-0.00192104
420	-0.00192051
421	-0.00191998
422	-0.00191963
423	-0.00191938
424	-0.00191896
425	-0.00191841
426	-0.00191787
427	-0.00191751
428	-0.0019173
429	-0.00191697
430	-0.0019165
431	-0.00191603
432	-0.00191573
433	-0.00191561
434	-0.00191547
435	-0.00191517
436	-0.0019149
437	-0.00191481
438	-0.00191494
439	-0.00191508
440	-0.00191506
441	-0.00191504
442	-0.00191513
443	-0.00191541
444	-0.00191573
445	-0.00191585
446	-0.00191593
447	-0.00191605
448	-0.00191634
449	-0.00191667
450	-0.00191684
451	-0.0019169
452	-0.00191693
453	-0.00191706
454	-0.00191721
455	-0.00191718
456	-0.00191701
457	-0.00191681
458	-0.00191667
459	-0.00191653
460	-0.00191615
461	-0.00191566
462	-0.00191517
463	-0.00191478
464	-0.00191444
465	-0.00191399
466	-0.00191349
467	-0.00191303
468	-0.00191271
469	-0.00191251
470	-0.00191236
471	-0.00191221
472	-0.0019121
473	-0.00191213
474	-0.00191229
475	-0.0019125
476	-0.00191267
477	-0.00191288
478	-0.00191316
479	-0.00191354
480	-0.00191393
481	-0.00191423
482	-0.00191452
483	-0.00191483
484	-0.00191521
485	-0.00191556
486	-0.00191576
487	-0.00191591
488	-0.00191605
489	-0.00191622
490	-0.00191636
491	-0.00191631
492	-0.00191621
493	-0.00191607
494	-0.00191595
495	-0.00191581
496	-0.00191554
497	-0.00191524
498	-0.0019149
499	-0.00191461
500	-0.00191436
501	-0.00191404
502	-0.00191371
503	-0.00191339
504	-0.00191313
505	-0.00191293
506	-0.00191265
507	-0.0019124
508	-0.00191221
509	-0.00191208
510	-0.001912
511	-0.00191185
512	-0.00191174
513	-0.00191167
514	-0.00191164
515	-0.00191162
516	-0.00191152
517	-0.00191147
518	-0.0019115
519	-0.0019116
520	-0.00191171
521	-0.00191177
522	-0.00191189
523	-0.00191209
524	-0.00191235
525	-0.00191258
526	-0.00191273
527	-0.0019129
528	-0.00191312
529	-0.0019134
530	-0.00191362
531	-0.00191369
532	-0.00191368
533	-0.0019137
534	-0.00191375
535	-0.00191379
536	-0.00191368
537	-0.00191345
538	-0.00191332
539	-0.00191324
540	-0.0019132
541	-0.00191309
542	-0.00191284
543	-0.00191268
544	-0.00191261
545	-0.00191262
546	-0.00191261
547	-0.00191249
548	-0.00191245
549	-0.0019125
550	-0.00191264
551	-0.00191272
552	-0.00191266
553	-0.00191265
554	-0.00191274
555	-0.00191291
556	-0.00191296
557	-0.00191281
558	-0.00191269
559	-0.00191266
560	-0.00191269
561	-0.00191261
562	-0.00191233
563	-0.00191203
564	-0.00191186
565	-0.0019118
566	-0.00191165
567	-0.00191133
568	-0.00191099
569	-0.00191079
570	-0.00191073
571	-0.00191064
572	-0.00191046
573	-0.00191026
574	-0.00191022
575	-0.00191035
576	-0.00191049
577	-0.00191053
578	-0.00191049
579	-0.00191058
580	-0.00191084
581	-0.0019111
582	-0.00191124
583	-0.00191115
584	-0.00191116
585	-0.00191135
586	-0.0019116
587	-0.00191168
588	-0.00191155
589	-0.00191147
590	-0.00191155
591	-0.00191173
592	-0.00191178
593	-0.00191162
594	-0.00191149
595	-0.00191152
596	-0.00191168
597	-0.00191168
598	-0.00191145
599	-0.00191122
600	-0.00191116
601	-0.00191123
602	-0.00191119
603	-0.00191091
604	-0.00191061
605	-0.00191049
606	-0.00191051
607	-0.00191047
608	-0.00191021
609	-0.00190992
610	-0.00190977
611	-0.00190981
612	-0.00190984
613	-0.00190966
614	-0.00190944
615	-0.00190933
616	-0.00190942
617	-0.00190952
618	-0.00190945
619	-0.00190928
620	-0.0019092
621	-0.00190934
622	-0.00190955
623	-0.00190965
624	-0.00190955
625	-0.00190953
626	-0.00190972
627	-0.00191004
628	-0.00191019
629	-0.00191012
630	-0.0019101
631	-0.00191029
632	-0.0019106
633	-0.00191074
634	-0.00191064
635	-0.00191055
636	-0.00191064
637	-0.00191085
638	-0.00191092
639	-0.00191072
640	-0.0019105
641	-0.00191044
642	-0.00191054
643	-0.00191057
644	-0.00191035
645	-0.00191008
646	-0.00190996
647	-0.00191001
648	-0.00191003
649	-0.00190981
650	-0.00190953
651	-0.00190938
652	-0.00190945
653	-0.00190953
654	-0.00190938
655	-0.00190914
656	-0.001909
657	-0.00190908
658	-0.00190922
659	-0.00190915
660	-0.00190894
661	-0.00190881
662	-0.00190889
663	-0.00190911
664	-0.00190921
665	-0.00190911
666	-0.00190904
667	-0.00190916
668	-0.00190943
669	-0.00190959
670	-0.00190949
671	-0.00190938
672	-0.00190946
673	-0.00190969
674	-0.00190982
675	-0.00190969
676	-0.00190955
677	-0.0019096
678	-0.00190981
679	-0.00190995
680	-0.00190979
681	-0.00190961
682	-0.00190958
683	-0.00190973
684	-0.00190985
685	-0.0019097
686	-0.00190948
687	-0.00190935
688	-0.00190942
689	-0.0019095
690	-0.00190935
691	-0.0019091
692	-0.00190892
693	-0.00190894
694	-0.00190903
695	-0.00190893
696	-0.00190868
697	-0.0019085
698	-0.00190855
699	-0.00190874
700	-0.00190879
701	-0.00190863
702	-0.00190853
703	-0.00190864
704	-0.0019089
705	-0.00190904
706	-0.0019089
707	-0.00190875
708	-0.00190877
709	-0.00190896
710	-0.0019091
711	-0.00190897
712	-0.00190882
713	-0.00190879
714	-0.00190893
715	-0.00190905
716	-0.00190892
717	-0.00190872
718	-0.00190862
719	-0.00190869
720	-0.00190874
721	-0.00190852
722	-0.00190822
723	-0.00190802
724	-0.00190804
725	-0.00190808
726	-0.0019079
727	-0.0019076
728	-0.00190744
729	-0.00190751
730	-0.00190767
731	-0.00190764
732	-0.00190744
733	-0.00190733
734	-0.00190745
735	-0.00190774
736	-0.00190796
737	-0.00190796
738	-0.00190798
739	-0.00190816
740	-0.00190848
741	-0.00190874
742	-0.00190873
743	-0.00190867
744	-0.00190871
745	-0.00190886
746	-0.00190895
747	-0.00190875
748	-0.0019085
749	-0.00190836
750	-0.00190836
751	-0.00190833
752	-0.00190805
753	-0.00190771
754	-0.00190749
755	-0.00190746
756	-0.00190747
757	-0.00190727
758	-0.00190697
759	-0.00190677
760	-0.00190675
761	-0.00190683
762	-0.00190675
763	-0.00190655
764	-0.00190641
765	-0.00190643
766	-0.00190655
767	-0.00190655
768	-0.00190644
769	-0.00190635
770	-0.00190642
771	-0.00190659
772	-0.00190667
773	-0.00190661
774	-0.00190656
775	-0.00190668
776	-0.00190695
777	-0.00190714
778	-0.00190714
779	-0.00190716
780	-0.00190733
781	-0.00190764
782	-0.0019079
783	-0.00190791
784	-0.00190786
785	-0.00190788
786	-0.00190802
787	-0.00190814
788	-0.00190803
789	-0.00190782
790	-0.00190764
791	-0.00190757
792	-0.00190752
793	-0.00190728
794	-0.00190697
795	-0.00190674
796	-0.00190663
797	-0.00190659
798	-0.0019064
799	-0.00190616
800	-0.001906
801	-0.00190597
802	-0.00190598
803	-0.00190589
804	-0.00190576
805	-0.00190564
806	-0.00190565
807	-0.00190572
808	-0.00190571
809	-0.00190563
810	-0.00190555
811	-0.00190558
812	-0.00190567
813	-0.00190573
814	-0.00190569
815	-0.00190566
816	-0.00190571
817	-0.00190586
818	-0.00190599
819	-0.00190603
820	-0.00190607
821	-0.0019062
822	-0.00190641
823	-0.00190663
824	-0.00190669
825	-0.00190676
826	-0.00190689
827	-0.0019071
828	-0.00190729
829	-0.00190731
830	-0.00190733
831	-0.00190734
832	-0.00190742
833	-0.00190748
834	-0.00190737
835	-0.00190721
836	-0.00190702
837	-0.00190689
838	-0.00190675
839	-0.0019065
840	-0.00190623
841	-0.00190595
842	-0.00190575
843	-0.00190556
844	-0.00190526
845	-0.00190498
846	-0.00190472
847	-0.00190454
848	-0.00190439
849	-0.00190417
850	-0.00190399
851	-0.00190387
852	-0.00190382
853	-0.0019038
854	-0.00190373
855	-0.00190373
856	-0.00190383
857	-0.00190399
858	-0.00190417
859	-0.00190428
860	-0.00190444
861	-0.00190465
862	-0.00190491
863	-0.00190513
864	-0.00190526
865	-0.00190538
866	-0.00190556
867	-0.00190576
868	-0.00190589
869	-0.00190591
870	-0.00190581
871	-0.0019058
872	-0.0019058
873	-0.0019058
874	-0.00190567
875	-0.00190543
876	-0.0019053
877	-0.00190524
878	-0.00190524
879	-0.00190514
880	-0.00190492
881	-0.00190481
882	-0.00190478
883	-0.00190487
884	-0.00190492
885	-0.00190484
886	-0.00190482
887	-0.00190489
888	-0.00190503
889	-0.00190509
890	-0.001905
891	-0.00190495
892	-0.00190499
893	-0.00190509
894	-0.00190505
895	-0.00190482
896	-0.00190461
897	-0.00190449
898	-0.00190442
899	-0.00190426
900	-0.00190391
901	-0.00190357
902	-0.00190337
903	-0.00190329
904	-0.00190317
905	-0.0019029
906	-0.00190265
907	-0.00190256
908	-0.00190261
909	-0.00190266
910	-0.00190259
911	-0.00190251
912	-0.00190258
913	-0.0019028
914	-0.001903
915	-0.00190303
916	-0.00190302
917	-0.00190313
918	-0.00190337
919	-0.00190359
920	-0.00190359
921	-0.0019035
922	-0.00190352
923	-0.00190371
924	-0.00190388
925	-0.00190386
926	-0.00190368
927	-0.0019036
928	-0.00190372
929	-0.00190391
930	-0.00190394
931	-0.0019038
932	-0.00190371
933	-0.00190381
934	-0.00190405
935	-0.00190416
936	-0.00190406
937	-0.00190397
938	-0.00190405
939	-0.00190425
940	-0.0019043
941	-0.0019041
942	-0.00190388
943	-0.00190383
944	-0.0019039
945	-0.00190385
946	-0.00190353
947	-0.00190319
948	-0.00190304
949	-0.00190305
950	-0.00190301
951	-0.00190273
952	-0.00190242
953	-0.00190225
954	-0.00190229
955	-0.00190233
956	-0.00190217
957	-0.00190197
958	-0.00190188
959	-0.00190202
960	-0.00190222
961	-0.00190225
962	-0.00190216
963	-0.00190216
964	-0.00190237
965	-0.00190266
966	-0.00190277
967	-0.0019027
968	-0.00190268
969	-0.00190288
970	-0.00190318
971	-0.0019033
972	-0.00190317
973	-0.00190308
974	-0.00190319
975	-0.00190342
976	-0.00190351
977	-0.00190333
978	-0.00190315
979	-0.00190315
980	-0.00190331
981	-0.00190339
982	-0.00190321
983	-0.00190302
984	-0.00190296
985	-0.0019031
986	-0.0019032
987	-0.00190304
988	-0.0019028
989	-0.00190268
990	-0.00190275
991	-0.00190281
992	-0.0019026
993	-0.00190229
994	-0.00190208
995	-0.00190207
996	-0.00190208
997	-0.00190186
998	-0.00190151
999	-0.00190124
1000	-0.00190119
1001	-0.00190128
1002	-0.00190122
1003	-0.00190098
1004	-0.00190082
1005	-0.00190088
1006	-0.00190114
1007	-0.00190131
1008	-0.00190125
1009	-0.0019012
1010	-0.00190134
1011	-0.00190165
1012	-0.0019019
1013	-0.00190188
1014	-0.00190184
1015	-0.00190194
1016	-0.00190222
1017	-0.00190244
1018	-0.00190237
1019	-0.00190226
1020	-0.00190227
1021	-0.00190245
1022	-0.00190255
1023	-0.00190237
1024	-0.0019021
1025	-0.00190192
1026	-0.00190193
1027	-0.00190192
1028	-0.00190168
1029	-0.00190131
1030	-0.00190103
1031	-0.00190096
1032	-0.00190101
1033	-0.00190089
1034	-0.00190059
1035	-0.00190038
1036	-0.00190041
1037	-0.00190062
1038	-0.00190073
1039	-0.00190062
1040	-0.00190058
1041	-0.00190075
1042	-0.00190107
1043	-0.00190131
1044	-0.00190125
1045	-0.00190117
1046	-0.00190123
1047	-0.00190143
1048	-0.00190157
1049	-0.00190143
1050	-0.00190125
1051	-0.00190117
1052	-0.00190123
1053	-0.00190126
1054	-0.00190103
1055	-0.00190073
1056	-0.00190054
1057	-0.00190052
1058	-0.00190051
1059	-0.00190027
1060	-0.00189994
1061	-0.00189973
1062	-0.00189972
1063	-0.0018998
1064	-0.00189968
1065	-0.00189944
1066	-0.00189932
1067	-0.00189944
1068	-0.00189969
1069	-0.00189978
1070	-0.00189973
1071	-0.00189971
1072	-0.00189988
1073	-0.0019002
1074	-0.00190042
1075	-0.00190042
1076	-0.00190044
1077	-0.00190058
1078	-0.00190085
1079	-0.00190105
1080	-0.00190099
1081	-0.00190089
1082	-0.00190088
1083	-0.00190101
1084	-0.00190108
1085	-0.0019009
1086	-0.00190066
1087	-0.00190052
1088	-0.00190055
1089	-0.00190058
1090	-0.00190038
1091	-0.00190012
1092	-0.00189997
1093	-0.00189999
1094	-0.00190005
1095	-0.0018999
1096	-0.00189966
1097	-0.00189948
1098	-0.00189944
1099	-0.00189947
1100	-0.00189934
1101	-0.00189913
1102	-0.00189896
1103	-0.00189893
1104	-0.00189896
1105	-0.0018989
1106	-0.00189875
1107	-0.0018986
1108	-0.00189861
1109	-0.00189871
1110	-0.00189874
1111	-0.00189866
1112	-0.00189858
1113	-0.00189866
1114	-0.00189889
1115	-0.00189908
1116	-0.00189909
1117	-0.00189914
1118	-0.00189931
1119	-0.00189962
1120	-0.0018999
1121	-0.00189997
1122	-0.00190001
1123	-0.0019001
1124	-0.00190029
1125	-0.00190043
1126	-0.00190033
1127	-0.00190016
1128	-0.00190001
1129	-0.00189992
1130	-0.00189984
1131	-0.00189956
1132	-0.00189923
1133	-0.00189895
1134	-0.00189878
1135	-0.00189867
1136	-0.00189845
1137	-0.00189823
1138	-0.00189806
1139	-0.00189803
1140	-0.00189804
1141	-0.00189794
1142	-0.00189783
1143	-0.00189773
1144	-0.00189772
1145	-0.00189774
1146	-0.00189767
1147	-0.00189756
1148	-0.00189743
1149	-0.00189738
1150	-0.00189734
1151	-0.00189724
1152	-0.00189715
1153	-0.00189706
1154	-0.00189706
1155	-0.00189708
1156	-0.00189707
1157	-0.00189708
1158	-0.00189711
1159	-0.00189721
1160	-0.00189735
1161	-0.00189745
1162	-0.00189754
1163	-0.00189769
1164	-0.0018979
1165	-0.00189818
1166	-0.00189843
1167	-0.00189862
1168	-0.0018988
1169	-0.001899
1170	-0.00189922
1171	-0.00189939
1172	-0.00189941
1173	-0.00189945
1174	-0.00189946
1175	-0.00189951
1176	-0.00189947
1177	-0.00189927
1178	-0.00189906
1179	-0.00189885
1180	-0.00189867
1181	-0.00189846
1182	-0.00189812
1183	-0.00189782
1184	-0.00189754
1185	-0.0018973
1186	-0.00189707
1187	-0.00189674
1188	-0.00189651
1189	-0.00189638
1190	-0.00189631
1191	-0.00189625
1192	-0.00189611
1193	-0.00189607
1194	-0.00189613
1195	-0.00189627
1196	-0.00189637
1197	-0.0018964
1198	-0.00189647
1199	-0.00189663
1200	-0.00189688
1201	-0.00189704
1202	-0.00189706
1203	-0.0018971
1204	-0.00189724
1205	-0.00189745
1206	-0.00189756
1207	-0.00189751
1208	-0.00189744
1209	-0.00189751
1210	-0.00189767
1211	-0.00189771
1212	-0.00189759
1213	-0.00189744
1214	-0.00189743
1215	-0.00189751
1216	-0.00189748
1217	-0.00189728
1218	-0.00189705
1219	-0.00189696
1220	-0.00189701
1221	-0.00189703
1222	-0.00189689
1223	-0.00189662
1224	-0.00189648
1225	-0.0018965
1226	-0.00189658
1227	-0.00189652
1228	-0.00189626
1229	-0.00189608
1230	-0.00189608
1231	-0.00189621
1232	-0.00189622
1233	-0.00189605
1234	-0.00189594
1235	-0.00189602
1236	-0.00189623
1237	-0.00189631
1238	-0.00189619
1239	-0.00189609
1240	-0.00189617
1241	-0.00189636
1242	-0.0018964
1243	-0.00189621
1244	-0.00189601
1245	-0.00189597
1246	-0.00189606
1247	-0.00189605
1248	-0.00189579
1249	-0.00189548
1250	-0.00189532
1251	-0.00189532
1252	-0.00189529
1253	-0.00189505
1254	-0.00189476
1255	-0.00189461
1256	-0.00189466
1257	-0.00189472
1258	-0.00189458
1259	-0.00189439
1260	-0.00189434
1261	-0.00189449
1262	-0.00189467
1263	-0.00189463
1264	-0.00189449
1265	-0.00189446
1266	-0.00189467
1267	-0.00189496
1268	-0.00189508
1269	-0.00189501
1270	-0.001895
1271	-0.00189519
1272	-0.0018955
1273	-0.00189567
1274	-0.0018956
1275	-0.00189553
1276	-0.00189562
1277	-0.00189584
1278	-0.00189592
1279	-0.00189574
1280	-0.00189553
1281	-0.0018955
1282	-0.00189562
1283	-0.00189563
1284	-0.00189537
1285	-0.00189508
1286	-0.00189496
1287	-0.00189501
1288	-0.00189501
1289	-0.00189475
1290	-0.00189445
1291	-0.0018943
1292	-0.00189434
1293	-0.00189438
1294	-0.00189419
1295	-0.00189392
1296	-0.00189376
1297	-0.00189384
1298	-0.00189399
1299	-0.00189397
1300	-0.00189381
1301	-0.00189372
1302	-0.00189387
1303	-0.00189416
1304	-0.00189432
1305	-0.00189428
1306	-0.00189429
1307	-0.00189451
1308	-0.00189484
1309	-0.00189502
1310	-0.00189493
1311	-0.00189486
1312	-0.00189498
1313	-0.00189524
1314	-0.00189534
1315	-0.00189518
1316	-0.001895
1317	-0.001895
1318	-0.00189515
1319	-0.00189521
1320	-0.00189499
1321	-0.00189474
1322	-0.00189461
1323	-0.00189468
1324	-0.00189473
1325	-0.00189452
1326	-0.00189421
1327	-0.001894
1328	-0.00189402
1329	-0.00189405
1330	-0.00189387
1331	-0.00189357
1332	-0.00189338
1333	-0.00189342
1334	-0.00189353
1335	-0.00189346
1336	-0.00189322
1337	-0.00189308
1338	-0.00189316
1339	-0.00189339
1340	-0.00189348
1341	-0.00189335
1342	-0.00189327
1343	-0.00189337
1344	-0.00189362
1345	-0.00189377
1346	-0.00189368
1347	-0.00189358
1348	-0.00189365
1349	-0.00189389
1350	-0.00189405
1351	-0.00189393
1352	-0.00189379
1353	-0.00189379
1354	-0.00189398
1355	-0.0018941
1356	-0.00189393
1357	-0.00189369
1358	-0.00189359
1359	-0.00189367
1360	-0.00189373
1361	-0.00189352
1362	-0.00189323
1363	-0.00189307
1364	-0.00189312
1365	-0.00189319
1366	-0.00189304
1367	-0.00189276
1368	-0.00189258
1369	-0.00189262
1370	-0.0018928
1371	-0.00189287
1372	-0.00189273
1373	-0.00189267
1374	-0.00189281
1375	-0.00189313
1376	-0.00189334
1377	-0.0018933
1378	-0.00189326
1379	-0.00189338
1380	-0.00189364
1381	-0.0018938
1382	-0.00189365
1383	-0.00189348
1384	-0.00189345
1385	-0.00189357
1386	-0.00189362
1387	-0.00189339
1388	-0.00189311
1389	-0.00189296
1390	-0.00189298
1391	-0.00189297
1392	-0.00189269
1393	-0.00189235
1394	-0.00189211
1395	-0.00189207
1396	-0.00189206
1397	-0.00189183
1398	-0.00189152
1399	-0.00189132
1400	-0.00189134
1401	-0.00189148
1402	-0.00189145
1403	-0.00189126
1404	-0.00189119
1405	-0.00189135
1406	-0.00189166
1407	-0.00189184
1408	-0.00189186
1409	-0.0018919
1410	-0.00189214
1411	-0.00189253
1412	-0.0018928
1413	-0.00189277
1414	-0.00189273
1415	-0.00189281
1416	-0.00189303
1417	-0.00189318
1418	-0.00189304
1419	-0.00189285
1420	-0.00189275
1421	-0.0018928
1422	-0.00189283
1423	-0.00189261
1424	-0.00189235
1425	-0.0018922
1426	-0.00189222
1427	-0.00189224
1428	-0.00189201
1429	-0.00189171
1430	-0.00189153
1431	-0.00189156
1432	-0.00189164
1433	-0.0018915
1434	-0.00189125
1435	-0.00189108
1436	-0.00189111
1437	-0.00189123
1438	-0.00189121
1439	-0.00189104
1440	-0.00189092
1441	-0.00189098
1442	-0.00189114
1443	-0.0018912
1444	-0.00189114
1445	-0.00189107
1446	-0.00189114
1447	-0.00189136
1448	-0.00189152
1449	-0.00189149
1450	-0.00189147
1451	-0.0018916
1452	-0.00189187
1453	-0.0018921
1454	-0.00189209
1455	-0.00189206
1456	-0.00189215
1457	-0.00189239
1458	-0.00189257
1459	-0.0018925
1460	-0.00189236
1461	-0.00189229
1462	-0.00189236
1463	-0.00189243
1464	-0.00189229
1465	-0.00189207
1466	-0.0018919
1467	-0.00189186
1468	-0.00189186
1469	-0.0018917
1470	-0.00189146
1471	-0.00189129
1472	-0.00189123
1473	-0.00189123
1474	-0.00189109
1475	-0.0018909
1476	-0.00189074
1477	-0.00189071
1478	-0.00189073
1479	-0.00189063
1480	-0.00189049
1481	-0.00189036
1482	-0.00189037
1483	-0.00189046
1484	-0.00189049
1485	-0.00189043
1486	-0.00189038
1487	-0.00189042
1488	-0.00189052
1489	-0.0018906
1490	-0.00189056
1491	-0.00189053
1492	-0.00189059
1493	-0.00189073
1494	-0.00189088
1495	-0.00189092
1496	-0.00189093
1497	-0.001891
1498	-0.00189116
1499	-0.00189132
1500	-0.00189134
1501	-0.00189136
1502	-0.00189141
1503	-0.00189154
1504	-0.00189166
1505	-0.00189161
1506	-0.00189155
1507	-0.00189148
1508	-0.0018915
1509	-0.00189151
1510	-0.00189137
1511	-0.0018912
1512	-0.00189101
1513	-0.0018909
1514	-0.00189078
1515	-0.00189057
1516	-0.00189034
1517	-0.00189011
1518	-0.00188994
1519	-0.00188979
1520	-0.00188954
1521	-0.00188931
1522	-0.00188909
1523	-0.00188895
1524	-0.00188884
1525	-0.00188865
1526	-0.00188854
1527	-0.00188848
1528	-0.0018885
1529	-0.00188854
1530	-0.00188851
1531	-0.00188856
1532	-0.00188869
1533	-0.00188888
1534	-0.00188906
1535	-0.00188916
1536	-0.00188927
1537	-0.00188945
1538	-0.00188964
1539	-0.00188979
1540	-0.00188984
1541	-0.00188983
1542	-0.00188988
1543	-0.00188994
1544	-0.00188999
1545	-0.00188994
1546	-0.00188976
1547	-0.00188967
1548	-0.00188961
1549	-0.00188959
1550	-0.00188948
1551	-0.00188925
1552	-0.00188912
1553	-0.00188906
1554	-0.00188908
1555	-0.00188902
1556	-0.00188885
1557	-0.00188878
1558	-0.0018888
1559	-0.00188892
1560	-0.00188899
1561	-0.00188893
1562	-0.00188896
1563	-0.00188909
1564	-0.0018893
1565	-0.00188943
1566	-0.00188942
1567	-0.00188942
1568	-0.00188945
1569	-0.00188952
1570	-0.00188948
1571	-0.00188923
1572	-0.00188898
1573	-0.00188883
1574	-0.00188873
1575	-0.00188857
1576	-0.00188823
1577	-0.00188789
1578	-0.00188768
1579	-0.00188759
1580	-0.00188746
1581	-0.0018872
1582	-0.00188695
1583	-0.00188685
1584	-0.0018869
1585	-0.00188693
1586	-0.00188685
1587	-0.00188675
1588	-0.0018868
1589	-0.001887
1590	-0.00188721
1591	-0.0018873
1592	-0.00188726
1593	-0.00188731
1594	-0.00188751
1595	-0.00188775
1596	-0.00188787
1597	-0.00188779
1598	-0.00188779
1599	-0.00188796
1600	-0.00188819
1601	-0.00188829
1602	-0.00188818
1603	-0.00188813
1604	-0.00188826
1605	-0.00188847
1606	-0.00188855
1607	-0.00188842
1608	-0.00188835
1609	-0.00188846
1610	-0.00188869
1611	-0.00188878
1612	-0.00188864
1613	-0.00188851
1614	-0.00188851
1615	-0.00188863
1616	-0.00188865
1617	-0.00188843
1618	-0.00188817
1619	-0.00188803
1620	-0.00188802
1621	-0.00188796
1622	-0.00188765
1623	-0.00188729
1624	-0.00188708
1625	-0.00188703
1626	-0.00188696
1627	-0.00188669
1628	-0.00188637
1629	-0.00188618
1630	-0.0018862
1631	-0.00188623
1632	-0.00188607
1633	-0.00188584
1634	-0.00188573
1635	-0.00188586
1636	-0.00188607
1637	-0.00188613
1638	-0.00188605
1639	-0.00188605
1640	-0.00188627
1641	-0.00188663
1642	-0.00188685
1643	-0.00188684
1644	-0.00188685
1645	-0.00188705
1646	-0.00188736
1647	-0.00188753
1648	-0.00188743
1649	-0.00188733
1650	-0.00188741
1651	-0.00188761
1652	-0.00188767
1653	-0.00188745
1654	-0.00188722
1655	-0.00188718
1656	-0.00188729
1657	-0.00188732
1658	-0.00188707
1659	-0.0018868
1660	-0.00188668
1661	-0.00188676
1662	-0.00188683
1663	-0.00188666
1664	-0.00188643
1665	-0.00188629
1666	-0.00188638
1667	-0.0018865
1668	-0.00188642
1669	-0.00188625
1670	-0.00188616
1671	-0.00188629
1672	-0.00188648
1673	-0.00188647
1674	-0.0018863
1675	-0.0018862
1676	-0.00188631
1677	-0.00188653
1678	-0.0018866
1679	-0.00188645
1680	-0.00188635
1681	-0.00188643
1682	-0.00188664
1683	-0.00188673
1684	-0.00188655
1685	-0.00188638
1686	-0.0018864
1687	-0.00188657
1688	-0.00188668
1689	-0.00188653
1690	-0.00188636
1691	-0.00188634
1692	-0.00188653
1693	-0.00188669
1694	-0.0018866
1695	-0.00188646
1696	-0.00188644
1697	-0.0018866
1698	-0.00188673
1699	-0.00188659
1700	-0.00188637
1701	-0.00188626
1702	-0.00188634
1703	-0.00188641
1704	-0.00188624
1705	-0.00188597
1706	-0.0018858
1707	-0.00188585
1708	-0.00188598
1709	-0.00188592
1710	-0.0018857
1711	-0.00188555
1712	-0.00188562
1713	-0.00188586
1714	-0.00188599
1715	-0.0018859
1716	-0.00188585
1717	-0.001886
1718	-0.00188631
1719	-0.00188655
1720	-0.0018865
1721	-0.00188643
1722	-0.0018865
1723	-0.00188671
1724	-0.00188685
1725	-0.00188671
1726	-0.00188654
1727	-0.00188648
1728	-0.00188656
1729	-0.00188659
1730	-0.00188634
1731	-0.00188604
1732	-0.00188585
1733	-0.00188583
1734	-0.0018858
1735	-0.00188553
1736	-0.00188517
1737	-0.00188491
1738	-0.00188485
1739	-0.00188487
1740	-0.00188471
1741	-0.00188443
1742	-0.00188424
1743	-0.00188427
1744	-0.00188444
1745	-0.00188447
1746	-0.00188433
1747	-0.00188426
1748	-0.00188439
1749	-0.00188467
1750	-0.00188484
1751	-0.00188481
1752	-0.00188484
1753	-0.00188502
1754	-0.00188534
1755	-0.00188557
1756	-0.00188554
1757	-0.0018855
1758	-0.00188557
1759	-0.00188576
1760	-0.0018859
1761	-0.00188577
1762	-0.00188558
1763	-0.00188546
1764	-0.00188549
1765	-0.00188554
1766	-0.00188535
1767	-0.00188509
1768	-0.00188492
1769	-0.00188491
1770	-0.00188494
1771	-0.00188477
1772	-0.00188452
1773	-0.00188433
1774	-0.00188428
1775	-0.00188428
1776	-0.0018841
1777	-0.00188383
1778	-0.00188364
1779	-0.00188358
1780	-0.0018836
1781	-0.00188348
1782	-0.00188327
1783	-0.0018831
1784	-0.00188307
1785	-0.00188314
1786	-0.00188314
1787	-0.00188304
1788	-0.00188294
1789	-0.00188301
1790	-0.00188322
1791	-0.00188341
1792	-0.00188347
1793	-0.00188355
1794	-0.00188374
1795	-0.00188408
1796	-0.00188438
1797	-0.00188451
1798	-0.00188461
1799	-0.00188478
1800	-0.00188505
1801	-0.00188527
1802	-0.00188524
1803	-0.00188515
1804	-0.0018851
1805	-0.00188512
1806	-0.00188513
1807	-0.00188492
1808	-0.00188465
1809	-0.00188441
1810	-0.00188426
1811	-0.00188415
1812	-0.00188394
1813	-0.00188372
1814	-0.00188353
1815	-0.00188345
1816	-0.00188341
1817	-0.00188328
1818	-0.00188314
1819	-0.00188301
1820	-0.00188296
1821	-0.00188295
1822	-0.00188284
1823	-0.00188269
1824	-0.00188253
1825	-0.00188246
1826	-0.00188239
1827	-0.00188226
1828	-0.00188211
1829	-0.00188198
1830	-0.00188193
1831	-0.00188191
1832	-0.00188185
1833	-0.00188182
1834	-0.00188182
1835	-0.00188188
1836	-0.00188201
1837	-0.00188211
1838	-0.00188221
1839	-0.00188236
1840	-0.00188257
1841	-0.00188287
1842	-0.00188314
1843	-0.00188333
1844	-0.00188352
1845	-0.00188372
1846	-0.00188397
1847	-0.00188414
1848	-0.00188417
1849	-0.00188421
1850	-0.00188426
1851	-0.00188434
1852	-0.00188434
1853	-0.00188416
1854	-0.00188398
1855	-0.00188378
1856	-0.00188363
1857	-0.00188344
1858	-0.00188313
1859	-0.00188285
1860	-0.00188258
1861	-0.00188237
1862	-0.00188215
1863	-0.00188185
1864	-0.00188164
1865	-0.00188151
1866	-0.00188146
1867	-0.00188139
1868	-0.00188125
1869	-0.00188119
1870	-0.00188123
1871	-0.00188135
1872	-0.00188143
1873	-0.0018814
1874	-0.00188141
1875	-0.00188151
1876	-0.00188167
1877	-0.00188175
1878	-0.00188171
1879	-0.00188166
1880	-0.00188169
1881	-0.00188178
1882	-0.0018818
1883	-0.00188167
1884	-0.00188154
1885	-0.00188152
1886	-0.00188161
1887	-0.00188164
1888	-0.00188153
1889	-0.00188141
1890	-0.00188141
1891	-0.00188153
1892	-0.00188159
1893	-0.00188153
1894	-0.0018814
1895	-0.0018814
1896	-0.00188153
1897	-0.00188163
1898	-0.00188156
1899	-0.00188139
1900	-0.00188134
1901	-0.00188142
1902	-0.00188153
1903	-0.00188148
1904	-0.00188124
1905	-0.00188107
1906	-0.00188105
1907	-0.00188112
1908	-0.00188107
1909	-0.00188084
1910	-0.00188064
1911	-0.00188062
1912	-0.00188071
1913	-0.00188071
1914	-0.00188051
1915	-0.00188037
1916	-0.00188041
1917	-0.00188058
1918	-0.00188061
1919	-0.00188043
1920	-0.00188027
1921	-0.00188029
1922	-0.00188043
1923	-0.00188043
1924	-0.0018802
1925	-0.00187993
1926	-0.00187983
1927	-0.00187987
1928	-0.00187984
1929	-0.00187958
1930	-0.00187928
1931	-0.00187915
1932	-0.0018792
1933	-0.00187926
1934	-0.00187913
1935	-0.00187897
1936	-0.00187894
1937	-0.00187911
1938	-0.00187929
1939	-0.00187929
1940	-0.00187921
1941	-0.00187926
1942	-0.00187953
1943	-0.00187984
1944	-0.00187992
1945	-0.00187985
1946	-0.00187985
1947	-0.00188006
1948	-0.00188036
1949	-0.00188047
1950	-0.00188036
1951	-0.00188027
1952	-0.00188037
1953	-0.00188059
1954	-0.00188069
1955	-0.00188054
1956	-0.00188039
1957	-0.00188041
1958	-0.00188056
1959	-0.00188062
1960	-0.00188042
1961	-0.0018802
1962	-0.00188016
1963	-0.00188029
1964	-0.00188033
1965	-0.0018801
1966	-0.00187985
1967	-0.00187975
1968	-0.00187986
1969	-0.00187994
1970	-0.00187976
1971	-0.00187951
1972	-0.00187938
1973	-0.00187945
1974	-0.00187952
1975	-0.00187937
1976	-0.00187912
1977	-0.00187894
1978	-0.00187897
1979	-0.00187907
1980	-0.001879
1981	-0.00187876
1982	-0.0018786
1983	-0.00187866
1984	-0.00187888
1985	-0.00187898
1986	-0.00187887
1987	-0.00187882
1988	-0.00187898
1989	-0.00187931
1990	-0.00187952
1991	-0.00187944
1992	-0.00187937
1993	-0.0018795
1994	-0.0018798
1995	-0.00188002
1996	-0.00187996
1997	-0.00187988
1998	-0.00187994
1999	-0.00188016
2000	-0.00188032
2001	-0.0018802
2002	-0.00188
2003	-0.00187988
2004	-0.00187992
2005	-0.00187992
2006	-0.00187967
2007	-0.00187929
2008	-0.00187894
2009	-0.00187881
2010	-0.00187871
2011	-0.0018784
2012	-0.00187797
2013	-0.00187766
2014	-0.00187758
2015	-0.0018776
2016	-0.00187746
2017	-0.00187712
2018	-0.00187689
2019	-0.00187691
2020	-0.00187712
2021	-0.00187725
2022	-0.00187717
2023	-0.00187714
2024	-0.00187729
2025	-0.00187761
2026	-0.00187787
2027	-0.00187787
2028	-0.00187785
2029	-0.00187793
2030	-0.00187817
2031	-0.00187837
2032	-0.00187831
2033	-0.0018782
2034	-0.00187818
2035	-0.00187832
2036	-0.00187844
2037	-0.00187829
2038	-0.00187809
2039	-0.00187799
2040	-0.00187808
2041	-0.00187817
2042	-0.00187802
2043	-0.00187777
2044	-0.00187762
2045	-0.00187768
2046	-0.00187779
2047	-0.00187771
2048	-0.00187749
2049	-0.00187733
2050	-0.00187732
2051	-0.00187741
2052	-0.00187738
2053	-0.00187719
2054	-0.00187703
2055	-0.00187702
2056	-0.00187715
2057	-0.00187721
2058	-0.00187714
2059	-0.00187709
2060	-0.00187718
2061	-0.00187742
2062	-0.00187759
2063	-0.00187754
2064	-0.00187749
2065	-0.00187757
2066	-0.00187781
2067	-0.001878
2068	-0.00187794
2069	-0.0018778
2070	-0.00187774
2071	-0.00187782
2072	-0.0018779
2073	-0.00187775
2074	-0.00187751
2075	-0.00187731
2076	-0.00187723
2077	-0.00187721
2078	-0.00187701
2079	-0.00187675
2080	-0.00187655
2081	-0.00187645
2082	-0.00187645
2083	-0.00187632
2084	-0.00187617
2085	-0.00187607
2086	-0.0018761
2087	-0.0018762
2088	-0.00187617
2089	-0.0018761
2090	-0.00187603
2091	-0.0018761
2092	-0.00187622
2093	-0.00187626
2094	-0.00187625
2095	-0.00187622
2096	-0.0018763
2097	-0.00187645
2098	-0.00187654
2099	-0.00187654
2100	-0.00187652
2101	-0.00187657
2102	-0.00187672
2103	-0.00187687
2104	-0.00187689
2105	-0.00187689
2106	-0.00187694
2107	-0.00187709
2108	-0.00187723
2109	-0.00187722
2110	-0.00187722
2111	-0.00187727
2112	-0.0018774
2113	-0.00187749
2114	-0.00187741
2115	-0.00187729
2116	-0.00187716
2117	-0.0018771
2118	-0.00187702
2119	-0.0018768
2120	-0.00187655
2121	-0.00187627
2122	-0.00187609
2123	-0.00187591
2124	-0.00187566
2125	-0.0018754
2126	-0.00187514
2127	-0.00187498
2128	-0.00187484
2129	-0.00187462
2130	-0.00187442
2131	-0.00187426
2132	-0.00187418
2133	-0.00187413
2134	-0.00187401
2135	-0.00187395
2136	-0.00187394
2137	-0.001874
2138	-0.0018741
2139	-0.00187413
2140	-0.00187423
2141	-0.00187442
2142	-0.00187466
2143	-0.00187489
2144	-0.00187504
2145	-0.00187521
2146	-0.00187541
2147	-0.00187562
2148	-0.00187577
2149	-0.00187581
2150	-0.00187582
2151	-0.00187588
2152	-0.00187594
2153	-0.00187596
2154	-0.00187586
2155	-0.00187566
2156	-0.00187552
2157	-0.00187541
2158	-0.0018753
2159	-0.00187507
2160	-0.00187474
2161	-0.0018745
2162	-0.00187434
2163	-0.00187423
2164	-0.00187405
2165	-0.00187376
2166	-0.00187359
2167	-0.00187352
2168	-0.00187355
2169	-0.00187353
2170	-0.00187342
2171	-0.0018734
2172	-0.00187349
2173	-0.00187365
2174	-0.00187376
2175	-0.00187374
2176	-0.00187378
2177	-0.00187391
2178	-0.0018741
2179	-0.00187419
2180	-0.00187409
2181	-0.00187401
2182	-0.00187404
2183	-0.00187413
2184	-0.00187409
2185	-0.00187384
2186	-0.0018736
2187	-0.00187351
2188	-0.00187351
2189	-0.00187341
2190	-0.00187314
2191	-0.0018729
2192	-0.00187284
2193	-0.00187291
2194	-0.00187293
2195	-0.00187281
2196	-0.00187271
2197	-0.00187276
2198	-0.00187298
2199	-0.00187316
2200	-0.00187319
2201	-0.00187316
2202	-0.00187325
2203	-0.00187347
2204	-0.00187365
2205	-0.00187364
2206	-0.00187351
2207	-0.00187348
2208	-0.0018736
2209	-0.00187371
2210	-0.00187361
2211	-0.00187334
2212	-0.00187316
2213	-0.00187315
2214	-0.00187324
2215	-0.00187314
2216	-0.00187286
2217	-0.00187266
2218	-0.00187267
2219	-0.00187282
2220	-0.00187286
2221	-0.00187269
2222	-0.00187255
2223	-0.00187262
2224	-0.00187283
2225	-0.00187294
2226	-0.0018728
2227	-0.00187266
2228	-0.00187269
2229	-0.00187288
2230	-0.00187296
2231	-0.00187279
2232	-0.00187259
2233	-0.00187258
2234	-0.00187274
2235	-0.00187284
2236	-0.00187268
2237	-0.00187248
2238	-0.00187243
2239	-0.00187257
2240	-0.00187268
2241	-0.00187254
2242	-0.00187234
2243	-0.00187226
2244	-0.00187239
2245	-0.00187255
2246	-0.00187251
2247	-0.00187234
2248	-0.00187224
2249	-0.00187234
2250	-0.00187255
2251	-0.0018726
2252	-0.00187246
2253	-0.00187236
2254	-0.00187246
2255	-0.00187268
2256	-0.00187276
2257	-0.00187258
2258	-0.00187243
2259	-0.00187247
2260	-0.00187264
2261	-0.0018727
2262	-0.00187249
2263	-0.00187228
2264	-0.00187226
2265	-0.0018724
2266	-0.00187246
2267	-0.00187226
2268	-0.00187203
2269	-0.00187195
2270	-0.00187207
2271	-0.00187217
2272	-0.00187202
2273	-0.00187178
2274	-0.00187163
2275	-0.00187169
2276	-0.00187177
2277	-0.00187162
2278	-0.00187135
2279	-0.00187117
2280	-0.00187122
2281	-0.00187131
2282	-0.00187119
2283	-0.00187092
2284	-0.00187075
2285	-0.00187083
2286	-0.00187105
2287	-0.00187111
2288	-0.00187097
2289	-0.00187093
2290	-0.0018711
2291	-0.00187142
2292	-0.00187164
2293	-0.00187159
2294	-0.00187154
2295	-0.00187166
2296	-0.00187194
2297	-0.00187216
2298	-0.00187209
2299	-0.00187198
2300	-0.00187199
2301	-0.00187217
2302	-0.00187229
2303	-0.00187212
2304	-0.00187189
2305	-0.00187176
2306	-0.00187179
2307	-0.00187179
2308	-0.00187151
2309	-0.00187114
2310	-0.00187089
2311	-0.00187083
2312	-0.0018708
2313	-0.00187054
2314	-0.00187017
2315	-0.00186991
2316	-0.00186988
2317	-0.00187
2318	-0.00186999
2319	-0.0018698
2320	-0.00186969
2321	-0.00186981
2322	-0.00187013
2323	-0.00187037
2324	-0.00187038
2325	-0.00187041
2326	-0.0018706
2327	-0.00187095
2328	-0.00187123
2329	-0.00187122
2330	-0.00187117
2331	-0.00187126
2332	-0.0018715
2333	-0.00187166
2334	-0.00187154
2335	-0.00187139
2336	-0.00187135
2337	-0.00187147
2338	-0.00187152
2339	-0.00187129
2340	-0.001871
2341	-0.00187082
2342	-0.00187081
2343	-0.00187081
2344	-0.00187058
2345	-0.00187024
2346	-0.00186999
2347	-0.00186995
2348	-0.00187002
2349	-0.0018699
2350	-0.00186967
2351	-0.0018695
2352	-0.00186955
2353	-0.00186974
2354	-0.0018698
2355	-0.00186965
2356	-0.00186957
2357	-0.00186966
2358	-0.00186991
2359	-0.00187007
2360	-0.00187001
2361	-0.00186997
2362	-0.00187005
2363	-0.00187026
2364	-0.00187039
2365	-0.00187025
2366	-0.00187008
2367	-0.00187003
2368	-0.00187012
2369	-0.00187019
2370	-0.00187002
2371	-0.0018698
2372	-0.00186969
2373	-0.00186976
2374	-0.00186987
2375	-0.00186977
2376	-0.0018696
2377	-0.00186953
2378	-0.00186963
2379	-0.00186977
2380	-0.00186971
2381	-0.00186955
2382	-0.00186947
2383	-0.00186953
2384	-0.00186963
2385	-0.00186955
2386	-0.00186938
2387	-0.00186926
2388	-0.00186927
2389	-0.00186934
2390	-0.00186926
2391	-0.00186909
2392	-0.00186892
2393	-0.00186888
2394	-0.00186896
2395	-0.00186895
2396	-0.00186884
2397	-0.00186871
2398	-0.00186873
2399	-0.0018689
2400	-0.00186905
2401	-0.00186903
2402	-0.00186903
2403	-0.00186914
2404	-0.00186939
2405	-0.0018696
2406	-0.00186962
2407	-0.00186959
2408	-0.00186961
2409	-0.00186972
2410	-0.00186976
2411	-0.00186958
2412	-0.00186931
2413	-0.0018691
2414	-0.00186898
2415	-0.00186888
2416	-0.0018686
2417	-0.00186829
2418	-0.00186803
2419	-0.00186789
2420	-0.00186782
2421	-0.00186769
2422	-0.00186757
2423	-0.0018675
2424	-0.00186756
2425	-0.00186769
2426	-0.00186773
2427	-0.00186774
2428	-0.00186777
2429	-0.00186788
2430	-0.00186802
2431	-0.00186806
2432	-0.00186807
2433	-0.00186807
2434	-0.00186814
2435	-0.00186821
2436	-0.00186819
2437	-0.00186816
2438	-0.00186813
2439	-0.00186817
2440	-0.00186822
2441	-0.00186819
2442	-0.00186816
2443	-0.00186814
2444	-0.00186816
2445	-0.0018682
2446	-0.0018682
2447	-0.00186817
2448	-0.0018682
2449	-0.00186829
2450	-0.00186844
2451	-0.00186855
2452	-0.00186858
2453	-0.00186866
2454	-0.00186874
2455	-0.00186886
2456	-0.00186891
2457	-0.00186884
2458	-0.00186878
2459	-0.00186872
2460	-0.0018687
2461	-0.00186859
2462	-0.00186834
2463	-0.00186813
2464	-0.00186792
2465	-0.00186777
2466	-0.00186759
2467	-0.0018673
2468	-0.00186707
2469	-0.00186688
2470	-0.00186674
2471	-0.0018666
2472	-0.00186638
2473	-0.00186626
2474	-0.00186625
2475	-0.00186633
2476	-0.00186639
2477	-0.00186639
2478	-0.00186648
2479	-0.00186668
2480	-0.00186694
2481	-0.00186711
2482	-0.00186717
2483	-0.00186725
2484	-0.00186741
2485	-0.00186761
2486	-0.0018677
2487	-0.00186761
2488	-0.00186753
2489	-0.00186756
2490	-0.00186766
2491	-0.00186765
2492	-0.00186747
2493	-0.00186726
2494	-0.00186717
2495	-0.00186719
2496	-0.00186712
2497	-0.0018669
2498	-0.00186664
2499	-0.00186654
2500	-0.00186656
2501	-0.00186651
2502	-0.00186629
2503	-0.00186602
2504	-0.00186589
2505	-0.00186592
2506	-0.00186594
2507	-0.00186581
2508	-0.00186552
2509	-0.00186534
2510	-0.00186535
2511	-0.00186545
2512	-0.00186543
2513	-0.00186522
2514	-0.00186508
2515	-0.00186512
2516	-0.00186531
2517	-0.00186541
2518	-0.00186533
2519	-0.00186529
2520	-0.00186542
2521	-0.00186567
2522	-0.0018658
2523	-0.00186572
2524	-0.00186564
2525	-0.00186575
2526	-0.00186597
2527	-0.00186603
2528	-0.00186586
2529	-0.00186569
2530	-0.00186571
2531	-0.00186584
2532	-0.00186587
2533	-0.00186565
2534	-0.0018654
2535	-0.0018653
2536	-0.00186535
2537	-0.00186538
2538	-0.00186518
2539	-0.00186493
2540	-0.00186481
2541	-0.00186488
2542	-0.00186496
2543	-0.00186485
2544	-0.00186464
2545	-0.00186453
2546	-0.00186463
2547	-0.00186477
2548	-0.00186473
2549	-0.00186454
2550	-0.00186446
2551	-0.0018646
2552	-0.00186486
2553	-0.00186494
2554	-0.00186483
2555	-0.00186476
2556	-0.00186488
2557	-0.00186513
2558	-0.00186524
2559	-0.0018651
2560	-0.00186497
2561	-0.00186501
2562	-0.00186519
2563	-0.00186524
2564	-0.00186505
2565	-0.00186483
2566	-0.00186479
2567	-0.0018649
2568	-0.00186496
2569	-0.00186477
2570	-0.00186455
2571	-0.00186448
2572	-0.0018646
2573	-0.00186469
2574	-0.00186454
2575	-0.00186434
2576	-0.00186428
2577	-0.00186444
2578	-0.00186457
2579	-0.00186446
2580	-0.00186427
2581	-0.00186419
2582	-0.00186435
2583	-0.00186456
2584	-0.00186459
2585	-0.00186446
2586	-0.0018644
2587	-0.00186455
2588	-0.00186483
2589	-0.00186498
2590	-0.00186491
2591	-0.00186485
2592	-0.00186497
2593	-0.00186521
2594	-0.0018653
2595	-0.00186514
2596	-0.00186496
2597	-0.00186498
2598	-0.00186513
2599	-0.00186516
2600	-0.00186493
2601	-0.00186469
2602	-0.00186461
2603	-0.00186469
2604	-0.00186469
2605	-0.00186442
2606	-0.0018641
2607	-0.00186393
2608	-0.00186397
2609	-0.00186399
2610	-0.00186377
2611	-0.00186346
2612	-0.00186326
2613	-0.00186328
2614	-0.00186335
2615	-0.00186324
2616	-0.00186299
2617	-0.00186285
2618	-0.00186294
2619	-0.00186315
2620	-0.00186321
2621	-0.00186308
2622	-0.00186305
2623	-0.00186325
2624	-0.00186359
2625	-0.00186377
2626	-0.00186371
2627	-0.00186367
2628	-0.00186384
2629	-0.00186414
2630	-0.00186431
2631	-0.00186421
2632	-0.00186412
2633	-0.00186418
2634	-0.00186439
2635	-0.00186451
2636	-0.00186433
2637	-0.00186412
2638	-0.00186402
2639	-0.00186411
2640	-0.00186415
2641	-0.0018639
2642	-0.00186357
2643	-0.00186336
2644	-0.00186334
2645	-0.00186331
2646	-0.00186305
2647	-0.00186269
2648	-0.00186246
2649	-0.00186245
2650	-0.00186249
2651	-0.00186232
2652	-0.00186201
2653	-0.00186181
2654	-0.00186185
2655	-0.00186204
2656	-0.0018621
2657	-0.00186196
2658	-0.0018619
2659	-0.00186204
2660	-0.00186234
2661	-0.00186256
2662	-0.00186253
2663	-0.0018625
2664	-0.00186263
2665	-0.00186292
2666	-0.00186313
2667	-0.00186306
2668	-0.00186296
2669	-0.00186299
2670	-0.0018632
2671	-0.00186334
2672	-0.00186319
2673	-0.001863
2674	-0.00186294
2675	-0.00186306
2676	-0.00186313
2677	-0.00186292
2678	-0.00186266
2679	-0.00186251
2680	-0.00186255
2681	-0.0018626
2682	-0.00186242
2683	-0.00186214
2684	-0.00186196
2685	-0.00186199
2686	-0.00186213
2687	-0.00186212
2688	-0.00186193
2689	-0.00186182
2690	-0.00186193
2691	-0.0018622
2692	-0.00186236
2693	-0.00186229
2694	-0.00186226
2695	-0.00186242
2696	-0.00186273
2697	-0.00186296
2698	-0.00186289
2699	-0.00186281
2700	-0.00186284
2701	-0.00186302
2702	-0.00186311
2703	-0.00186293
2704	-0.00186271
2705	-0.00186259
2706	-0.00186263
2707	-0.00186263
2708	-0.0018624
2709	-0.00186213
2710	-0.00186196
2711	-0.00186197
2712	-0.00186201
2713	-0.00186183
2714	-0.00186157
2715	-0.00186141
2716	-0.00186144
2717	-0.00186157
2718	-0.00186149
2719	-0.00186129
2720	-0.00186118
2721	-0.00186126
2722	-0.00186142
2723	-0.00186142
2724	-0.00186132
2725	-0.00186124
2726	-0.00186134
2727	-0.00186154
2728	-0.00186161
2729	-0.00186151
2730	-0.00186145
2731	-0.00186155
2732	-0.00186178
2733	-0.00186196
2734	-0.00186195
2735	-0.00186195
2736	-0.00186206
2737	-0.00186232
2738	-0.00186253
2739	-0.0018625
2740	-0.00186242
2741	-0.00186244
2742	-0.00186259
2743	-0.00186272
2744	-0.00186258
2745	-0.00186234
2746	-0.00186217
2747	-0.00186212
2748	-0.00186208
2749	-0.00186183
2750	-0.00186152
2751	-0.00186128
2752	-0.00186116
2753	-0.0018611
2754	-0.00186088
2755	-0.0018606
2756	-0.0018604
2757	-0.00186033
2758	-0.00186034
2759	-0.00186024
2760	-0.0018601
2761	-0.00185998
2762	-0.00185999
2763	-0.00186006
2764	-0.00186006
2765	-0.00185999
2766	-0.00185994
2767	-0.00186003
2768	-0.00186021
2769	-0.00186032
2770	-0.00186034
2771	-0.00186036
2772	-0.00186048
2773	-0.0018607
2774	-0.00186085
2775	-0.0018609
2776	-0.00186092
2777	-0.00186103
2778	-0.00186122
2779	-0.00186137
2780	-0.00186136
2781	-0.00186134
2782	-0.00186139
2783	-0.00186152
2784	-0.00186164
2785	-0.00186158
2786	-0.00186149
2787	-0.00186139
2788	-0.00186137
2789	-0.00186134
2790	-0.00186116
2791	-0.00186095
2792	-0.00186075
2793	-0.00186064
2794	-0.00186055
2795	-0.00186035
2796	-0.00186013
2797	-0.0018599
2798	-0.00185976
2799	-0.00185964
2800	-0.00185942
2801	-0.00185919
2802	-0.00185896
2803	-0.00185882
2804	-0.0018587
2805	-0.0018585
2806	-0.00185831
2807	-0.00185814
2808	-0.00185805
2809	-0.00185799
2810	-0.00185788
2811	-0.00185784
2812	-0.00185786
2813	-0.00185795
2814	-0.00185809
2815	-0.00185818
2816	-0.00185832
2817	-0.00185854
2818	-0.00185883
2819	-0.00185912
2820	-0.00185936
2821	-0.00185957
2822	-0.00185981
2823	-0.00186007
2824	-0.0018603
2825	-0.00186043
2826	-0.00186046
2827	-0.00186054
2828	-0.00186062
2829	-0.00186072
2830	-0.00186072
2831	-0.00186057
2832	-0.00186045
2833	-0.00186033
2834	-0.00186025
2835	-0.0018601
2836	-0.0018598
2837	-0.00185955
2838	-0.00185935
2839	-0.00185921
2840	-0.00185904
2841	-0.00185877
2842	-0.00185859
2843	-0.00185851
2844	-0.00185852
2845	-0.00185849
2846	-0.00185835
2847	-0.0018583
2848	-0.00185834
2849	-0.00185845
2850	-0.0018585
2851	-0.00185843
2852	-0.00185839
2853	-0.0018584
2854	-0.00185848
2855	-0.00185846
2856	-0.00185826
2857	-0.00185806
2858	-0.00185795
2859	-0.00185791
2860	-0.00185782
2861	-0.0018576
2862	-0.00185737
2863	-0.0018573
2864	-0.00185735
2865	-0.00185737
2866	-0.00185726
2867	-0.00185718
2868	-0.00185726
2869	-0.00185748
2870	-0.00185765
2871	-0.00185771
2872	-0.00185774
2873	-0.0018579
2874	-0.00185817
2875	-0.00185839
2876	-0.00185841
2877	-0.0018583
2878	-0.00185829
2879	-0.0018584
2880	-0.00185851
2881	-0.00185845
2882	-0.00185821
2883	-0.00185804
2884	-0.00185801
2885	-0.00185806
2886	-0.00185798
2887	-0.00185771
2888	-0.0018575
2889	-0.00185746
2890	-0.00185752
2891	-0.00185747
2892	-0.00185726
2893	-0.00185712
2894	-0.00185716
2895	-0.00185734
2896	-0.0018574
2897	-0.00185726
2898	-0.00185716
2899	-0.00185721
2900	-0.00185739
2901	-0.00185747
2902	-0.00185732
2903	-0.00185714
2904	-0.00185708
2905	-0.00185715
2906	-0.00185715
2907	-0.00185691
2908	-0.00185662
2909	-0.00185644
2910	-0.00185642
2911	-0.00185638
2912	-0.00185613
2913	-0.00185583
2914	-0.00185562
2915	-0.00185565
2916	-0.00185568
2917	-0.00185552
2918	-0.00185534
2919	-0.0018553
2920	-0.00185549
2921	-0.00185573
2922	-0.00185576
2923	-0.00185566
2924	-0.00185565
2925	-0.00185586
2926	-0.00185619
2927	-0.00185638
2928	-0.00185634
2929	-0.00185633
2930	-0.00185651
2931	-0.00185682
2932	-0.00185699
2933	-0.00185691
2934	-0.00185682
2935	-0.00185692
2936	-0.00185714
2937	-0.00185723
2938	-0.00185705
2939	-0.00185685
2940	-0.00185682
2941	-0.00185695
2942	-0.00185698
2943	-0.00185673
2944	-0.00185645
2945	-0.00185631
2946	-0.00185638
2947	-0.00185643
2948	-0.00185623
2949	-0.00185598
2950	-0.00185582
2951	-0.00185586
2952	-0.00185594
2953	-0.00185581
2954	-0.00185559
2955	-0.00185544
2956	-0.0018555
2957	-0.00185563
2958	-0.00185558
2959	-0.00185539
2960	-0.00185527
2961	-0.00185538
2962	-0.00185561
2963	-0.00185569
2964	-0.00185556
2965	-0.00185552
2966	-0.00185571
2967	-0.00185605
2968	-0.00185625
2969	-0.00185616
2970	-0.00185609
2971	-0.00185622
2972	-0.0018565
2973	-0.00185672
2974	-0.00185667
2975	-0.0018566
2976	-0.00185665
2977	-0.00185687
2978	-0.00185705
2979	-0.00185697
2980	-0.00185684
2981	-0.00185678
2982	-0.00185687
2983	-0.00185691
2984	-0.00185668
2985	-0.00185635
2986	-0.00185611
2987	-0.00185604
2988	-0.00185598
2989	-0.00185568
2990	-0.00185528
2991	-0.00185498
2992	-0.00185489
2993	-0.0018549
2994	-0.00185471
2995	-0.00185438
2996	-0.00185415
2997	-0.00185414
2998	-0.00185431
2999	-0.00185439
3000	-0.00185429
3001	-0.00185425
3002	-0.0018544
3003	-0.00185472
3004	-0.001855
3005	-0.00185507
3006	-0.00185513
3007	-0.00185532
3008	-0.00185565
3009	-0.00185591
3010	-0.00185588
3011	-0.00185581
3012	-0.00185584
3013	-0.00185601
3014	-0.00185613
3015	-0.00185597
3016	-0.00185577
3017	-0.00185567
3018	-0.00185574
3019	-0.00185582
3020	-0.00185566
3021	-0.00185541
3022	-0.00185525
3023	-0.00185524
3024	-0.0018553
3025	-0.00185516
3026	-0.00185492
3027	-0.00185473
3028	-0.00185467
3029	-0.00185467
3030	-0.00185453
3031	-0.00185428
3032	-0.00185408
3033	-0.00185402
3034	-0.00185404
3035	-0.00185395
3036	-0.00185373
3037	-0.00185356
3038	-0.00185356
3039	-0.0018537
3040	-0.00185377
3041	-0.0018537
3042	-0.00185367
3043	-0.00185379
3044	-0.00185409
3045	-0.00185435
3046	-0.00185445
3047	-0.00185453
3048	-0.00185468
3049	-0.00185496
3050	-0.0018552
3051	-0.00185523
3052	-0.00185518
3053	-0.00185514
3054	-0.00185519
3055	-0.00185522
3056	-0.00185502
3057	-0.00185473
3058	-0.0018545
3059	-0.00185437
3060	-0.00185428
3061	-0.00185403
3062	-0.00185376
3063	-0.00185359
3064	-0.00185351
3065	-0.00185353
3066	-0.00185345
3067	-0.00185338
3068	-0.00185335
3069	-0.00185346
3070	-0.00185363
3071	-0.00185368
3072	-0.00185368
3073	-0.00185367
3074	-0.00185371
3075	-0.00185379
3076	-0.0018538
3077	-0.00185376
3078	-0.0018537
3079	-0.00185369
3080	-0.00185368
3081	-0.0018536
3082	-0.00185347
3083	-0.00185333
3084	-0.00185327
3085	-0.00185328
3086	-0.00185325
3087	-0.00185316
3088	-0.00185311
3089	-0.00185312
3090	-0.00185322
3091	-0.00185331
3092	-0.00185329
3093	-0.00185333
3094	-0.00185339
3095	-0.00185356
3096	-0.00185372
3097	-0.00185376
3098	-0.00185381
3099	-0.00185387
3100	-0.00185398
3101	-0.00185405
3102	-0.00185397
3103	-0.00185387
3104	-0.00185376
3105	-0.00185371
3106	-0.00185363
3107	-0.00185341
3108	-0.0018532
3109	-0.00185299
3110	-0.00185285
3111	-0.00185271
3112	-0.00185248
3113	-0.00185229
3114	-0.00185215
3115	-0.00185206
3116	-0.00185197
3117	-0.00185181
3118	-0.00185173
3119	-0.00185174
3120	-0.00185183
3121	-0.00185191
3122	-0.00185193
3123	-0.001852
3124	-0.00185216
3125	-0.00185237
3126	-0.00185253
3127	-0.0018526
3128	-0.00185268
3129	-0.00185285
3130	-0.00185306
3131	-0.00185318
3132	-0.00185316
3133	-0.00185312
3134	-0.00185317
3135	-0.00185324
3136	-0.00185321
3137	-0.00185302
3138	-0.0018528
3139	-0.00185268
3140	-0.00185266
3141	-0.00185258
3142	-0.00185235
3143	-0.00185205
3144	-0.00185187
3145	-0.00185183
3146	-0.00185183
3147	-0.00185172
3148	-0.0018515
3149	-0.00185139
3150	-0.00185144
3151	-0.00185157
3152	-0.00185161
3153	-0.00185149
3154	-0.00185142
3155	-0.00185147
3156	-0.00185159
3157	-0.00185158
3158	-0.00185138
3159	-0.00185123
3160	-0.00185123
3161	-0.0018513
3162	-0.00185125
3163	-0.00185101
3164	-0.00185082
3165	-0.00185081
3166	-0.00185091
3167	-0.00185092
3168	-0.00185073
3169	-0.00185058
3170	-0.0018506
3171	-0.00185075
3172	-0.00185084
3173	-0.00185075
3174	-0.00185065
3175	-0.0018507
3176	-0.00185087
3177	-0.00185099
3178	-0.0018509
3179	-0.00185078
3180	-0.00185077
3181	-0.00185088
3182	-0.00185094
3183	-0.00185078
3184	-0.00185056
3185	-0.00185046
3186	-0.00185051
3187	-0.00185052
3188	-0.00185033
3189	-0.00185007
3190	-0.00184991
3191	-0.00184993
3192	-0.00184999
3193	-0.00184986
3194	-0.00184961
3195	-0.00184947
3196	-0.00184956
3197	-0.00184977
3198	-0.00184986
3199	-0.00184977
3200	-0.00184975
3201	-0.00184996
3202	-0.00185031
3203	-0.00185053
3204	-0.00185052
3205	-0.00185051
3206	-0.0018507
3207	-0.00185101
3208	-0.00185116
3209	-0.00185105
3210	-0.00185092
3211	-0.00185099
3212	-0.00185119
3213	-0.00185128
3214	-0.00185108
3215	-0.00185086
3216	-0.00185079
3217	-0.0018509
3218	-0.00185094
3219	-0.00185073
3220	-0.00185045
3221	-0.00185029
3222	-0.00185035
3223	-0.00185043
3224	-0.00185028
3225	-0.00185007
3226	-0.0018499
3227	-0.00184997
3228	-0.00185008
3229	-0.00184998
3230	-0.00184977
3231	-0.00184964
3232	-0.00184972
3233	-0.00184989
3234	-0.00184987
3235	-0.00184965
3236	-0.00184951
3237	-0.00184958
3238	-0.00184979
3239	-0.00184988
3240	-0.00184972
3241	-0.00184956
3242	-0.00184961
3243	-0.00184982
3244	-0.00184994
3245	-0.0018498
3246	-0.00184966
3247	-0.00184968
3248	-0.0018499
3249	-0.0018501
3250	-0.00185004
3251	-0.00184994
3252	-0.00184997
3253	-0.00185018
3254	-0.00185034
3255	-0.00185022
3256	-0.00185002
3257	-0.00184993
3258	-0.00185001
3259	-0.00185006
3260	-0.00184984
3261	-0.00184953
3262	-0.00184932
3263	-0.00184932
3264	-0.00184935
3265	-0.00184919
3266	-0.00184888
3267	-0.00184866
3268	-0.00184866
3269	-0.00184882
3270	-0.00184885
3271	-0.00184869
3272	-0.00184859
3273	-0.0018487
3274	-0.00184901
3275	-0.00184923
3276	-0.00184919
3277	-0.00184915
3278	-0.00184925
3279	-0.00184949
3280	-0.00184965
3281	-0.00184953
3282	-0.00184938
3283	-0.00184935
3284	-0.00184946
3285	-0.00184952
3286	-0.00184931
3287	-0.00184907
3288	-0.00184892
3289	-0.00184894
3290	-0.00184894
3291	-0.00184869
3292	-0.00184836
3293	-0.00184813
3294	-0.00184809
3295	-0.00184811
3296	-0.00184794
3297	-0.00184765
3298	-0.00184746
3299	-0.00184748
3300	-0.00184761
3301	-0.00184759
3302	-0.00184742
3303	-0.00184731
3304	-0.00184742
3305	-0.00184765
3306	-0.00184776
3307	-0.00184768
3308	-0.00184767
3309	-0.00184783
3310	-0.00184811
3311	-0.00184831
3312	-0.00184828
3313	-0.00184828
3314	-0.00184841
3315	-0.00184866
3316	-0.00184885
3317	-0.00184877
3318	-0.00184864
3319	-0.0018486
3320	-0.00184871
3321	-0.00184881
3322	-0.00184867
3323	-0.00184845
3324	-0.00184832
3325	-0.00184835
3326	-0.0018484
3327	-0.00184823
3328	-0.00184798
3329	-0.00184779
3330	-0.00184775
3331	-0.00184775
3332	-0.00184756
3333	-0.0018473
3334	-0.00184711
3335	-0.00184706
3336	-0.00184707
3337	-0.00184694
3338	-0.00184674
3339	-0.00184658
3340	-0.00184655
3341	-0.00184659
3342	-0.00184654
3343	-0.00184644
3344	-0.00184631
3345	-0.00184633
3346	-0.00184646
3347	-0.00184655
3348	-0.00184656
3349	-0.00184657
3350	-0.0018467
3351	-0.00184697
3352	-0.00184719
3353	-0.00184731
3354	-0.00184739
3355	-0.00184755
3356	-0.00184783
3357	-0.00184803
3358	-0.00184805
3359	-0.00184805
3360	-0.0018481
3361	-0.00184824
3362	-0.00184833
3363	-0.00184821
3364	-0.00184803
3365	-0.00184788
3366	-0.0018478
3367	-0.00184775
3368	-0.00184753
3369	-0.00184727
3370	-0.00184702
3371	-0.00184687
3372	-0.00184675
3373	-0.00184654
3374	-0.00184634
3375	-0.00184616
3376	-0.00184608
3377	-0.00184604
3378	-0.00184591
3379	-0.00184576
3380	-0.00184561
3381	-0.00184555
3382	-0.00184551
3383	-0.00184537
3384	-0.00184523
3385	-0.00184509
3386	-0.00184503
3387	-0.00184499
3388	-0.00184487
3389	-0.0018448
3390	-0.00184475
3391	-0.00184479
3392	-0.00184486
3393	-0.00184488
3394	-0.00184494
3395	-0.00184505
3396	-0.00184523
3397	-0.00184545
3398	-0.00184562
3399	-0.00184576
3400	-0.00184593
3401	-0.00184612
3402	-0.00184634
3403	-0.00184648
3404	-0.00184653
3405	-0.00184662
3406	-0.00184671
3407	-0.00184683
3408	-0.00184685
3409	-0.00184675
3410	-0.00184667
3411	-0.00184659
3412	-0.00184654
3413	-0.00184641
3414	-0.00184613
3415	-0.00184589
3416	-0.00184567
3417	-0.0018455
3418	-0.00184531
3419	-0.00184503
3420	-0.00184484
3421	-0.00184471
3422	-0.00184465
3423	-0.00184456
3424	-0.0018444
3425	-0.00184432
3426	-0.00184436
3427	-0.00184446
3428	-0.0018445
3429	-0.00184441
3430	-0.00184437
3431	-0.00184442
3432	-0.00184453
3433	-0.00184457
3434	-0.00184445
3435	-0.00184436
3436	-0.00184437
3437	-0.00184443
3438	-0.00184442
3439	-0.00184426
3440	-0.00184409
3441	-0.00184405
3442	-0.00184413
3443	-0.00184415
3444	-0.00184403
3445	-0.00184392
3446	-0.00184395
3447	-0.0018441
3448	-0.00184419
3449	-0.00184413
3450	-0.00184406
3451	-0.00184414
3452	-0.00184435
3453	-0.00184449
3454	-0.00184444
3455	-0.00184433
3456	-0.00184434
3457	-0.00184447
3458	-0.00184455
3459	-0.00184443
3460	-0.00184416
3461	-0.00184398
3462	-0.00184397
3463	-0.00184403
3464	-0.00184395
3465	-0.00184368
3466	-0.00184349
3467	-0.0018435
3468	-0.00184363
3469	-0.00184364
3470	-0.00184348
3471	-0.00184336
3472	-0.00184346
3473	-0.00184369
3474	-0.00184379
3475	-0.00184368
3476	-0.0018436
3477	-0.0018437
3478	-0.00184392
3479	-0.00184399
3480	-0.0018438
3481	-0.00184358
3482	-0.00184353
3483	-0.00184361
3484	-0.00184359
3485	-0.00184331
3486	-0.00184299
3487	-0.00184282
3488	-0.00184283
3489	-0.00184284
3490	-0.00184263
3491	-0.00184238
3492	-0.00184225
3493	-0.00184233
3494	-0.00184242
3495	-0.00184232
3496	-0.00184216
3497	-0.00184212
3498	-0.00184232
3499	-0.00184258
3500	-0.00184263
3501	-0.00184254
3502	-0.00184254
3503	-0.00184276
3504	-0.00184309
3505	-0.00184323
3506	-0.00184316
3507	-0.00184312
3508	-0.00184328
3509	-0.00184355
3510	-0.00184368
3511	-0.00184355
3512	-0.00184341
3513	-0.00184344
3514	-0.00184361
3515	-0.00184368
3516	-0.00184349
3517	-0.00184327
3518	-0.00184322
3519	-0.00184332
3520	-0.00184335
3521	-0.00184311
3522	-0.00184283
3523	-0.00184271
3524	-0.00184279
3525	-0.00184284
3526	-0.00184263
3527	-0.00184235
3528	-0.00184218
3529	-0.00184222
3530	-0.00184228
3531	-0.00184211
3532	-0.00184182
3533	-0.00184162
3534	-0.00184165
3535	-0.00184176
3536	-0.0018417
3537	-0.00184147
3538	-0.00184131
3539	-0.00184137
3540	-0.0018416
3541	-0.00184172
3542	-0.00184163
3543	-0.00184158
3544	-0.00184173
3545	-0.00184204
3546	-0.00184224
3547	-0.00184217
3548	-0.00184211
3549	-0.00184225
3550	-0.00184255
3551	-0.00184274
3552	-0.00184263
3553	-0.0018425
3554	-0.00184253
3555	-0.00184272
3556	-0.00184286
3557	-0.0018427
3558	-0.00184248
3559	-0.00184235
3560	-0.00184239
3561	-0.00184242
3562	-0.00184221
3563	-0.00184188
3564	-0.00184158
3565	-0.00184152
3566	-0.00184149
3567	-0.00184126
3568	-0.00184091
3569	-0.00184067
3570	-0.00184066
3571	-0.00184079
3572	-0.00184076
3573	-0.00184054
3574	-0.00184041
3575	-0.00184052
3576	-0.00184079
3577	-0.00184096
3578	-0.00184087
3579	-0.00184081
3580	-0.00184092
3581	-0.00184119
3582	-0.0018414
3583	-0.00184134
3584	-0.00184123
3585	-0.00184125
3586	-0.00184143
3587	-0.00184158
3588	-0.00184148
3589	-0.00184133
3590	-0.00184128
3591	-0.00184139
3592	-0.00184146
3593	-0.00184125
3594	-0.00184097
3595	-0.0018408
3596	-0.00184082
3597	-0.00184084
3598	-0.00184062
3599	-0.00184029
3600	-0.0018401
3601	-0.00184014
3602	-0.00184026
3603	-0.00184019
3604	-0.00183996
3605	-0.00183984
3606	-0.00183995
3607	-0.00184023
3608	-0.00184042
3609	-0.0018404
3610	-0.00184042
3611	-0.0018406
3612	-0.00184094
3613	-0.00184121
3614	-0.0018412
3615	-0.00184117
3616	-0.00184124
3617	-0.00184144
3618	-0.00184155
3619	-0.00184138
3620	-0.00184117
3621	-0.00184106
3622	-0.0018411
3623	-0.0018411
3624	-0.00184083
3625	-0.00184052
3626	-0.00184033
3627	-0.00184033
3628	-0.00184035
3629	-0.00184015
3630	-0.00183988
3631	-0.00183971
3632	-0.00183973
3633	-0.00183982
3634	-0.00183973
3635	-0.00183953
3636	-0.00183938
3637	-0.0018394
3638	-0.00183951
3639	-0.00183949
3640	-0.00183937
3641	-0.00183926
3642	-0.00183931
3643	-0.00183946
3644	-0.00183948
3645	-0.00183937
3646	-0.00183928
3647	-0.00183935
3648	-0.00183956
3649	-0.00183967
3650	-0.00183958
3651	-0.00183954
3652	-0.00183964
3653	-0.0018399
3654	-0.00184011
3655	-0.00184011
3656	-0.00184007
3657	-0.00184013
3658	-0.00184032
3659	-0.0018405
3660	-0.00184044
3661	-0.00184028
3662	-0.00184016
3663	-0.00184014
3664	-0.00184014
3665	-0.00183993
3666	-0.00183966
3667	-0.00183944
3668	-0.00183935
3669	-0.00183929
3670	-0.00183907
3671	-0.00183881
3672	-0.00183863
3673	-0.00183858
3674	-0.00183857
3675	-0.00183845
3676	-0.00183828
3677	-0.00183814
3678	-0.00183812
3679	-0.00183816
3680	-0.00183812
3681	-0.00183804
3682	-0.00183796
3683	-0.00183799
3684	-0.00183809
3685	-0.00183817
3686	-0.00183819
3687	-0.00183821
3688	-0.00183831
3689	-0.00183846
3690	-0.00183858
3691	-0.0018386
3692	-0.00183863
3693	-0.00183876
3694	-0.00183896
3695	-0.00183913
3696	-0.00183916
3697	-0.00183922
3698	-0.00183935
3699	-0.00183955
3700	-0.00183971
3701	-0.00183975
3702	-0.00183981
3703	-0.0018399
3704	-0.00184006
3705	-0.00184021
3706	-0.00184022
3707	-0.00184021
3708	-0.00184018
3709	-0.00184019
3710	-0.00184017
3711	-0.00184001
3712	-0.00183982
3713	-0.0018396
3714	-0.00183943
3715	-0.00183923
3716	-0.00183891
3717	-0.00183858
3718	-0.00183826
3719	-0.001838
3720	-0.00183775
3721	-0.00183741
3722	-0.00183713
3723	-0.0018369
3724	-0.00183674
3725	-0.00183661
3726	-0.00183643
3727	-0.00183636
3728	-0.00183642
3729	-0.00183658
3730	-0.00183676
3731	-0.00183689
3732	-0.00183709
3733	-0.00183736
3734	-0.00183769
3735	-0.00183799
3736	-0.00183818
3737	-0.00183839
3738	-0.00183866
3739	-0.00183897
3740	-0.00183918
3741	-0.00183923
3742	-0.00183927
3743	-0.00183938
3744	-0.00183951
3745	-0.00183951
3746	-0.00183935
3747	-0.00183916
3748	-0.00183908
3749	-0.00183905
3750	-0.00183898
3751	-0.00183875
3752	-0.00183845
3753	-0.00183829
3754	-0.00183827
3755	-0.00183827
3756	-0.00183818
3757	-0.00183795
3758	-0.00183784
3759	-0.00183787
3760	-0.00183799
3761	-0.00183801
3762	-0.00183789
3763	-0.00183782
3764	-0.0018379
3765	-0.00183805
3766	-0.00183807
3767	-0.00183789
3768	-0.00183772
3769	-0.00183772
3770	-0.00183779
3771	-0.00183772
3772	-0.00183743
3773	-0.00183714
3774	-0.00183701
3775	-0.00183699
3776	-0.00183686
3777	-0.00183652
3778	-0.00183616
3779	-0.00183597
3780	-0.00183593
3781	-0.00183586
3782	-0.00183562
3783	-0.00183538
3784	-0.0018353
3785	-0.0018354
3786	-0.00183551
3787	-0.00183547
3788	-0.00183539
3789	-0.00183546
3790	-0.00183571
3791	-0.00183594
3792	-0.00183597
3793	-0.00183588
3794	-0.00183591
3795	-0.00183611
3796	-0.00183633
3797	-0.00183638
3798	-0.00183624
3799	-0.00183619
3800	-0.00183632
3801	-0.00183653
3802	-0.0018366
3803	-0.00183646
3804	-0.00183635
3805	-0.0018364
3806	-0.00183658
3807	-0.00183663
3808	-0.00183647
3809	-0.00183632
3810	-0.00183635
3811	-0.0018365
3812	-0.00183652
3813	-0.0018363
3814	-0.00183608
3815	-0.00183603
3816	-0.00183612
3817	-0.00183611
3818	-0.00183587
3819	-0.00183559
3820	-0.00183548
3821	-0.00183553
3822	-0.00183554
3823	-0.00183533
3824	-0.00183506
3825	-0.00183493
3826	-0.001835
3827	-0.00183507
3828	-0.00183495
3829	-0.00183475
3830	-0.00183465
3831	-0.00183475
3832	-0.00183492
3833	-0.00183492
3834	-0.00183477
3835	-0.00183473
3836	-0.00183492
3837	-0.00183523
3838	-0.00183539
3839	-0.00183536
3840	-0.00183539
3841	-0.00183563
3842	-0.00183598
3843	-0.00183615
3844	-0.00183608
3845	-0.00183603
3846	-0.00183616
3847	-0.00183639
3848	-0.00183647
3849	-0.00183628
3850	-0.00183607
3851	-0.00183601
3852	-0.00183609
3853	-0.00183609
3854	-0.00183583
3855	-0.00183551
3856	-0.00183533
3857	-0.00183532
3858	-0.00183529
3859	-0.00183502
3860	-0.00183469
3861	-0.0018345
3862	-0.00183452
3863	-0.00183454
3864	-0.00183434
3865	-0.00183403
3866	-0.00183386
3867	-0.00183393
3868	-0.00183409
3869	-0.00183408
3870	-0.00183392
3871	-0.00183387
3872	-0.00183404
3873	-0.00183434
3874	-0.00183451
3875	-0.00183445
3876	-0.00183442
3877	-0.00183457
3878	-0.00183486
3879	-0.00183502
3880	-0.00183494
3881	-0.00183485
3882	-0.00183492
3883	-0.00183512
3884	-0.00183521
3885	-0.00183503
3886	-0.00183484
3887	-0.0018348
3888	-0.00183492
3889	-0.00183494
3890	-0.00183468
3891	-0.00183439
3892	-0.00183427
3893	-0.00183434
3894	-0.00183436
3895	-0.00183413
3896	-0.00183383
3897	-0.00183368
3898	-0.00183375
3899	-0.00183386
3900	-0.00183377
3901	-0.00183355
3902	-0.00183343
3903	-0.00183353
3904	-0.00183375
3905	-0.00183382
3906	-0.00183372
3907	-0.00183368
3908	-0.00183384
3909	-0.00183414
3910	-0.00183428
3911	-0.00183418
3912	-0.00183409
3913	-0.00183418
3914	-0.00183438
3915	-0.00183447
3916	-0.00183429
3917	-0.0018341
3918	-0.00183407
3919	-0.00183418
3920	-0.00183419
3921	-0.00183393
3922	-0.00183364
3923	-0.00183351
3924	-0.00183356
3925	-0.00183357
3926	-0.00183332
3927	-0.00183301
3928	-0.00183281
3929	-0.00183283
3930	-0.00183288
3931	-0.00183273
3932	-0.0018325
3933	-0.00183239
3934	-0.00183251
3935	-0.00183267
3936	-0.00183262
3937	-0.00183246
3938	-0.0018324
3939	-0.00183259
3940	-0.00183287
3941	-0.00183298
3942	-0.0018329
3943	-0.00183291
3944	-0.00183313
3945	-0.00183348
3946	-0.0018337
3947	-0.00183365
3948	-0.00183359
3949	-0.0018337
3950	-0.00183394
3951	-0.00183409
3952	-0.00183396
3953	-0.00183379
3954	-0.00183376
3955	-0.00183389
3956	-0.00183396
3957	-0.00183375
3958	-0.00183351
3959	-0.00183339
3960	-0.00183344
3961	-0.00183345
3962	-0.00183319
3963	-0.00183285
3964	-0.00183263
3965	-0.00183259
3966	-0.00183255
3967	-0.00183228
3968	-0.00183192
3969	-0.00183167
3970	-0.00183163
3971	-0.0018317
3972	-0.00183159
3973	-0.00183133
3974	-0.00183116
3975	-0.00183122
3976	-0.00183146
3977	-0.00183161
3978	-0.00183158
3979	-0.0018316
3980	-0.00183184
3981	-0.00183227
3982	-0.00183263
3983	-0.00183269
3984	-0.00183273
3985	-0.00183291
3986	-0.00183321
3987	-0.00183344
3988	-0.00183336
3989	-0.00183324
3990	-0.00183324
3991	-0.00183339
3992	-0.00183347
3993	-0.00183327
3994	-0.00183305
3995	-0.00183293
3996	-0.00183296
3997	-0.00183298
3998	-0.00183274
3999	-0.00183241
4000	-0.00183218
4001	-0.00183213
4002	-0.00183214
4003	-0.00183196
4004	-0.00183166
4005	-0.00183145
4006	-0.00183144
4007	-0.00183155
4008	-0.00183151
4009	-0.00183131
4010	-0.00183117
4011	-0.00183122
4012	-0.00183142
4013	-0.00183151
4014	-0.00183141
4015	-0.00183135
4016	-0.00183145
4017	-0.00183169
4018	-0.00183185
4019	-0.00183178
4020	-0.00183171
4021	-0.00183176
4022	-0.00183194
4023	-0.00183208
4024	-0.00183195
4025	-0.00183178
4026	-0.00183169
4027	-0.00183178
4028	-0.00183188
4029	-0.00183176
4030	-0.00183157
4031	-0.00183148
4032	-0.00183157
4033	-0.00183168
4034	-0.00183159
4035	-0.00183141
4036	-0.00183131
4037	-0.00183135
4038	-0.00183143
4039	-0.00183131
4040	-0.00183111
4041	-0.00183099
4042	-0.001831
4043	-0.00183107
4044	-0.00183099
4045	-0.0018308
4046	-0.00183066
4047	-0.00183066
4048	-0.00183072
4049	-0.00183069
4050	-0.00183053
4051	-0.00183037
4052	-0.00183035
4053	-0.00183047
4054	-0.00183054
4055	-0.00183046
4056	-0.0018304
4057	-0.00183048
4058	-0.0018307
4059	-0.0018309
4060	-0.00183093
4061	-0.00183095
4062	-0.00183104
4063	-0.00183124
4064	-0.00183139
4065	-0.00183133
4066	-0.00183121
4067	-0.00183114
4068	-0.00183115
4069	-0.00183115
4070	-0.00183095
4071	-0.00183068
4072	-0.00183046
4073	-0.00183035
4074	-0.00183029
4075	-0.00183011
4076	-0.00182992
4077	-0.00182975
4078	-0.00182971
4079	-0.00182972
4080	-0.00182964
4081	-0.00182956
4082	-0.0018295
4083	-0.00182956
4084	-0.00182966
4085	-0.00182965
4086	-0.00182959
4087	-0.00182955
4088	-0.00182959
4089	-0.00182965
4090	-0.00182962
4091	-0.00182956
4092	-0.0018295
4093	-0.00182952
4094	-0.00182956
4095	-0.00182956
4096	-0.00182953
4097	-0.00182951
4098	-0.00182955
4099	-0.00182964
4100	-0.0018297
4101	-0.00182971
4102	-0.00182977
4103	-0.00182988
4104	-0.00183008
4105	-0.00183024
4106	-0.00183028
4107	-0.00183034
4108	-0.00183041
4109	-0.00183055
4110	-0.00183064
4111	-0.00183059
4112	-0.00183055
4113	-0.0018305
4114	-0.00183051
4115	-0.00183044
4116	-0.00183021
4117	-0.00182997
4118	-0.00182971
4119	-0.00182953
4120	-0.00182932
4121	-0.00182901
4122	-0.00182873
4123	-0.00182847
4124	-0.00182829
4125	-0.00182813
4126	-0.00182789
4127	-0.00182774
4128	-0.00182767
4129	-0.00182768
4130	-0.00182769
4131	-0.00182763
4132	-0.00182765
4133	-0.00182777
4134	-0.00182794
4135	-0.00182808
4136	-0.00182808
4137	-0.00182813
4138	-0.00182826
4139	-0.00182845
4140	-0.00182857
4141	-0.00182857
4142	-0.00182857
4143	-0.00182865
4144	-0.00182879
4145	-0.00182884
4146	-0.00182875
4147	-0.00182864
4148	-0.00182862
4149	-0.00182867
4150	-0.00182866
4151	-0.0018285
4152	-0.00182831
4153	-0.00182824
4154	-0.00182827
4155	-0.00182825
4156	-0.00182811
4157	-0.00182789
4158	-0.0018278
4159	-0.00182782
4160	-0.00182783
4161	-0.00182769
4162	-0.00182744
4163	-0.0018273
4164	-0.00182731
4165	-0.00182736
4166	-0.00182728
4167	-0.00182701
4168	-0.00182681
4169	-0.00182676
4170	-0.00182681
4171	-0.00182676
4172	-0.00182655
4173	-0.00182639
4174	-0.0018264
4175	-0.00182655
4176	-0.00182663
4177	-0.00182652
4178	-0.00182645
4179	-0.00182658
4180	-0.00182681
4181	-0.00182693
4182	-0.00182683
4183	-0.00182674
4184	-0.00182685
4185	-0.00182705
4186	-0.00182712
4187	-0.00182695
4188	-0.00182677
4189	-0.00182675
4190	-0.00182685
4191	-0.00182687
4192	-0.00182666
4193	-0.0018264
4194	-0.00182628
4195	-0.00182633
4196	-0.00182637
4197	-0.00182621
4198	-0.001826
4199	-0.00182591
4200	-0.00182601
4201	-0.0018261
4202	-0.00182599
4203	-0.00182582
4204	-0.00182576
4205	-0.00182592
4206	-0.00182612
4207	-0.00182611
4208	-0.00182594
4209	-0.00182585
4210	-0.00182597
4211	-0.00182619
4212	-0.00182623
4213	-0.00182607
4214	-0.00182595
4215	-0.00182602
4216	-0.00182623
4217	-0.00182634
4218	-0.0018262
4219	-0.00182608
4220	-0.00182613
4221	-0.00182634
4222	-0.00182646
4223	-0.00182633
4224	-0.00182619
4225	-0.00182622
4226	-0.00182642
4227	-0.00182654
4228	-0.00182638
4229	-0.00182621
4230	-0.00182619
4231	-0.00182637
4232	-0.00182652
4233	-0.00182638
4234	-0.0018262
4235	-0.00182614
4236	-0.00182627
4237	-0.0018264
4238	-0.00182628
4239	-0.00182606
4240	-0.00182591
4241	-0.00182597
4242	-0.00182609
4243	-0.00182601
4244	-0.00182577
4245	-0.0018256
4246	-0.00182563
4247	-0.00182581
4248	-0.00182586
4249	-0.0018257
4250	-0.00182559
4251	-0.0018257
4252	-0.00182596
4253	-0.0018261
4254	-0.00182595
4255	-0.00182581
4256	-0.00182586
4257	-0.00182608
4258	-0.00182623
4259	-0.00182611
4260	-0.00182597
4261	-0.00182596
4262	-0.00182613
4263	-0.00182625
4264	-0.0018261
4265	-0.00182589
4266	-0.00182577
4267	-0.00182582
4268	-0.00182585
4269	-0.00182562
4270	-0.0018253
4271	-0.00182506
4272	-0.00182501
4273	-0.00182501
4274	-0.00182478
4275	-0.00182445
4276	-0.00182423
4277	-0.00182424
4278	-0.00182436
4279	-0.00182429
4280	-0.00182405
4281	-0.00182392
4282	-0.00182404
4283	-0.00182434
4284	-0.00182453
4285	-0.00182449
4286	-0.00182451
4287	-0.00182471
4288	-0.00182506
4289	-0.00182534
4290	-0.00182535
4291	-0.00182533
4292	-0.0018254
4293	-0.0018256
4294	-0.00182576
4295	-0.00182565
4296	-0.00182549
4297	-0.00182541
4298	-0.00182548
4299	-0.00182552
4300	-0.00182529
4301	-0.001825
4302	-0.00182483
4303	-0.00182483
4304	-0.00182484
4305	-0.00182461
4306	-0.00182429
4307	-0.00182406
4308	-0.00182403
4309	-0.00182407
4310	-0.00182392
4311	-0.00182364
4312	-0.00182342
4313	-0.00182336
4314	-0.00182341
4315	-0.00182335
4316	-0.00182315
4317	-0.001823
4318	-0.00182301
4319	-0.00182315
4320	-0.00182324
4321	-0.00182321
4322	-0.0018232
4323	-0.00182335
4324	-0.00182366
4325	-0.0018239
4326	-0.00182393
4327	-0.00182398
4328	-0.00182416
4329	-0.0018245
4330	-0.00182477
4331	-0.00182478
4332	-0.00182473
4333	-0.00182478
4334	-0.00182497
4335	-0.00182512
4336	-0.00182503
4337	-0.00182483
4338	-0.00182467
4339	-0.00182462
4340	-0.00182461
4341	-0.0018244
4342	-0.00182412
4343	-0.0018239
4344	-0.00182375
4345	-0.0018237
4346	-0.00182351
4347	-0.00182327
4348	-0.0018231
4349	-0.00182306
4350	-0.00182307
4351	-0.00182295
4352	-0.00182277
4353	-0.0018226
4354	-0.00182257
4355	-0.00182261
4356	-0.00182256
4357	-0.00182244
4358	-0.00182233
4359	-0.00182234
4360	-0.00182243
4361	-0.00182246
4362	-0.00182239
4363	-0.00182234
4364	-0.00182238
4365	-0.00182253
4366	-0.00182268
4367	-0.00182274
4368	-0.00182278
4369	-0.0018229
4370	-0.00182312
4371	-0.00182331
4372	-0.00182336
4373	-0.00182343
4374	-0.00182355
4375	-0.00182377
4376	-0.00182394
4377	-0.00182394
4378	-0.00182391
4379	-0.00182387
4380	-0.00182391
4381	-0.00182392
4382	-0.00182377
4383	-0.00182359
4384	-0.00182339
4385	-0.00182327
4386	-0.00182316
4387	-0.00182294
4388	-0.0018227
4389	-0.00182246
4390	-0.00182229
4391	-0.00182213
4392	-0.00182187
4393	-0.00182162
4394	-0.00182137
4395	-0.0018212
4396	-0.00182104
4397	-0.0018208
4398	-0.0018206
4399	-0.00182043
4400	-0.00182034
4401	-0.00182026
4402	-0.00182014
4403	-0.00182009
4404	-0.00182013
4405	-0.00182025
4406	-0.00182038
4407	-0.00182044
4408	-0.00182055
4409	-0.00182072
4410	-0.00182094
4411	-0.00182111
4412	-0.00182121
4413	-0.0018213
4414	-0.00182146
4415	-0.00182165
4416	-0.00182178
4417	-0.0018218
4418	-0.00182174
4419	-0.00182175
4420	-0.00182179
4421	-0.00182181
4422	-0.0018217
4423	-0.00182148
4424	-0.00182138
4425	-0.00182134
4426	-0.00182133
4427	-0.00182123
4428	-0.00182103
4429	-0.00182093
4430	-0.00182094
4431	-0.00182102
4432	-0.00182103
4433	-0.00182093
4434	-0.00182091
4435	-0.00182101
4436	-0.00182117
4437	-0.00182126
4438	-0.00182121
4439	-0.00182121
4440	-0.00182129
4441	-0.00182143
4442	-0.00182146
4443	-0.0018213
4444	-0.00182116
4445	-0.00182114
4446	-0.00182117
4447	-0.00182108
4448	-0.00182077
4449	-0.00182047
4450	-0.00182031
4451	-0.00182024
4452	-0.00182006
4453	-0.0018197
4454	-0.00181935
4455	-0.00181916
4456	-0.00181912
4457	-0.00181903
4458	-0.0018188
4459	-0.00181857
4460	-0.00181853
4461	-0.00181867
4462	-0.00181879
4463	-0.00181879
4464	-0.00181875
4465	-0.00181885
4466	-0.00181912
4467	-0.00181938
4468	-0.00181951
4469	-0.00181951
4470	-0.00181959
4471	-0.00181984
4472	-0.0018201
4473	-0.00182021
4474	-0.00182009
4475	-0.00182005
4476	-0.00182019
4477	-0.0018204
4478	-0.00182043
4479	-0.00182025
4480	-0.00182012
4481	-0.00182021
4482	-0.00182042
4483	-0.0018205
4484	-0.00182035
4485	-0.00182021
4486	-0.00182024
4487	-0.00182041
4488	-0.00182044
4489	-0.00182022
4490	-0.00181996
4491	-0.00181989
4492	-0.00181995
4493	-0.00181993
4494	-0.00181966
4495	-0.00181936
4496	-0.00181924
4497	-0.0018193
4498	-0.00181933
4499	-0.00181912
4500	-0.00181887
4501	-0.00181876
4502	-0.00181884
4503	-0.00181891
4504	-0.00181875
4505	-0.00181851
4506	-0.00181839
4507	-0.00181849
4508	-0.00181865
4509	-0.00181863
4510	-0.00181846
4511	-0.00181836
4512	-0.00181847
4513	-0.00181873
4514	-0.00181886
4515	-0.00181879
4516	-0.00181876
4517	-0.00181893
4518	-0.00181922
4519	-0.00181938
4520	-0.00181927
4521	-0.00181919
4522	-0.0018193
4523	-0.00181956
4524	-0.00181968
4525	-0.00181952
4526	-0.00181937
4527	-0.0018194
4528	-0.00181959
4529	-0.00181969
4530	-0.00181951
4531	-0.00181929
4532	-0.00181921
4533	-0.00181933
4534	-0.00181942
4535	-0.00181926
4536	-0.001819
4537	-0.00181883
4538	-0.00181886
4539	-0.00181891
4540	-0.00181873
4541	-0.00181844
4542	-0.00181823
4543	-0.00181825
4544	-0.00181833
4545	-0.0018182
4546	-0.00181792
4547	-0.00181772
4548	-0.00181775
4549	-0.00181792
4550	-0.00181795
4551	-0.00181777
4552	-0.00181764
4553	-0.00181772
4554	-0.00181794
4555	-0.00181807
4556	-0.00181795
4557	-0.00181784
4558	-0.00181791
4559	-0.00181816
4560	-0.00181834
4561	-0.00181825
4562	-0.00181813
4563	-0.00181814
4564	-0.00181835
4565	-0.00181851
4566	-0.00181839
4567	-0.0018182
4568	-0.00181812
4569	-0.00181823
4570	-0.00181831
4571	-0.00181812
4572	-0.00181784
4573	-0.00181769
4574	-0.00181773
4575	-0.00181779
4576	-0.00181761
4577	-0.00181731
4578	-0.00181711
4579	-0.00181715
4580	-0.00181732
4581	-0.00181736
4582	-0.00181721
4583	-0.00181712
4584	-0.00181726
4585	-0.00181757
4586	-0.0018178
4587	-0.00181777
4588	-0.00181774
4589	-0.00181789
4590	-0.00181818
4591	-0.00181838
4592	-0.00181829
4593	-0.00181816
4594	-0.00181817
4595	-0.00181832
4596	-0.00181841
4597	-0.00181821
4598	-0.00181795
4599	-0.00181781
4600	-0.00181783
4601	-0.00181781
4602	-0.00181752
4603	-0.00181715
4604	-0.00181689
4605	-0.00181683
4606	-0.00181679
4607	-0.00181654
4608	-0.00181618
4609	-0.00181594
4610	-0.00181593
4611	-0.00181605
4612	-0.00181603
4613	-0.00181585
4614	-0.00181577
4615	-0.00181593
4616	-0.00181627
4617	-0.00181651
4618	-0.00181651
4619	-0.00181657
4620	-0.00181681
4621	-0.0018172
4622	-0.00181747
4623	-0.00181743
4624	-0.00181738
4625	-0.00181746
4626	-0.00181765
4627	-0.00181777
4628	-0.0018176
4629	-0.00181739
4630	-0.00181727
4631	-0.0018173
4632	-0.0018173
4633	-0.00181705
4634	-0.00181675
4635	-0.00181656
4636	-0.00181654
4637	-0.00181654
4638	-0.00181629
4639	-0.00181596
4640	-0.00181575
4641	-0.00181575
4642	-0.00181581
4643	-0.00181568
4644	-0.00181541
4645	-0.00181523
4646	-0.00181525
4647	-0.00181538
4648	-0.00181536
4649	-0.00181521
4650	-0.00181507
4651	-0.00181511
4652	-0.00181527
4653	-0.00181535
4654	-0.00181529
4655	-0.00181521
4656	-0.00181526
4657	-0.00181546
4658	-0.00181561
4659	-0.00181554
4660	-0.00181546
4661	-0.00181551
4662	-0.00181571
4663	-0.00181588
4664	-0.0018158
4665	-0.00181569
4666	-0.00181569
4667	-0.00181586
4668	-0.00181602
4669	-0.00181595
4670	-0.0018158
4671	-0.00181575
4672	-0.00181585
4673	-0.00181598
4674	-0.00181591
4675	-0.00181576
4676	-0.00181568
4677	-0.00181572
4678	-0.00181579
4679	-0.0018157
4680	-0.00181553
4681	-0.00181539
4682	-0.00181537
4683	-0.00181538
4684	-0.00181526
4685	-0.00181507
4686	-0.00181489
4687	-0.00181482
4688	-0.0018148
4689	-0.00181471
4690	-0.00181455
4691	-0.00181439
4692	-0.0018144
4693	-0.0018145
4694	-0.00181455
4695	-0.0018145
4696	-0.00181447
4697	-0.00181454
4698	-0.00181471
4699	-0.00181486
4700	-0.00181486
4701	-0.00181488
4702	-0.00181496
4703	-0.00181514
4704	-0.0018153
4705	-0.00181531
4706	-0.00181531
4707	-0.00181535
4708	-0.00181548
4709	-0.00181562
4710	-0.00181559
4711	-0.00181554
4712	-0.00181549
4713	-0.00181551
4714	-0.00181553
4715	-0.00181541
4716	-0.00181528
4717	-0.00181515
4718	-0.00181513
4719	-0.00181513
4720	-0.001815
4721	-0.00181485
4722	-0.00181471
4723	-0.00181465
4724	-0.0018146
4725	-0.00181445
4726	-0.00181431
4727	-0.00181418
4728	-0.00181411
4729	-0.00181406
4730	-0.00181393
4731	-0.00181382
4732	-0.00181374
4733	-0.00181369
4734	-0.00181366
4735	-0.00181357
4736	-0.00181354
4737	-0.00181358
4738	-0.00181367
4739	-0.00181378
4740	-0.00181381
4741	-0.00181388
4742	-0.00181401
4743	-0.00181418
4744	-0.0018143
4745	-0.00181435
4746	-0.00181439
4747	-0.00181448
4748	-0.00181458
4749	-0.00181461
4750	-0.00181453
4751	-0.00181437
4752	-0.00181428
4753	-0.00181421
4754	-0.00181414
4755	-0.00181397
4756	-0.0018137
4757	-0.00181353
4758	-0.00181341
4759	-0.00181336
4760	-0.00181326
4761	-0.00181305
4762	-0.00181296
4763	-0.00181295
4764	-0.001813
4765	-0.00181303
4766	-0.00181294
4767	-0.00181296
4768	-0.00181307
4769	-0.00181323
4770	-0.00181333
4771	-0.00181332
4772	-0.00181339
4773	-0.00181355
4774	-0.00181376
4775	-0.00181386
4776	-0.00181379
4777	-0.00181373
4778	-0.00181373
4779	-0.00181377
4780	-0.00181367
4781	-0.00181338
4782	-0.00181306
4783	-0.00181285
4784	-0.00181273
4785	-0.00181252
4786	-0.00181213
4787	-0.00181175
4788	-0.00181152
4789	-0.00181142
4790	-0.00181128
4791	-0.00181101
4792	-0.00181077
4793	-0.0018107
4794	-0.00181081
4795	-0.00181089
4796	-0.00181085
4797	-0.00181079
4798	-0.00181087
4799	-0.00181111
4800	-0.00181132
4801	-0.00181136
4802	-0.00181126
4803	-0.00181123
4804	-0.00181136
4805	-0.00181153
4806	-0.00181155
4807	-0.00181137
4808	-0.00181126
4809	-0.00181133
4810	-0.00181151
4811	-0.00181156
4812	-0.00181142
4813	-0.00181133
4814	-0.00181144
4815	-0.00181167
4816	-0.00181176
4817	-0.00181164
4818	-0.00181156
4819	-0.00181169
4820	-0.00181194
4821	-0.00181204
4822	-0.0018119
4823	-0.00181175
4824	-0.00181178
4825	-0.00181194
4826	-0.001812
4827	-0.00181183
4828	-0.00181159
4829	-0.00181148
4830	-0.00181152
4831	-0.00181153
4832	-0.00181131
4833	-0.00181103
4834	-0.00181088
4835	-0.00181093
4836	-0.00181096
4837	-0.00181077
4838	-0.00181051
4839	-0.00181036
4840	-0.00181043
4841	-0.00181054
4842	-0.00181046
4843	-0.00181024
4844	-0.00181013
4845	-0.00181026
4846	-0.0018105
4847	-0.00181062
4848	-0.00181054
4849	-0.00181052
4850	-0.0018107
4851	-0.00181102
4852	-0.00181121
4853	-0.00181117
4854	-0.00181111
4855	-0.00181124
4856	-0.00181148
4857	-0.00181159
4858	-0.00181145
4859	-0.00181128
4860	-0.00181128
4861	-0.00181143
4862	-0.00181149
4863	-0.00181127
4864	-0.00181103
4865	-0.00181097
4866	-0.00181107
4867	-0.00181112
4868	-0.0018109
4869	-0.00181065
4870	-0.00181054
4871	-0.00181064
4872	-0.00181073
4873	-0.00181059
4874	-0.00181036
4875	-0.00181023
4876	-0.00181033
4877	-0.00181051
4878	-0.00181051
4879	-0.00181036
4880	-0.00181029
4881	-0.00181044
4882	-0.00181071
4883	-0.00181082
4884	-0.00181071
4885	-0.00181065
4886	-0.00181076
4887	-0.00181098
4888	-0.00181104
4889	-0.00181084
4890	-0.00181064
4891	-0.00181062
4892	-0.00181074
4893	-0.00181074
4894	-0.00181047
4895	-0.0018102
4896	-0.0018101
4897	-0.00181015
4898	-0.00181015
4899	-0.00180989
4900	-0.0018096
4901	-0.00180945
4902	-0.0018095
4903	-0.00180955
4904	-0.00180936
4905	-0.00180909
4906	-0.00180894
4907	-0.00180902
4908	-0.00180912
4909	-0.001809
4910	-0.0018088
4911	-0.00180871
4912	-0.00180886
4913	-0.00180906
4914	-0.00180907
4915	-0.00180892
4916	-0.00180888
4917	-0.00180906
4918	-0.00180936
4919	-0.00180953
4920	-0.00180947
4921	-0.00180944
4922	-0.00180958
4923	-0.00180986
4924	-0.00181003
4925	-0.00180994
4926	-0.00180983
4927	-0.00180989
4928	-0.00181009
4929	-0.0018102
4930	-0.00181003
4931	-0.00180983
4932	-0.00180978
4933	-0.00180991
4934	-0.00180998
4935	-0.00180976
4936	-0.00180948
4937	-0.00180933
4938	-0.00180936
4939	-0.00180936
4940	-0.00180911
4941	-0.00180878
4942	-0.00180855
4943	-0.00180853
4944	-0.00180854
4945	-0.00180833
4946	-0.00180803
4947	-0.00180782
4948	-0.00180783
4949	-0.00180798
4950	-0.00180799
4951	-0.00180783
4952	-0.00180774
4953	-0.00180788
4954	-0.00180819
4955	-0.00180841
4956	-0.0018084
4957	-0.00180843
4958	-0.00180865
4959	-0.00180903
4960	-0.0018093
4961	-0.00180928
4962	-0.00180923
4963	-0.00180933
4964	-0.00180958
4965	-0.00180975
4966	-0.00180963
4967	-0.00180949
4968	-0.00180945
4969	-0.00180956
4970	-0.00180962
4971	-0.00180941
4972	-0.00180914
4973	-0.00180894
4974	-0.00180891
4975	-0.00180889
4976	-0.00180862
4977	-0.00180825
4978	-0.00180799
4979	-0.00180792
4980	-0.00180794
4981	-0.00180777
4982	-0.00180746
4983	-0.00180727
4984	-0.0018073
4985	-0.00180746
4986	-0.00180749
4987	-0.00180734
4988	-0.00180725
4989	-0.00180735
4990	-0.0018076
4991	-0.00180778
4992	-0.00180776
4993	-0.00180777
4994	-0.0018079
4995	-0.00180818
4996	-0.0018084
4997	-0.00180838
4998	-0.00180833
4999	-0.00180837
5000	-0.00180855
