1	12.16
2	27.14
3	33.65
4	41.03
5	47.13
6	54.11
7	60.58
8	66.55
9	72.8
10	79.13
11	84.55
12	90.45
13	96.5
14	102.69
15	108.86
16	114.93
17	120.64
18	125.9
19	130.9
20	136.42
21	141.95
22	147.53
23	153.01
24	158.45
25	163.84
26	169.04
27	173.89
28	178.49
29	183.09
30	187.39
31	191.96
32	197.07
33	201.95
34	207.2
35	211.91
36	216.5
37	221.13
38	225.57
39	230.04
40	234.49
41	238.97
42	243.42
43	248.16
44	252.82
45	257.43
46	262.01
47	266.67
48	271.17
49	275.78
50	280.24
51	284.4
52	289.02
53	293.17
54	297.45
55	301.94
56	306.44
57	310.69
58	314.86
59	319.03
60	323.52
61	327.91
62	332.15
63	336.17
64	340.41
65	344.71
66	349.05
67	353.38
68	357.68
69	361.97
70	366.27
71	370.6
72	374.91
73	379.27
74	383.52
75	387.78
76	392.11
77	396.44
78	400.66
79	404.93
80	409.22
81	413.54
82	417.87
83	422.24
84	426.54
85	430.89
86	435.12
87	439.34
88	443.57
89	447.8
90	452.02
91	456.28
92	460.51
93	464.79
94	469.16
95	473.47
96	477.72
97	481.95
98	486.19
99	490.47
100	494.81
101	502.2
102	506.7
103	511.21
104	515.77
105	520.28
106	524.8
107	529.31
108	533.79
109	538.25
110	542.69
111	547.13
112	551.57
113	556.07
114	560.54
115	564.88
116	569.16
117	573.41
118	577.67
119	582.04
120	586.51
121	590.95
122	595.4
123	599.77
124	604.25
125	608.71
126	613.14
127	617.5
128	621.96
129	626.44
130	630.86
131	635.23
132	639.63
133	643.99
134	648.3
135	652.63
136	657.08
137	661.53
138	665.9
139	670.34
140	674.77
141	679.23
142	683.68
143	688.14
144	692.6
145	697.05
146	701.49
147	705.95
148	710.09
149	714.41
150	718.87
151	723.32
152	727.66
153	731.9
154	736.21
155	740.52
156	744.81
157	749.13
158	753.46
159	757.76
160	762.16
161	766.59
162	770.93
163	775.39
164	779.86
165	784.35
166	788.79
167	793.06
168	797.25
169	801.48
170	805.72
171	809.99
172	814.31
173	818.77
174	823.22
175	827.64
176	832.06
177	836.41
178	840.84
179	845.29
180	849.72
181	854.17
182	858.62
183	862.95
184	867.29
185	871.61
186	875.93
187	880.28
188	884.59
189	888.91
190	893.26
191	897.63
192	901.93
193	906.28
194	910.63
195	914.96
196	919.27
197	923.74
198	928.15
199	932.6
200	937.09
201	941.88
202	946.33
203	950.78
204	955.21
205	959.62
206	964.01
207	968.44
208	972.84
209	977.21
210	981.6
211	985.87
212	990.1
213	994.31
214	998.55
215	1002.79
216	1006.91
217	1011.2
218	1015.39
219	1019.62
220	1023.86
221	1028.05
222	1032.16
223	1036.35
224	1040.61
225	1045.04
226	1049.42
227	1053.77
228	1058.16
229	1062.53
230	1066.91
231	1071.29
232	1075.69
233	1079.95
234	1084.23
235	1088.51
236	1092.77
237	1097
238	1101.27
239	1105.54
240	1109.82
241	1114.07
242	1118.36
243	1122.62
244	1126.89
245	1131.17
246	1135.49
247	1139.75
248	1144.05
249	1148.31
250	1152.78
251	1157.13
252	1161.51
253	1165.87
254	1170.26
255	1174.47
256	1178.89
257	1183.27
258	1187.56
259	1191.67
260	1195.72
261	1199.76
262	1203.8
263	1207.9
264	1212.29
265	1216.57
266	1220.62
267	1224.78
268	1229.03
269	1233.22
270	1237.57
271	1241.95
272	1246.34
273	1250.63
274	1255.01
275	1259.36
276	1263.72
277	1268.14
278	1272.55
279	1276.93
280	1281.28
281	1285.65
282	1290
283	1294.29
284	1298.58
285	1302.71
286	1306.83
287	1310.99
288	1315.06
289	1319.36
290	1323.56
291	1327.75
292	1332.06
293	1336.3
294	1340.66
295	1344.91
296	1349.15
297	1353.51
298	1357.92
299	1362.22
300	1366.56
301	1371.34
302	1375.72
303	1380.03
304	1384.37
305	1388.75
306	1393.06
307	1397.43
308	1401.73
309	1405.99
310	1410.31
311	1414.62
312	1418.9
313	1423.14
314	1427.39
315	1431.65
316	1435.87
317	1440.11
318	1444.38
319	1448.59
320	1452.86
321	1457.1
322	1461.39
323	1465.77
324	1470.11
325	1474.45
326	1478.83
327	1483.23
328	1487.67
329	1492.02
330	1496.45
331	1500.87
332	1505.27
333	1509.63
334	1514.02
335	1518.41
336	1522.76
337	1527.14
338	1531.56
339	1535.92
340	1540.34
341	1544.74
342	1549.16
343	1553.57
344	1557.98
345	1562.23
346	1566.58
347	1570.95
348	1575.23
349	1579.5
350	1583.79
351	1588.05
352	1592.35
353	1596.75
354	1601.06
355	1605.31
356	1609.68
357	1613.94
358	1618.26
359	1622.69
360	1627.03
361	1631.4
362	1635.73
363	1639.96
364	1644.24
365	1648.57
366	1652.86
367	1657.23
368	1661.6
369	1665.94
370	1670.36
371	1674.78
372	1679.17
373	1683.58
374	1688.02
375	1692.44
376	1696.83
377	1701.24
378	1705.67
379	1710.06
380	1714.47
381	1718.79
382	1723.13
383	1727.51
384	1731.88
385	1736.23
386	1740.64
387	1745.04
388	1749.45
389	1753.77
390	1758
391	1762.37
392	1766.79
393	1771.19
394	1775.56
395	1779.95
396	1784.38
397	1788.76
398	1793.19
399	1797.58
400	1801.96
401	1806.8
402	1811.16
403	1815.54
404	1819.77
405	1823.99
406	1828.22
407	1832.38
408	1836.56
409	1840.8
410	1845.03
411	1849.24
412	1853.48
413	1857.71
414	1862
415	1866.25
416	1870.44
417	1874.63
418	1878.92
419	1883.18
420	1887.43
421	1891.79
422	1896.2
423	1900.59
424	1904.99
425	1909.38
426	1913.76
427	1918.1
428	1922.47
429	1926.77
430	1931
431	1935.35
432	1939.71
433	1944.09
434	1948.45
435	1952.86
436	1957.23
437	1961.53
438	1965.8
439	1970.2
440	1974.49
441	1978.8
442	1983.13
443	1987.49
444	1991.85
445	1996.03
446	2000.2
447	2004.41
448	2008.59
449	2012.96
450	2016.88
451	2020.76
452	2024.9
453	2029.06
454	2033.28
455	2037.5
456	2041.71
457	2045.9
458	2050.14
459	2054.36
460	2058.73
461	2062.96
462	2067.18
463	2071.35
464	2075.7
465	2080.18
466	2084.54
467	2088.93
468	2093.24
469	2097.65
470	2102.02
471	2106.35
472	2110.76
473	2115.18
474	2119.55
475	2123.96
476	2128.34
477	2132.75
478	2137.14
479	2141.51
480	2145.9
481	2150.27
482	2154.63
483	2159
484	2163.37
485	2167.77
486	2172.15
487	2176.52
488	2180.92
489	2185.27
490	2189.67
491	2194
492	2198.32
493	2202.67
494	2207.07
495	2211.48
496	2215.87
497	2220.37
498	2224.75
499	2229.17
500	2233.61
501	2238.33
502	2242.82
503	2247.18
504	2251.55
505	2256.08
506	2260.59
507	2265.08
508	2269.41
509	2273.81
510	2278.16
511	2282.56
512	2286.96
513	2291.23
514	2295.65
515	2300.03
516	2304.41
517	2308.78
518	2313.15
519	2317.53
520	2321.88
521	2326.23
522	2330.6
523	2335
524	2339.29
525	2343.53
526	2347.74
527	2351.95
528	2356.16
529	2360.36
530	2364.62
531	2369
532	2373.44
533	2377.82
534	2382.15
535	2386.55
536	2391.13
537	2395.47
538	2399.97
539	2404.34
540	2408.85
541	2413.25
542	2417.62
543	2422.11
544	2426.51
545	2430.92
546	2435.27
547	2439.68
548	2444.18
549	2448.57
550	2452.96
551	2457.32
552	2461.68
553	2466.16
554	2470.64
555	2475.04
556	2479.51
557	2483.89
558	2488.27
559	2492.78
560	2497.16
561	2501.43
562	2505.71
563	2510.01
564	2514.33
565	2518.65
566	2523.11
567	2527.6
568	2531.98
569	2536.3
570	2540.84
571	2545.32
572	2549.62
573	2553.97
574	2558.45
575	2562.9
576	2567.39
577	2571.78
578	2576.25
579	2580.72
580	2585.17
581	2589.5
582	2593.73
583	2598.08
584	2602.34
585	2606.59
586	2610.79
587	2615.09
588	2619.35
589	2623.76
590	2628.13
591	2632.53
592	2636.96
593	2641.36
594	2645.82
595	2650.2
596	2654.5
597	2658.73
598	2663.02
599	2667.31
600	2671.63
601	2676.34
602	2680.63
603	2684.92
604	2689.23
605	2693.64
606	2698.12
607	2702.61
608	2707.09
609	2711.5
610	2715.98
611	2720.51
612	2725
613	2729.52
614	2733.99
615	2738.45
616	2742.92
617	2747.39
618	2751.86
619	2756.35
620	2760.71
621	2765.05
622	2769.32
623	2773.39
624	2777.72
625	2782.17
626	2786.6
627	2791.06
628	2795.38
629	2799.68
630	2804.08
631	2808.59
632	2813.02
633	2817.4
634	2821.89
635	2826.38
636	2830.82
637	2835.23
638	2839.68
639	2844.08
640	2848.49
641	2852.9
642	2857.31
643	2861.72
644	2866.08
645	2870.43
646	2874.84
647	2879.25
648	2883.72
649	2888.17
650	2892.55
651	2896.88
652	2901.2
653	2905.58
654	2910
655	2914.41
656	2918.93
657	2923.29
658	2927.83
659	2932.31
660	2936.69
661	2941.05
662	2945.29
663	2949.54
664	2953.91
665	2958.37
666	2962.86
667	2967.29
668	2971.73
669	2976.12
670	2980.46
671	2984.97
672	2989.38
673	2993.79
674	2998.23
675	3002.65
676	3007.15
677	3011.64
678	3016.15
679	3020.63
680	3024.97
681	3029.35
682	3033.75
683	3038.12
684	3042.46
685	3046.83
686	3051.16
687	3055.49
688	3059.86
689	3064.21
690	3068.54
691	3072.86
692	3077.25
693	3081.48
694	3085.79
695	3090.06
696	3094.45
697	3098.82
698	3103.22
699	3107.51
700	3111.82
701	3116.77
702	3121.24
703	3125.7
704	3130.11
705	3134.33
706	3138.74
707	3143.2
708	3147.65
709	3152.09
710	3156.56
711	3161.01
712	3165.45
713	3169.93
714	3174.38
715	3178.84
716	3183.31
717	3187.69
718	3191.97
719	3196.45
720	3200.92
721	3205.41
722	3209.85
723	3214.09
724	3218.43
725	3222.74
726	3227.14
727	3231.45
728	3235.88
729	3240.2
730	3244.5
731	3248.91
732	3253.38
733	3257.88
734	3262.36
735	3266.83
736	3271.31
737	3275.79
738	3280.24
739	3284.57
740	3288.86
741	3293.15
742	3297.62
743	3302.13
744	3306.61
745	3311.11
746	3315.57
747	3319.82
748	3324.1
749	3328.38
750	3332.68
751	3337.02
752	3341.5
753	3345.98
754	3350.5
755	3355
756	3359.49
757	3363.99
758	3368.46
759	3372.93
760	3377.4
761	3381.91
762	3386.41
763	3390.89
764	3395.36
765	3399.85
766	3404.34
767	3408.83
768	3413.16
769	3417.68
770	3422.17
771	3426.65
772	3431.14
773	3435.49
774	3439.98
775	3444.48
776	3448.99
777	3453.4
778	3457.88
779	3462.34
780	3466.83
781	3471.26
782	3475.73
783	3480.2
784	3484.65
785	3489.14
786	3493.61
787	3498.08
788	3502.52
789	3506.95
790	3511.42
791	3515.95
792	3520.44
793	3524.96
794	3529.31
795	3533.66
796	3537.99
797	3542.31
798	3546.64
799	3551.01
800	3555.49
801	3560.31
802	3564.72
803	3569.26
804	3573.71
805	3578.1
806	3582.57
807	3586.82
808	3591.23
809	3595.75
810	3600.06
811	3604.57
812	3609.06
813	3613.51
814	3618
815	3622.34
816	3626.83
817	3631.36
818	3635.83
819	3640.2
820	3644.54
821	3649.01
822	3653.49
823	3657.84
824	3662.33
825	3666.66
826	3671.03
827	3675.56
828	3679.79
829	3684.19
830	3688.39
831	3692.5
832	3696.9
833	3701.23
834	3705.67
835	3710.15
836	3714.49
837	3718.91
838	3723.17
839	3727.45
840	3731.67
841	3735.93
842	3740.35
843	3744.77
844	3749.19
845	3753.66
846	3757.88
847	3762.16
848	3766.44
849	3770.7
850	3775.19
851	3779.56
852	3784
853	3788.35
854	3792.78
855	3797.28
856	3801.63
857	3805.93
858	3810.39
859	3814.71
860	3819.05
861	3823.37
862	3827.7
863	3832.21
864	3836.56
865	3841.06
866	3845.49
867	3849.71
868	3854.12
869	3858.34
870	3862.58
871	3866.91
872	3871.25
873	3875.74
874	3880.11
875	3884.42
876	3888.8
877	3893.14
878	3897.62
879	3902.06
880	3906.4
881	3910.8
882	3915.19
883	3919.58
884	3924.01
885	3928.51
886	3932.94
887	3937.3
888	3941.65
889	3946.02
890	3950.36
891	3954.69
892	3959.06
893	3963.27
894	3967.56
895	3971.89
896	3976.13
897	3980.27
898	3984.52
899	3988.91
900	3993.32
901	3998.16
902	4002.52
903	4006.91
904	4011.34
905	4015.78
906	4020.15
907	4024.54
908	4028.94
909	4033.29
910	4037.64
911	4042.06
912	4046.48
913	4050.96
914	4055.24
915	4059.54
916	4063.8
917	4068.14
918	4072.4
919	4076.75
920	4081.22
921	4085.62
922	4090.09
923	4094.56
924	4098.97
925	4103.45
926	4107.89
927	4112.36
928	4116.83
929	4121.31
930	4125.76
931	4130.19
932	4134.65
933	4139.06
934	4143.41
935	4147.73
936	4152.03
937	4156.29
938	4160.59
939	4165.06
940	4169.5
941	4173.96
942	4178.41
943	4182.88
944	4187.33
945	4191.81
946	4196.26
947	4200.71
948	4205.16
949	4209.6
950	4214.07
951	4218.52
952	4222.98
953	4227.44
954	4231.89
955	4236.37
956	4240.84
957	4245.22
958	4249.65
959	4254.12
960	4258.59
961	4263.07
962	4267.5
963	4271.97
964	4276.41
965	4280.81
966	4285.2
967	4289.61
968	4294.1
969	4298.53
970	4303
971	4307.5
972	4312.03
973	4316.51
974	4320.98
975	4325.44
976	4329.92
977	4334.41
978	4338.88
979	4343.34
980	4347.76
981	4352.15
982	4356.58
983	4361.08
984	4365.5
985	4369.97
986	4374.44
987	4378.93
988	4383.37
989	4387.82
990	4392.28
991	4396.73
992	4401.23
993	4405.6
994	4410.02
995	4414.43
996	4418.77
997	4423.08
998	4427.36
999	4431.65
1000	4436
1001	4440.86
1002	4445.24
1003	4449.68
1004	4454.17
1005	4458.61
1006	4463.06
1007	4467.47
1008	4471.63
1009	4475.87
1010	4480.13
1011	4484.36
1012	4488.58
1013	4492.9
1014	4497.29
1015	4501.7
1016	4506.12
1017	4510.57
1018	4514.96
1019	4519.4
1020	4523.74
1021	4528.19
1022	4532.56
1023	4536.84
1024	4541.08
1025	4545.35
1026	4549.61
1027	4553.91
1028	4558.17
1029	4562.56
1030	4566.97
1031	4571.41
1032	4575.81
1033	4580.21
1034	4584.67
1035	4589.13
1036	4593.58
1037	4598.03
1038	4602.46
1039	4606.97
1040	4611.46
1041	4615.85
1042	4620.3
1043	4624.68
1044	4629.01
1045	4633.49
1046	4637.91
1047	4642.37
1048	4646.82
1049	4651.28
1050	4655.73
1051	4660.16
1052	4664.45
1053	4668.7
1054	4673.07
1055	4677.49
1056	4681.76
1057	4686.02
1058	4690.44
1059	4694.8
1060	4699.24
1061	4703.71
1062	4708.16
1063	4712.63
1064	4717.07
1065	4721.5
1066	4725.9
1067	4730.36
1068	4734.85
1069	4739.35
1070	4743.61
1071	4747.95
1072	4752.19
1073	4756.52
1074	4760.66
1075	4764.81
1076	4769.1
1077	4773.59
1078	4778.06
1079	4782.54
1080	4786.97
1081	4791.5
1082	4795.94
1083	4800.39
1084	4804.87
1085	4809.26
1086	4813.5
1087	4817.82
1088	4822.11
1089	4826.32
1090	4830.59
1091	4835.02
1092	4839.29
1093	4843.56
1094	4847.88
1095	4852.37
1096	4856.8
1097	4861.23
1098	4865.64
1099	4870.05
1100	4874.43
1101	4879.08
1102	4883.56
1103	4888.02
1104	4892.25
1105	4896.61
1106	4900.79
1107	4904.99
1108	4909.29
1109	4913.55
1110	4917.8
1111	4922.11
1112	4926.41
1113	4930.77
1114	4935.18
1115	4939.67
1116	4944.11
1117	4948.46
1118	4952.95
1119	4957.38
1120	4961.81
1121	4966.27
1122	4970.57
1123	4975.01
1124	4979.43
1125	4983.76
1126	4988.21
1127	4992.54
1128	4996.96
1129	5001.41
1130	5005.73
1131	5010.17
1132	5014.59
1133	5019.07
1134	5023.5
1135	5027.96
1136	5032.39
1137	5036.74
1138	5041.07
1139	5045.52
1140	5049.94
1141	5054.37
1142	5058.81
1143	5063.15
1144	5067.57
1145	5072
1146	5076.41
1147	5080.85
1148	5085.18
1149	5089.61
1150	5093.93
1151	5098.36
1152	5102.67
1153	5106.99
1154	5111.41
1155	5115.74
1156	5120.06
1157	5124.42
1158	5128.71
1159	5133.06
1160	5137.49
1161	5141.74
1162	5146.08
1163	5150.39
1164	5154.61
1165	5159.05
1166	5163.36
1167	5167.67
1168	5172.1
1169	5176.46
1170	5180.9
1171	5185.21
1172	5189.61
1173	5194.01
1174	5198.24
1175	5202.7
1176	5207.18
1177	5211.65
1178	5216.09
1179	5220.4
1180	5224.87
1181	5229.2
1182	5233.51
1183	5237.84
1184	5241.97
1185	5246.24
1186	5250.52
1187	5254.88
1188	5259.24
1189	5263.6
1190	5267.92
1191	5272.3
1192	5276.75
1193	5281.18
1194	5285.62
1195	5289.85
1196	5294.18
1197	5298.33
1198	5302.68
1199	5307.03
1200	5311.41
1201	5316.2
1202	5320.59
1203	5324.96
1204	5329.36
1205	5333.68
1206	5338.03
1207	5342.46
1208	5346.9
1209	5351.35
1210	5355.77
1211	5360.2
1212	5364.57
1213	5368.97
1214	5373.38
1215	5377.79
1216	5382.25
1217	5386.71
1218	5391.07
1219	5395.45
1220	5399.88
1221	5404.32
1222	5408.76
1223	5413.17
1224	5417.55
1225	5421.96
1226	5426.36
1227	5430.76
1228	5435.2
1229	5439.67
1230	5444.11
1231	5448.51
1232	5452.93
1233	5457.32
1234	5461.7
1235	5466.09
1236	5470.53
1237	5474.98
1238	5479.46
1239	5483.93
1240	5488.38
1241	5492.88
1242	5497.32
1243	5501.8
1244	5506.18
1245	5510.61
1246	5515.03
1247	5519.48
1248	5523.87
1249	5528.32
1250	5532.76
1251	5537.18
1252	5541.62
1253	5546.08
1254	5550.51
1255	5554.88
1256	5559.41
1257	5563.62
1258	5567.97
1259	5572.29
1260	5576.62
1261	5580.93
1262	5585.2
1263	5589.61
1264	5594.03
1265	5598.44
1266	5602.78
1267	5607.07
1268	5611.51
1269	5615.88
1270	5620.34
1271	5624.8
1272	5629.23
1273	5633.69
1274	5638.11
1275	5642.53
1276	5646.95
1277	5651.36
1278	5655.62
1279	5659.87
1280	5664.28
1281	5668.67
1282	5673.08
1283	5677.54
1284	5681.74
1285	5685.89
1286	5690.09
1287	5694.38
1288	5698.78
1289	5703.19
1290	5707.63
1291	5712.05
1292	5716.45
1293	5720.81
1294	5725.24
1295	5729.68
1296	5734.1
1297	5738.52
1298	5742.92
1299	5747.37
1300	5751.82
1301	5756.67
1302	5761.09
1303	5765.56
1304	5769.98
1305	5774.46
1306	5778.89
1307	5783.3
1308	5787.35
1309	5791.81
1310	5796.26
1311	5800.71
1312	5805.15
1313	5809.49
1314	5813.82
1315	5818.3
1316	5822.77
1317	5827.13
1318	5831.55
1319	5836.02
1320	5840.45
1321	5844.9
1322	5849.28
1323	5853.74
1324	5858.19
1325	5862.65
1326	5867.07
1327	5871.52
1328	5875.97
1329	5880.34
1330	5884.8
1331	5889.31
1332	5893.73
1333	5898.05
1334	5902.26
1335	5906.61
1336	5911.05
1337	5915.57
1338	5920.05
1339	5924.55
1340	5928.95
1341	5933.44
1342	5937.87
1343	5942.33
1344	5946.78
1345	5951.26
1346	5955.65
1347	5959.97
1348	5964.42
1349	5968.88
1350	5973.28
1351	5977.69
1352	5982.02
1353	5986.37
1354	5990.54
1355	5994.74
1356	5998.91
1357	6003.16
1358	6007.44
1359	6011.83
1360	6016.17
1361	6020.47
1362	6024.73
1363	6029
1364	6033.22
1365	6037.53
1366	6041.79
1367	6046.11
1368	6050.41
1369	6054.75
1370	6059.04
1371	6063.35
1372	6067.73
1373	6072.2
1374	6076.64
1375	6081.02
1376	6085.35
1377	6089.62
1378	6093.84
1379	6098.07
1380	6102.31
1381	6106.55
1382	6110.78
1383	6115.05
1384	6119.32
1385	6123.61
1386	6127.88
1387	6132.22
1388	6136.53
1389	6140.89
1390	6145.35
1391	6149.87
1392	6154.3
1393	6158.76
1394	6163.2
1395	6167.66
1396	6172.09
1397	6176.56
1398	6180.99
1399	6185.43
1400	6189.92
1401	6194.72
1402	6199.13
1403	6203.55
1404	6207.98
1405	6212.41
1406	6216.84
1407	6221.33
1408	6225.66
1409	6230.08
1410	6234.48
1411	6238.65
1412	6242.96
1413	6247.37
1414	6251.83
1415	6256.28
1416	6260.74
1417	6265.19
1418	6269.66
1419	6274.1
1420	6278.52
1421	6282.98
1422	6287.41
1423	6291.86
1424	6296.32
1425	6300.76
1426	6305.17
1427	6309.6
1428	6314.06
1429	6318.51
1430	6323.01
1431	6327.49
1432	6331.94
1433	6336.34
1434	6340.78
1435	6345.24
1436	6349.5
1437	6353.65
1438	6358.01
1439	6362.43
1440	6366.82
1441	6371.23
1442	6375.55
1443	6379.88
1444	6384.1
1445	6388.47
1446	6392.86
1447	6397.19
1448	6401.57
1449	6405.85
1450	6410.24
1451	6414.67
1452	6419.07
1453	6423.47
1454	6427.9
1455	6432.34
1456	6436.78
1457	6441.04
1458	6445.3
1459	6449.62
1460	6453.93
1461	6458.18
1462	6462.52
1463	6466.93
1464	6471.35
1465	6475.76
1466	6480.23
1467	6484.68
1468	6489.12
1469	6493.58
1470	6498.02
1471	6502.5
1472	6506.97
1473	6511.41
1474	6515.82
1475	6520.35
1476	6524.77
1477	6529.23
1478	6533.61
1479	6537.95
1480	6542.32
1481	6546.57
1482	6550.95
1483	6555.3
1484	6559.64
1485	6564.05
1486	6568.34
1487	6572.72
1488	6577.1
1489	6581.48
1490	6585.81
1491	6590.01
1492	6594.33
1493	6598.69
1494	6602.9
1495	6607.13
1496	6611.31
1497	6615.46
1498	6619.76
1499	6624.02
1500	6628.34
1501	6633.01
1502	6637.29
1503	6641.75
1504	6646.06
1505	6650.48
1506	6654.91
1507	6659.25
1508	6663.77
1509	6668.02
1510	6672.53
1511	6677.01
1512	6681.25
1513	6685.57
1514	6689.78
1515	6694.16
1516	6698.59
1517	6702.91
1518	6707.35
1519	6711.8
1520	6716.23
1521	6720.61
1522	6724.9
1523	6729.21
1524	6733.48
1525	6737.9
1526	6742.07
1527	6746.23
1528	6750.4
1529	6754.54
1530	6758.86
1531	6763.19
1532	6767.4
1533	6771.61
1534	6776.07
1535	6780.51
1536	6784.93
1537	6789.35
1538	6793.68
1539	6798.05
1540	6802.28
1541	6806.45
1542	6810.74
1543	6815.08
1544	6819.47
1545	6823.8
1546	6828.12
1547	6832.56
1548	6836.85
1549	6841.3
1550	6845.68
1551	6850.13
1552	6854.56
1553	6858.74
1554	6863.08
1555	6867.48
1556	6871.85
1557	6876.18
1558	6880.4
1559	6884.74
1560	6889.16
1561	6893.61
1562	6898.05
1563	6902.5
1564	6906.94
1565	6911.38
1566	6915.72
1567	6920.16
1568	6924.43
1569	6928.72
1570	6933.16
1571	6937.59
1572	6942
1573	6946.43
1574	6950.73
1575	6955.14
1576	6959.58
1577	6964.02
1578	6968.32
1579	6972.64
1580	6976.93
1581	6981.15
1582	6985.49
1583	6989.86
1584	6994.19
1585	6998.55
1586	7002.89
1587	7007.2
1588	7011.52
1589	7015.83
1590	7020.13
1591	7024.41
1592	7028.76
1593	7033.08
1594	7037.45
1595	7041.84
1596	7046.09
1597	7050.43
1598	7054.76
1599	7059.13
1600	7063.43
1601	7068.35
1602	7072.74
1603	7077.15
1604	7081.56
1605	7085.97
1606	7090.37
1607	7094.82
1608	7099.24
1609	7103.7
1610	7108.09
1611	7112.54
1612	7116.95
1613	7121.36
1614	7125.75
1615	7130.19
1616	7134.61
1617	7139.02
1618	7143.45
1619	7147.93
1620	7152.35
1621	7156.71
1622	7161.04
1623	7165.45
1624	7169.89
1625	7174.31
1626	7178.73
1627	7183.15
1628	7187.53
1629	7191.91
1630	7196.34
1631	7200.78
1632	7205.18
1633	7209.69
1634	7214.13
1635	7218.54
1636	7222.99
1637	7227.45
1638	7231.89
1639	7236.3
1640	7240.7
1641	7245.02
1642	7249.47
1643	7253.95
1644	7258.39
1645	7262.85
1646	7267.31
1647	7271.73
1648	7276.07
1649	7280.53
1650	7284.91
1651	7289.32
1652	7293.75
1653	7298.13
1654	7302.56
1655	7307
1656	7311.41
1657	7315.88
1658	7320.29
1659	7324.74
1660	7329.14
1661	7333.55
1662	7337.98
1663	7342.45
1664	7346.9
1665	7351.36
1666	7355.76
1667	7360.21
1668	7364.63
1669	7369.07
1670	7373.44
1671	7377.73
1672	7382.01
1673	7386.34
1674	7390.67
1675	7395.03
1676	7399.46
1677	7403.88
1678	7408.26
1679	7412.57
1680	7416.98
1681	7421.42
1682	7425.79
1683	7430.23
1684	7434.58
1685	7439.03
1686	7443.45
1687	7447.92
1688	7452.39
1689	7456.83
1690	7461.29
1691	7465.7
1692	7470.16
1693	7474.62
1694	7479.06
1695	7483.46
1696	7487.85
1697	7492.27
1698	7496.64
1699	7501.02
1700	7505.44
1701	7510.2
1702	7514.6
1703	7519.03
1704	7523.22
1705	7527.49
1706	7531.71
1707	7535.8
1708	7540.14
1709	7544.42
1710	7548.71
1711	7552.99
1712	7557.29
1713	7561.44
1714	7565.62
1715	7569.97
1716	7574.17
1717	7578.4
1718	7582.63
1719	7586.86
1720	7591.1
1721	7595.43
1722	7599.83
1723	7604.29
1724	7608.7
1725	7613.15
1726	7617.54
1727	7621.99
1728	7626.43
1729	7630.83
1730	7635.22
1731	7639.67
1732	7643.88
1733	7648.17
1734	7652.3
1735	7656.39
1736	7660.56
1737	7664.76
1738	7668.96
1739	7673.27
1740	7677.54
1741	7681.7
1742	7686.02
1743	7690.38
1744	7694.68
1745	7698.82
1746	7703.02
1747	7707.29
1748	7711.49
1749	7715.73
1750	7719.92
1751	7724.16
1752	7728.42
1753	7732.75
1754	7737.12
1755	7741.56
1756	7746.01
1757	7750.47
1758	7754.87
1759	7759.24
1760	7763.56
1761	7767.86
1762	7772.29
1763	7776.72
1764	7781.14
1765	7785.61
1766	7790.03
1767	7794.47
1768	7798.86
1769	7803.25
1770	7807.63
1771	7812.03
1772	7816.43
1773	7820.73
1774	7825.14
1775	7829.53
1776	7833.93
1777	7838.34
1778	7842.81
1779	7847.23
1780	7851.69
1781	7856.1
1782	7860.49
1783	7864.92
1784	7869.23
1785	7873.59
1786	7877.97
1787	7882.4
1788	7886.65
1789	7891.07
1790	7895.45
1791	7899.85
1792	7904.23
1793	7908.52
1794	7912.93
1795	7917.28
1796	7921.55
1797	7925.74
1798	7929.85
1799	7934.13
1800	7938.37
1801	7942.89
1802	7947.08
1803	7951.19
1804	7955.38
1805	7959.63
1806	7963.72
1807	7967.91
1808	7972.13
1809	7976.32
1810	7980.55
1811	7984.72
1812	7988.93
1813	7993.21
1814	7997.36
1815	8001.64
1816	8005.97
1817	8010.41
1818	8014.85
1819	8019.18
1820	8023.61
1821	8027.94
1822	8032.39
1823	8036.86
1824	8041.13
1825	8045.52
1826	8049.77
1827	8054.14
1828	8058.55
1829	8062.88
1830	8067.33
1831	8071.69
1832	8076.13
1833	8080.35
1834	8084.67
1835	8089.02
1836	8093.4
1837	8097.56
1838	8101.71
1839	8105.92
1840	8110.03
1841	8114.27
1842	8118.4
1843	8122.55
1844	8126.84
1845	8131.01
1846	8135.26
1847	8139.43
1848	8143.59
1849	8147.87
1850	8152.01
1851	8156.22
1852	8160.34
1853	8164.58
1854	8168.85
1855	8173.02
1856	8177.26
1857	8181.49
1858	8185.91
1859	8190.33
1860	8194.58
1861	8198.83
1862	8203.04
1863	8207.27
1864	8211.64
1865	8215.93
1866	8220.32
1867	8224.73
1868	8229.07
1869	8233.24
1870	8237.47
1871	8241.61
1872	8245.86
1873	8250.1
1874	8254.42
1875	8258.85
1876	8263.16
1877	8267.59
1878	8271.94
1879	8276.24
1880	8280.55
1881	8284.62
1882	8288.78
1883	8292.99
1884	8297.14
1885	8301.46
1886	8305.84
1887	8310.21
1888	8314.65
1889	8319.02
1890	8323.36
1891	8327.8
1892	8332.24
1893	8336.48
1894	8340.87
1895	8345.28
1896	8349.7
1897	8354.14
1898	8358.56
1899	8362.98
1900	8367.44
1901	8372.3
1902	8376.59
1903	8380.78
1904	8384.99
1905	8389.2
1906	8393.48
1907	8397.77
1908	8402.02
1909	8406.29
1910	8410.52
1911	8414.77
1912	8419.19
1913	8423.6
1914	8428.02
1915	8432.46
1916	8436.89
1917	8441.18
1918	8445.51
1919	8449.91
1920	8454.37
1921	8458.82
1922	8463.24
1923	8467.67
1924	8472.12
1925	8476.48
1926	8480.72
1927	8484.98
1928	8489.24
1929	8493.51
1930	8497.93
1931	8502.4
1932	8506.82
1933	8511.26
1934	8515.68
1935	8520.12
1936	8524.55
1937	8528.97
1938	8533.41
1939	8537.89
1940	8542.35
1941	8546.79
1942	8551.21
1943	8555.64
1944	8560.05
1945	8564.37
1946	8568.68
1947	8573.14
1948	8577.55
1949	8581.99
1950	8586.42
1951	8590.83
1952	8595.27
1953	8599.71
1954	8604.17
1955	8608.62
1956	8613.06
1957	8617.52
1958	8621.97
1959	8626.41
1960	8630.84
1961	8635.26
1962	8639.66
1963	8644.15
1964	8648.61
1965	8652.84
1966	8657.22
1967	8661.66
1968	8666.08
1969	8670.42
1970	8674.73
1971	8679.18
1972	8683.64
1973	8688.09
1974	8692.55
1975	8697
1976	8701.44
1977	8705.82
1978	8710.26
1979	8714.69
1980	8719.11
1981	8723.58
1982	8728.02
1983	8732.49
1984	8736.92
1985	8741.36
1986	8745.78
1987	8750.27
1988	8754.72
1989	8759.14
1990	8763.58
1991	8768.02
1992	8772.37
1993	8776.67
1994	8780.92
1995	8785.17
1996	8789.41
1997	8793.7
1998	8798
1999	8802.32
2000	8806.64
2001	8811.33
2002	8815.71
2003	8820.18
2004	8824.61
2005	8829.04
2006	8833.51
2007	8837.94
2008	8842.3
2009	8846.72
2010	8851.12
2011	8855.59
2012	8860.03
2013	8864.49
2014	8868.94
2015	8873.45
2016	8877.87
2017	8882.3
2018	8886.71
2019	8891.15
2020	8895.56
2021	8899.99
2022	8904.45
2023	8908.9
2024	8913.34
2025	8917.85
2026	8922.29
2027	8926.67
2028	8931
2029	8935.34
2030	8939.68
2031	8944.1
2032	8948.57
2033	8952.74
2034	8957.05
2035	8961.46
2036	8965.86
2037	8970.16
2038	8974.57
2039	8979
2040	8983.42
2041	8987.86
2042	8992.17
2043	8996.45
2044	9000.71
2045	9005.06
2046	9009.4
2047	9013.75
2048	9018.11
2049	9022.47
2050	9026.82
2051	9031.01
2052	9035.15
2053	9039.36
2054	9043.56
2055	9047.77
2056	9052.11
2057	9056.53
2058	9060.85
2059	9065.3
2060	9069.74
2061	9074.12
2062	9078.55
2063	9082.98
2064	9087.65
2065	9092.48
2066	9096.91
2067	9101.37
2068	9105.77
2069	9110.23
2070	9114.69
2071	9119.13
2072	9123.59
2073	9128.02
2074	9132.45
2075	9136.93
2076	9141.33
2077	9145.63
2078	9150.06
2079	9154.33
2080	9158.49
2081	9162.68
2082	9166.97
2083	9171.41
2084	9175.77
2085	9180.18
2086	9184.47
2087	9188.56
2088	9192.8
2089	9196.91
2090	9201.03
2091	9205.38
2092	9209.69
2093	9214.04
2094	9218.38
2095	9222.63
2096	9227.03
2097	9231.29
2098	9235.56
2099	9239.84
2100	9244.16
2101	9249.03
2102	9253.45
2103	9257.75
2104	9262.08
2105	9266.39
2106	9270.73
2107	9275.19
2108	9279.62
2109	9283.97
2110	9288.28
2111	9292.71
2112	9297.13
2113	9301.55
2114	9305.97
2115	9310.29
2116	9314.61
2117	9319.05
2118	9323.34
2119	9327.79
2120	9332.23
2121	9336.47
2122	9340.94
2123	9345.27
2124	9349.71
2125	9354.02
2126	9358.28
2127	9362.63
2128	9366.92
2129	9371.21
2130	9375.6
2131	9379.93
2132	9384.31
2133	9388.72
2134	9393.14
2135	9397.59
2136	9401.88
2137	9406.3
2138	9410.63
2139	9415.06
2140	9419.47
2141	9423.77
2142	9428.19
2143	9432.65
2144	9437.04
2145	9441.47
2146	9445.75
2147	9449.99
2148	9454.28
2149	9458.71
2150	9463.16
2151	9467.59
2152	9471.91
2153	9476.33
2154	9480.64
2155	9484.96
2156	9489.4
2157	9493.72
2158	9498.14
2159	9502.38
2160	9506.61
2161	9510.98
2162	9515.32
2163	9519.76
2164	9524.19
2165	9528.66
2166	9533.12
2167	9537.39
2168	9541.82
2169	9546
2170	9550.16
2171	9554.5
2172	9558.78
2173	9563.04
2174	9567.36
2175	9571.67
2176	9575.99
2177	9580.25
2178	9584.41
2179	9588.71
2180	9592.91
2181	9597.11
2182	9601.44
2183	9605.83
2184	9610.12
2185	9614.28
2186	9618.56
2187	9622.86
2188	9627.15
2189	9631.51
2190	9635.85
2191	9640.15
2192	9644.42
2193	9648.66
2194	9652.97
2195	9657.28
2196	9661.6
2197	9665.92
2198	9670.26
2199	9674.59
2200	9678.96
2201	9683.71
2202	9688.05
2203	9692.45
2204	9696.8
2205	9701.17
2206	9705.51
2207	9709.87
2208	9714.19
2209	9718.6
2210	9723
2211	9727.32
2212	9731.68
2213	9736.04
2214	9740.43
2215	9744.81
2216	9749.17
2217	9753.52
2218	9757.88
2219	9762.17
2220	9766.39
2221	9770.63
2222	9774.88
2223	9779.24
2224	9783.68
2225	9788.1
2226	9792.49
2227	9796.92
2228	9801.36
2229	9805.71
2230	9810.17
2231	9814.57
2232	9818.97
2233	9823.35
2234	9827.57
2235	9831.91
2236	9836.14
2237	9840.4
2238	9844.64
2239	9848.91
2240	9853.19
2241	9857.42
2242	9861.64
2243	9865.86
2244	9870.11
2245	9874.54
2246	9878.86
2247	9883.2
2248	9887.6
2249	9892.02
2250	9896.43
2251	9900.86
2252	9905.29
2253	9909.53
2254	9913.77
2255	9918.04
2256	9922.23
2257	9926.47
2258	9930.68
2259	9934.91
2260	9939.05
2261	9943.34
2262	9947.49
2263	9951.74
2264	9956.04
2265	9960.44
2266	9964.8
2267	9969.02
2268	9973.21
2269	9977.52
2270	9981.8
2271	9986.11
2272	9990.54
2273	9994.97
2274	9999.37
2275	10003.9
2276	10008.3
2277	10012.7
2278	10017.1
2279	10021.5
2280	10025.8
2281	10030.2
2282	10034.5
2283	10039
2284	10043.4
2285	10047.7
2286	10051.9
2287	10056.2
2288	10060.5
2289	10064.8
2290	10069.1
2291	10073.6
2292	10077.9
2293	10082
2294	10086.4
2295	10090.8
2296	10095.2
2297	10099.6
2298	10103.9
2299	10108.2
2300	10112.6
2301	10117.2
2302	10121.5
2303	10126
2304	10130.4
2305	10134.8
2306	10139.3
2307	10143.8
2308	10148.2
2309	10152.5
2310	10156.8
2311	10161.1
2312	10165.4
2313	10169.7
2314	10174
2315	10178.3
2316	10182.6
2317	10187
2318	10191.3
2319	10195.6
2320	10199.9
2321	10204.2
2322	10208.5
2323	10212.8
2324	10217
2325	10221.3
2326	10225.7
2327	10229.9
2328	10234.2
2329	10238.5
2330	10242.9
2331	10247.3
2332	10251.7
2333	10256
2334	10260.2
2335	10264.6
2336	10268.8
2337	10273.1
2338	10277.4
2339	10281.8
2340	10286.1
2341	10290.4
2342	10294.7
2343	10299
2344	10303.4
2345	10307.7
2346	10312
2347	10316.4
2348	10320.7
2349	10325
2350	10329.2
2351	10333.5
2352	10337.9
2353	10342.3
2354	10346.6
2355	10350.9
2356	10355.2
2357	10359.6
2358	10364.1
2359	10368.5
2360	10372.9
2361	10377.2
2362	10381.7
2363	10386.2
2364	10390.6
2365	10395
2366	10399.4
2367	10403.9
2368	10408.3
2369	10412.7
2370	10417.1
2371	10421.6
2372	10426
2373	10430.4
2374	10434.8
2375	10439.1
2376	10443.6
2377	10448
2378	10452.3
2379	10456.7
2380	10461.1
2381	10465.6
2382	10470.1
2383	10474.5
2384	10479
2385	10483.4
2386	10487.7
2387	10492.2
2388	10496.5
2389	10500.9
2390	10505.4
2391	10509.6
2392	10514
2393	10518.4
2394	10522.8
2395	10527.3
2396	10531.5
2397	10535.8
2398	10540.2
2399	10544.5
2400	10548.9
2401	10553.8
2402	10558.1
2403	10562.6
2404	10567
2405	10571.3
2406	10575.6
2407	10580
2408	10585.4
2409	10589.8
2410	10594.1
2411	10598.5
2412	10602.9
2413	10607.3
2414	10611.6
2415	10616
2416	10620.4
2417	10624.6
2418	10628.9
2419	10633.1
2420	10637.5
2421	10641.9
2422	10646.3
2423	10650.6
2424	10655
2425	10659.4
2426	10663.8
2427	10668.2
2428	10672.5
2429	10676.9
2430	10681.2
2431	10685.6
2432	10690
2433	10694.3
2434	10698.7
2435	10702.9
2436	10707.1
2437	10711.4
2438	10715.5
2439	10719.8
2440	10724.1
2441	10728.5
2442	10732.6
2443	10736.8
2444	10741
2445	10745.3
2446	10749.5
2447	10753.7
2448	10757.9
2449	10762.1
2450	10766.5
2451	10770.8
2452	10775.1
2453	10779.4
2454	10783.7
2455	10788.2
2456	10792.5
2457	10796.9
2458	10801.4
2459	10805.6
2460	10810
2461	10814.5
2462	10818.9
2463	10823.3
2464	10827.6
2465	10832
2466	10836.5
2467	10840.9
2468	10845.4
2469	10849.6
2470	10854
2471	10858.4
2472	10862.9
2473	10867.3
2474	10871.6
2475	10876
2476	10880.4
2477	10884.7
2478	10889.1
2479	10893.5
2480	10897.9
2481	10902.3
2482	10906.7
2483	10911.1
2484	10915.5
2485	10919.9
2486	10924.3
2487	10928.7
2488	10933.2
2489	10937.6
2490	10942
2491	10946.4
2492	10950.8
2493	10955.2
2494	10959.6
2495	10964.1
2496	10968.5
2497	10972.9
2498	10977.2
2499	10981.6
2500	10986
2501	10990.9
2502	10995.2
2503	10999.3
2504	11003.7
2505	11008.2
2506	11012.6
2507	11017
2508	11021.2
2509	11025.5
2510	11029.7
2511	11034
2512	11038.3
2513	11042.6
2514	11046.8
2515	11051.1
2516	11055.4
2517	11059.8
2518	11064.1
2519	11068.5
2520	11072.9
2521	11077.3
2522	11081.6
2523	11086.1
2524	11090.5
2525	11094.9
2526	11099.3
2527	11103.7
2528	11108
2529	11112.3
2530	11116.7
2531	11121.1
2532	11125.4
2533	11129.7
2534	11134
2535	11138.5
2536	11142.9
2537	11147.4
2538	11151.7
2539	11156.1
2540	11160.5
2541	11165
2542	11169.4
2543	11173.8
2544	11178.2
2545	11182.6
2546	11187
2547	11191.4
2548	11195.8
2549	11200.2
2550	11204.6
2551	11209.1
2552	11213.5
2553	11217.9
2554	11222.4
2555	11226.8
2556	11231.2
2557	11235.6
2558	11240.1
2559	11244.5
2560	11248.9
2561	11253.3
2562	11257.8
2563	11262.2
2564	11266.6
2565	11271.1
2566	11275.5
2567	11279.9
2568	11284.3
2569	11288.7
2570	11293.1
2571	11297.6
2572	11302
2573	11306.4
2574	11310.9
2575	11315.3
2576	11319.8
2577	11324.2
2578	11328.6
2579	11333
2580	11337.4
2581	11341.9
2582	11346.3
2583	11350.8
2584	11355.2
2585	11359.7
2586	11364.1
2587	11368.5
2588	11373
2589	11377.3
2590	11381.8
2591	11386.3
2592	11390.7
2593	11395.1
2594	11399.5
2595	11403.9
2596	11408.2
2597	11412.6
2598	11417
2599	11421.4
2600	11425.8
2601	11430.6
2602	11435
2603	11439.5
2604	11443.9
2605	11448.3
2606	11452.7
2607	11457.1
2608	11461.5
2609	11465.9
2610	11470.3
2611	11474.8
2612	11479.2
2613	11483.6
2614	11488.1
2615	11492.5
2616	11496.9
2617	11501.3
2618	11505.8
2619	11510.2
2620	11514.6
2621	11519.1
2622	11523.5
2623	11527.9
2624	11532.3
2625	11536.7
2626	11541.2
2627	11545.6
2628	11550
2629	11554.5
2630	11558.9
2631	11563.4
2632	11567.8
2633	11572.3
2634	11576.7
2635	11581.1
2636	11585.5
2637	11589.9
2638	11594.3
2639	11598.8
2640	11603.2
2641	11607.6
2642	11612
2643	11616.3
2644	11620.6
2645	11625
2646	11629.2
2647	11633.6
2648	11637.9
2649	11642.2
2650	11646.5
2651	11650.8
2652	11655.1
2653	11659.5
2654	11664
2655	11668.4
2656	11672.7
2657	11677.2
2658	11681.4
2659	11685.7
2660	11690.1
2661	11694.5
2662	11699
2663	11703.4
2664	11707.8
2665	11712.2
2666	11716.6
2667	11721
2668	11725.4
2669	11729.9
2670	11734.3
2671	11738.7
2672	11743.1
2673	11747.6
2674	11752
2675	11756.4
2676	11760.8
2677	11765.2
2678	11769.6
2679	11773.7
2680	11778
2681	11782.3
2682	11786.5
2683	11790.8
2684	11795.2
2685	11799.5
2686	11803.9
2687	11808
2688	11812.3
2689	11816.6
2690	11820.9
2691	11825.3
2692	11829.7
2693	11834.1
2694	11838.4
2695	11842.8
2696	11847
2697	11851.1
2698	11855.5
2699	11859.9
2700	11864.3
2701	11869.2
2702	11873.6
2703	11878.1
2704	11882.5
2705	11886.9
2706	11891.3
2707	11895.7
2708	11900.2
2709	11904.6
2710	11909
2711	11913.4
2712	11917.9
2713	11922.3
2714	11926.8
2715	11931.2
2716	11935.6
2717	11940
2718	11944.5
2719	11948.9
2720	11953.2
2721	11957.4
2722	11961.7
2723	11966
2724	11970.2
2725	11974.5
2726	11979
2727	11983.4
2728	11987.8
2729	11992.2
2730	11996.6
2731	12001.1
2732	12005.5
2733	12009.9
2734	12014.3
2735	12018.7
2736	12023.1
2737	12027.6
2738	12032
2739	12036.4
2740	12040.9
2741	12045.3
2742	12049.7
2743	12054.1
2744	12058.6
2745	12063
2746	12067.5
2747	12071.9
2748	12076.3
2749	12080.8
2750	12085.2
2751	12089.6
2752	12094
2753	12098.5
2754	12102.9
2755	12107.3
2756	12111.7
2757	12116.1
2758	12120.5
2759	12124.9
2760	12129.2
2761	12133.6
2762	12138.1
2763	12142.4
2764	12146.9
2765	12151.3
2766	12155.6
2767	12160.1
2768	12164.5
2769	12168.9
2770	12173.3
2771	12177.6
2772	12182.1
2773	12186.5
2774	12190.9
2775	12195.2
2776	12199.5
2777	12204
2778	12208.4
2779	12212.8
2780	12217.2
2781	12221.4
2782	12225.9
2783	12230.3
2784	12234.6
2785	12239
2786	12243.4
2787	12247.7
2788	12252.1
2789	12256.3
2790	12260.5
2791	12264.8
2792	12268.9
2793	12273.1
2794	12277.2
2795	12281.5
2796	12285.7
2797	12289.8
2798	12294.1
2799	12298.4
2800	12302.6
2801	12307.4
2802	12311.5
2803	12315.8
2804	12320.2
2805	12324.6
2806	12329.1
2807	12333.4
2808	12337.9
2809	12341.9
2810	12345.9
2811	12350
2812	12354
2813	12358.1
2814	12362.2
2815	12366.4
2816	12370.6
2817	12374.9
2818	12379.2
2819	12383.6
2820	12388
2821	12392.3
2822	12396.6
2823	12401
2824	12405.4
2825	12409.7
2826	12414
2827	12418.4
2828	12422.6
2829	12427
2830	12431.2
2831	12435.7
2832	12440.1
2833	12444.4
2834	12448.9
2835	12453.2
2836	12457.6
2837	12462.1
2838	12466.4
2839	12470.8
2840	12475.2
2841	12479.6
2842	12484
2843	12488.4
2844	12492.8
2845	12497.2
2846	12501.5
2847	12505.9
2848	12510.3
2849	12514.5
2850	12518.9
2851	12523.2
2852	12527.8
2853	12532.2
2854	12536.5
2855	12541
2856	12545.4
2857	12549.8
2858	12554.1
2859	12558.4
2860	12562.8
2861	12567.2
2862	12571.5
2863	12575.9
2864	12580.2
2865	12584.5
2866	12588.8
2867	12593
2868	12597.2
2869	12601.5
2870	12605.8
2871	12609.9
2872	12614.2
2873	12618.5
2874	12622.8
2875	12627.3
2876	12631.6
2877	12635.9
2878	12640.2
2879	12644.7
2880	12649
2881	12653.4
2882	12657.8
2883	12662.2
2884	12666.6
2885	12671
2886	12675.3
2887	12679.6
2888	12684
2889	12688.2
2890	12692.4
2891	12696.7
2892	12700.9
2893	12705.1
2894	12709.5
2895	12713.8
2896	12718.2
2897	12722.6
2898	12726.8
2899	12731.1
2900	12735.5
2901	12740.3
2902	12744.8
2903	12749.1
2904	12753.4
2905	12757.7
2906	12762
2907	12766.3
2908	12770.6
2909	12774.9
2910	12779.3
2911	12783.6
2912	12788.1
2913	12792.4
2914	12796.7
2915	12801
2916	12805.4
2917	12809.8
2918	12814.1
2919	12818.5
2920	12822.9
2921	12827.3
2922	12831.6
2923	12836
2924	12840.4
2925	12844.8
2926	12849.3
2927	12853.7
2928	12858.2
2929	12862.5
2930	12867
2931	12871.4
2932	12875.8
2933	12880.2
2934	12884.6
2935	12889
2936	12893.4
2937	12897.8
2938	12902.2
2939	12906.6
2940	12911
2941	12915.5
2942	12919.8
2943	12924.1
2944	12928.3
2945	12932.6
2946	12936.8
2947	12941.3
2948	12945.7
2949	12950
2950	12954.4
2951	12958.8
2952	12963.1
2953	12967.4
2954	12971.6
2955	12975.8
2956	12980
2957	12984.3
2958	12988.6
2959	12992.9
2960	12997.2
2961	13001.5
2962	13005.7
2963	13010
2964	13014.2
2965	13018.6
2966	13022.9
2967	13027.2
2968	13031.5
2969	13035.9
2970	13040.2
2971	13044.5
2972	13048.8
2973	13053.1
2974	13057.4
2975	13061.7
2976	13066.1
2977	13070.5
2978	13074.8
2979	13079.1
2980	13083.5
2981	13087.9
2982	13092.2
2983	13096.6
2984	13101
2985	13105.3
2986	13109.7
2987	13114
2988	13118.3
2989	13122.6
2990	13126.9
2991	13131.2
2992	13135.4
2993	13139.7
2994	13144
2995	13148.4
2996	13152.7
2997	13157.1
2998	13161.5
2999	13165.8
3000	13170
3001	13174.6
3002	13178.9
3003	13183.1
3004	13187.4
3005	13191.8
3006	13196.2
3007	13200.6
3008	13205
3009	13209.4
3010	13213.6
3011	13217.9
3012	13222.1
3013	13226.4
3014	13230.5
3015	13234.6
3016	13238.8
3017	13243
3018	13247.3
3019	13251.7
3020	13256.1
3021	13260.4
3022	13264.6
3023	13268.9
3024	13273.2
3025	13277.5
3026	13281.8
3027	13286
3028	13290.3
3029	13294.5
3030	13298.7
3031	13302.9
3032	13307
3033	13311.2
3034	13315.3
3035	13319.6
3036	13323.8
3037	13328.1
3038	13332.4
3039	13336.8
3040	13341.2
3041	13345.6
3042	13349.9
3043	13354.4
3044	13358.8
3045	13363.2
3046	13367.5
3047	13371.8
3048	13376.1
3049	13380.4
3050	13384.8
3051	13389
3052	13393.3
3053	13397.6
3054	13402.1
3055	13406.4
3056	13410.9
3057	13415.2
3058	13419.7
3059	13424.2
3060	13428.5
3061	13432.9
3062	13437.2
3063	13441.6
3064	13445.9
3065	13450.2
3066	13454.4
3067	13458.7
3068	13462.9
3069	13467.3
3070	13471.7
3071	13475.9
3072	13480.2
3073	13484.5
3074	13489
3075	13493.3
3076	13497.6
3077	13501.9
3078	13506.2
3079	13510.6
3080	13514.9
3081	13519.3
3082	13523.6
3083	13528
3084	13532.3
3085	13536.7
3086	13541
3087	13545.3
3088	13549.6
3089	13553.9
3090	13558.3
3091	13562.6
3092	13566.9
3093	13570.9
3094	13575
3095	13579.3
3096	13583.5
3097	13588
3098	13592.4
3099	13596.7
3100	13600.9
3101	13605.5
3102	13609.7
3103	13614
3104	13618.2
3105	13622.4
3106	13626.8
3107	13631.2
3108	13635.5
3109	13639.9
3110	13644.3
3111	13648.7
3112	13653.1
3113	13657.6
3114	13661.9
3115	13666.4
3116	13670.8
3117	13674.9
3118	13679.3
3119	13683.5
3120	13687.9
3121	13692.3
3122	13696.5
3123	13700.9
3124	13705.4
3125	13709.7
3126	13714.1
3127	13718.4
3128	13722.8
3129	13727.2
3130	13731.5
3131	13735.9
3132	13740.4
3133	13744.8
3134	13749.2
3135	13753.5
3136	13758
3137	13762.4
3138	13766.8
3139	13771.2
3140	13775.7
3141	13780.1
3142	13784.5
3143	13789
3144	13793.4
3145	13797.8
3146	13802.1
3147	13806.5
3148	13810.9
3149	13815.3
3150	13819.7
3151	13824.1
3152	13828.5
3153	13832.9
3154	13837.2
3155	13841.7
3156	13846.1
3157	13850.5
3158	13854.9
3159	13859.4
3160	13863.8
3161	13868.2
3162	13872.6
3163	13877.1
3164	13881.5
3165	13885.9
3166	13890.4
3167	13894.8
3168	13899.2
3169	13903.6
3170	13908
3171	13912.5
3172	13916.9
3173	13921.2
3174	13925.4
3175	13929.7
3176	13934
3177	13938.3
3178	13942.6
3179	13946.9
3180	13951.2
3181	13955.4
3182	13959.7
3183	13964
3184	13968.3
3185	13972.6
3186	13977
3187	13981.3
3188	13985.6
3189	13989.9
3190	13994.3
3191	13998.7
3192	14003.1
3193	14007.5
3194	14011.8
3195	14016.2
3196	14020.6
3197	14025
3198	14029.3
3199	14033.6
3200	14038
3201	14042.6
3202	14046.9
3203	14051.4
3204	14055.7
3205	14060.1
3206	14064.5
3207	14069
3208	14073.4
3209	14077.8
3210	14082.1
3211	14086.3
3212	14090.5
3213	14094.7
3214	14099.1
3215	14103.5
3216	14107.9
3217	14112.2
3218	14116.6
3219	14120.9
3220	14125.2
3221	14129.5
3222	14133.8
3223	14138.1
3224	14142.4
3225	14146.5
3226	14150.7
3227	14155
3228	14159.3
3229	14163.7
3230	14168.1
3231	14172.4
3232	14176.7
3233	14180.9
3234	14185.2
3235	14189.5
3236	14193.7
3237	14197.9
3238	14202.2
3239	14206.5
3240	14210.9
3241	14215.3
3242	14219.6
3243	14224
3244	14228.3
3245	14232.6
3246	14236.9
3247	14241.3
3248	14245.7
3249	14250
3250	14254.3
3251	14258.6
3252	14263
3253	14267.4
3254	14271.8
3255	14276.2
3256	14280.6
3257	14285
3258	14289.5
3259	14293.9
3260	14298.3
3261	14302.5
3262	14306.8
3263	14311.1
3264	14315.4
3265	14319.7
3266	14323.7
3267	14328
3268	14332.4
3269	14336.9
3270	14341.3
3271	14345.7
3272	14350.1
3273	14354.6
3274	14359
3275	14363.5
3276	14367.9
3277	14372.3
3278	14376.8
3279	14381.2
3280	14385.6
3281	14389.9
3282	14394.4
3283	14398.8
3284	14403.3
3285	14407.7
3286	14412.1
3287	14416.5
3288	14420.9
3289	14425.4
3290	14429.7
3291	14434.2
3292	14438.6
3293	14443
3294	14447.4
3295	14451.8
3296	14456.1
3297	14460.5
3298	14464.9
3299	14469.3
3300	14473.7
3301	14478.5
3302	14482.9
3303	14487.3
3304	14491.6
3305	14496
3306	14500.3
3307	14504.6
3308	14509
3309	14513.4
3310	14517.8
3311	14522.3
3312	14526.7
3313	14531.2
3314	14535.6
3315	14540
3316	14544.4
3317	14548.9
3318	14553.2
3319	14557.7
3320	14562.1
3321	14566.4
3322	14570.8
3323	14575.2
3324	14579.6
3325	14584.1
3326	14588.5
3327	14592.9
3328	14597.3
3329	14601.7
3330	14606.1
3331	14610.5
3332	14614.9
3333	14619.2
3334	14623.7
3335	14628.1
3336	14632.5
3337	14637
3338	14641.2
3339	14645.7
3340	14650.1
3341	14654.4
3342	14658.9
3343	14662.8
3344	14666.9
3345	14671.4
3346	14675.8
3347	14680.2
3348	14684.5
3349	14688.9
3350	14693.3
3351	14697.7
3352	14702.1
3353	14706.4
3354	14710.7
3355	14715.1
3356	14719.5
3357	14723.9
3358	14728.3
3359	14732.6
3360	14737
3361	14741.5
3362	14745.9
3363	14750.4
3364	14754.6
3365	14759
3366	14763.5
3367	14767.8
3368	14772.2
3369	14776.5
3370	14780.8
3371	14785.2
3372	14789.5
3373	14793.9
3374	14798.3
3375	14802.6
3376	14807
3377	14811.5
3378	14815.8
3379	14820.2
3380	14824.5
3381	14828.9
3382	14833.3
3383	14837.7
3384	14842.1
3385	14846.4
3386	14850.8
3387	14855.3
3388	14859.7
3389	14864.1
3390	14868.4
3391	14872.8
3392	14877.1
3393	14881.4
3394	14885.5
3395	14889.7
3396	14893.9
3397	14898.3
3398	14902.6
3399	14906.9
3400	14911.4
3401	14916.1
3402	14920.5
3403	14924.9
3404	14929.1
3405	14933.5
3406	14937.9
3407	14942.4
3408	14946.7
3409	14951
3410	14955.5
3411	14959.8
3412	14964.2
3413	14968.6
3414	14973
3415	14977.5
3416	14981.8
3417	14986.2
3418	14990.6
3419	14995
3420	14999.4
3421	15003.7
3422	15008.1
3423	15012.5
3424	15016.8
3425	15021.2
3426	15025.6
3427	15029.9
3428	15034.3
3429	15038.7
3430	15043
3431	15047.4
3432	15051.5
3433	15055.8
3434	15059.9
3435	15064.1
3436	15068.4
3437	15072.5
3438	15076.7
3439	15080.9
3440	15085.2
3441	15089.5
3442	15093.9
3443	15098.3
3444	15102.8
3445	15107.2
3446	15111.6
3447	15115.9
3448	15120.2
3449	15124.6
3450	15129
3451	15133.4
3452	15137.8
3453	15142.1
3454	15146.6
3455	15150.9
3456	15155.1
3457	15159.4
3458	15163.8
3459	15168.2
3460	15172.6
3461	15177
3462	15181.4
3463	15185.8
3464	15190.1
3465	15194.5
3466	15198.9
3467	15203.3
3468	15207.5
3469	15211.9
3470	15216.3
3471	15220.7
3472	15225.2
3473	15229.6
3474	15234
3475	15238.5
3476	15242.9
3477	15247.3
3478	15251.7
3479	15256.2
3480	15260.6
3481	15265
3482	15269.4
3483	15273.9
3484	15278.3
3485	15282.7
3486	15287
3487	15291.5
3488	15295.9
3489	15300
3490	15304.4
3491	15308.7
3492	15313
3493	15317.3
3494	15321.5
3495	15325.7
3496	15330
3497	15334.3
3498	15338.6
3499	15342.7
3500	15346.9
3501	15351.5
3502	15355.8
3503	15360.2
3504	15364.5
3505	15368.8
3506	15373.1
3507	15377.6
3508	15381.7
3509	15386
3510	15390.3
3511	15394.5
3512	15398.8
3513	15403.1
3514	15407.5
3515	15412
3516	15416.4
3517	15420.8
3518	15425.2
3519	15429.7
3520	15434.1
3521	15438.5
3522	15442.9
3523	15447.3
3524	15451.7
3525	15456.1
3526	15460.5
3527	15465
3528	15469.3
3529	15473.8
3530	15478.2
3531	15482.6
3532	15487
3533	15491.5
3534	15495.9
3535	15500.3
3536	15504.8
3537	15509.3
3538	15513.8
3539	15518.2
3540	15522.6
3541	15527.1
3542	15531.5
3543	15535.8
3544	15540.2
3545	15544.5
3546	15548.9
3547	15553.3
3548	15557.7
3549	15562.1
3550	15566.5
3551	15570.9
3552	15575.3
3553	15579.8
3554	15584.2
3555	15588.6
3556	15593.1
3557	15597.5
3558	15601.9
3559	15606.3
3560	15610.7
3561	15615.1
3562	15619.5
3563	15624
3564	15628.3
3565	15632.7
3566	15637
3567	15641.4
3568	15645.9
3569	15650.3
3570	15654.7
3571	15659
3572	15663.5
3573	15667.8
3574	15672.3
3575	15676.7
3576	15681.1
3577	15685.5
3578	15689.9
3579	15694.3
3580	15698.7
3581	15703.1
3582	15707.4
3583	15711.8
3584	15716.2
3585	15720.5
3586	15724.8
3587	15729.1
3588	15733.4
3589	15737.7
3590	15742
3591	15746.5
3592	15750.9
3593	15755.3
3594	15759.6
3595	15764
3596	15768.3
3597	15772.4
3598	15776.7
3599	15781
3600	15785.4
3601	15790.3
3602	15794.7
3603	15799.1
3604	15803.5
3605	15807.9
3606	15812.1
3607	15816.4
3608	15820.8
3609	15825
3610	15829.3
3611	15833.6
3612	15837.9
3613	15842.3
3614	15846.7
3615	15851
3616	15855.5
3617	15859.9
3618	15864.3
3619	15868.6
3620	15872.8
3621	15877
3622	15881.2
3623	15885.5
3624	15889.7
3625	15894
3626	15898.5
3627	15902.9
3628	15907.3
3629	15911.7
3630	15916.1
3631	15920.5
3632	15925
3633	15929.4
3634	15933.8
3635	15938.2
3636	15942.7
3637	15947.1
3638	15951.4
3639	15955.7
3640	15959.9
3641	15964.3
3642	15968.7
3643	15973.1
3644	15977.5
3645	15981.8
3646	15986.1
3647	15990.4
3648	15994.6
3649	15999
3650	16003.3
3651	16007.5
3652	16012
3653	16016.3
3654	16020.6
3655	16024.8
3656	16029.1
3657	16033.4
3658	16037.8
3659	16042.1
3660	16046.5
3661	16050.9
3662	16055.3
3663	16059.8
3664	16064.2
3665	16068.6
3666	16073.1
3667	16077.5
3668	16081.9
3669	16086.3
3670	16090.7
3671	16095.1
3672	16099.5
3673	16103.9
3674	16108.2
3675	16112.5
3676	16116.8
3677	16121
3678	16125.3
3679	16129.6
3680	16134
3681	16138.4
3682	16142.6
3683	16147.1
3684	16151.4
3685	16155.6
3686	16159.9
3687	16163.6
3688	16168
3689	16172.3
3690	16176.5
3691	16180.7
3692	16184.8
3693	16189
3694	16193.2
3695	16197.4
3696	16201.8
3697	16205.9
3698	16210.2
3699	16214.4
3700	16218.6
3701	16223.2
3702	16227.5
3703	16231.8
3704	16236.2
3705	16240.5
3706	16244.9
3707	16249.3
3708	16253.5
3709	16257.8
3710	16262.1
3711	16266.5
3712	16271
3713	16275.2
3714	16279.6
3715	16284.1
3716	16288.5
3717	16292.8
3718	16297.1
3719	16301.5
3720	16305.8
3721	16310.3
3722	16314.6
3723	16319
3724	16323.4
3725	16327.9
3726	16332.3
3727	16336.7
3728	16341.1
3729	16345.4
3730	16349.6
3731	16354
3732	16358.4
3733	16362.8
3734	16367.1
3735	16371.4
3736	16375.6
3737	16380
3738	16384.4
3739	16388.7
3740	16393.1
3741	16397.5
3742	16401.9
3743	16406.4
3744	16410.6
3745	16415
3746	16419.4
3747	16423.9
3748	16428.3
3749	16432.6
3750	16437
3751	16441.4
3752	16445.8
3753	16450.2
3754	16454.6
3755	16459
3756	16463.1
3757	16467.4
3758	16471.7
3759	16476
3760	16480.4
3761	16484.8
3762	16489.1
3763	16493.5
3764	16497.9
3765	16502.2
3766	16506.6
3767	16511
3768	16515.2
3769	16519.6
3770	16524
3771	16528.4
3772	16532.8
3773	16537.2
3774	16541.6
3775	16546
3776	16550.3
3777	16554.7
3778	16559.1
3779	16563.5
3780	16567.9
3781	16572.3
3782	16576.6
3783	16580.8
3784	16585.1
3785	16589.5
3786	16593.9
3787	16598.2
3788	16602.5
3789	16606.7
3790	16611.1
3791	16615.5
3792	16619.8
3793	16624.2
3794	16628.6
3795	16633
3796	16637.3
3797	16641.6
3798	16646
3799	16650.3
3800	16654.7
3801	16659.4
3802	16663.7
3803	16668.1
3804	16672.4
3805	16676.7
3806	16681.1
3807	16685.4
3808	16689.6
3809	16693.9
3810	16698.2
3811	16702.3
3812	16706.6
3813	16711
3814	16715.5
3815	16719.9
3816	16724.2
3817	16728.5
3818	16732.9
3819	16737.2
3820	16741.6
3821	16746
3822	16750.3
3823	16754.7
3824	16759
3825	16763.3
3826	16767.7
3827	16772
3828	16776.4
3829	16780.8
3830	16785.2
3831	16789.7
3832	16794.1
3833	16798.5
3834	16802.9
3835	16807.3
3836	16811.8
3837	16816.1
3838	16820.5
3839	16824.9
3840	16829.4
3841	16833.8
3842	16838.1
3843	16842.6
3844	16846.9
3845	16851.2
3846	16855.6
3847	16859.9
3848	16864.2
3849	16868.4
3850	16872.7
3851	16877.2
3852	16881.6
3853	16886
3854	16890.4
3855	16894.8
3856	16899.3
3857	16903.7
3858	16908.1
3859	16912.6
3860	16917
3861	16921.4
3862	16925.7
3863	16930.1
3864	16934.5
3865	16938.9
3866	16943.3
3867	16947.7
3868	16952.1
3869	16956.4
3870	16960.7
3871	16964.9
3872	16969.1
3873	16973.4
3874	16977.7
3875	16982
3876	16986.3
3877	16990.8
3878	16995.2
3879	16999.7
3880	17004
3881	17008.4
3882	17012.8
3883	17017.2
3884	17021.5
3885	17025.9
3886	17030.2
3887	17034.5
3888	17038.8
3889	17043.2
3890	17047.6
3891	17052
3892	17056.3
3893	17060.8
3894	17065.2
3895	17069.7
3896	17074.1
3897	17078.4
3898	17082.8
3899	17087.2
3900	17091.7
3901	17096.5
3902	17100.9
3903	17105.4
3904	17109.7
3905	17114
3906	17118.4
3907	17122.8
3908	17127.1
3909	17131.5
3910	17135.9
3911	17140.3
3912	17144.7
3913	17149.2
3914	17153.3
3915	17157.5
3916	17161.8
3917	17166.1
3918	17170.3
3919	17174.6
3920	17179
3921	17183.3
3922	17187.5
3923	17191.7
3924	17195.9
3925	17200.1
3926	17204.3
3927	17208.5
3928	17212.7
3929	17217
3930	17221.2
3931	17225.5
3932	17229.8
3933	17234
3934	17238.3
3935	17242.7
3936	17247
3937	17251.3
3938	17255.6
3939	17259.8
3940	17264.2
3941	17268.4
3942	17272.7
3943	17277
3944	17281.3
3945	17285.6
3946	17289.9
3947	17294.2
3948	17298.5
3949	17302.8
3950	17307.1
3951	17311.5
3952	17315.8
3953	17320.1
3954	17324.3
3955	17328.8
3956	17333.2
3957	17337.5
3958	17341.9
3959	17346.1
3960	17350.3
3961	17354.5
3962	17358.9
3963	17363.2
3964	17367.4
3965	17371.6
3966	17375.8
3967	17380.1
3968	17384.3
3969	17388.6
3970	17392.9
3971	17397.4
3972	17401.8
3973	17406.2
3974	17410.6
3975	17415
3976	17419.4
3977	17423.8
3978	17428.2
3979	17432.6
3980	17436.9
3981	17441.2
3982	17445.5
3983	17449.8
3984	17454
3985	17458.3
3986	17462.6
3987	17466.9
3988	17471.2
3989	17475.5
3990	17479.8
3991	17484.3
3992	17488.7
3993	17493.1
3994	17497.5
3995	17501.8
3996	17506
3997	17510.3
3998	17514.7
3999	17518.9
4000	17523.2
4001	17528.1
4002	17532.5
4003	17536.9
4004	17541.3
4005	17545.8
4006	17550.2
4007	17554.6
4008	17559
4009	17563.5
4010	17567.9
4011	17572.3
4012	17576.7
4013	17581
4014	17585.4
4015	17589.8
4016	17594.1
4017	17598.5
4018	17602.9
4019	17607.3
4020	17611.6
4021	17615.8
4022	17620.1
4023	17624.4
4024	17628.6
4025	17632.8
4026	17637.1
4027	17641.4
4028	17645.7
4029	17649.9
4030	17654.2
4031	17658.6
4032	17663
4033	17667.3
4034	17671.5
4035	17675.7
4036	17680
4037	17684.3
4038	17688.5
4039	17692.8
4040	17697.2
4041	17701.5
4042	17705.8
4043	17710
4044	17714.3
4045	17718.5
4046	17722.8
4047	17727.1
4048	17731.5
4049	17735.9
4050	17740.2
4051	17744.5
4052	17748.9
4053	17753.3
4054	17757.6
4055	17762
4056	17766.3
4057	17770.7
4058	17775.1
4059	17779.5
4060	17783.9
4061	17788.2
4062	17792.6
4063	17797
4064	17801.4
4065	17805.8
4066	17810.1
4067	17814.5
4068	17818.9
4069	17823.4
4070	17827.8
4071	17832
4072	17836.3
4073	17840.8
4074	17845
4075	17849.4
4076	17853.8
4077	17858
4078	17862.3
4079	17866.6
4080	17870.8
4081	17875
4082	17879
4083	17883.3
4084	17887.4
4085	17891.6
4086	17895.9
4087	17900.2
4088	17904.5
4089	17908.7
4090	17913
4091	17917.1
4092	17921.2
4093	17925.5
4094	17929.8
4095	17933.8
4096	17938
4097	17942.1
4098	17946.3
4099	17950.4
4100	17954.7
4101	17959.3
4102	17963.6
4103	17967.8
4104	17972.2
4105	17976.5
4106	17980.9
4107	17985.3
4108	17989.5
4109	17993.8
4110	17998
4111	18002.3
4112	18006.6
4113	18010.7
4114	18015
4115	18019.2
4116	18023.4
4117	18027.5
4118	18031.5
4119	18035.8
4120	18040
4121	18044.4
4122	18048.8
4123	18053.1
4124	18057.5
4125	18061.9
4126	18066.3
4127	18070.8
4128	18074.8
4129	18079
4130	18083.5
4131	18087.8
4132	18092.2
4133	18096.5
4134	18100.7
4135	18105.1
4136	18109.4
4137	18113.8
4138	18118.2
4139	18122.5
4140	18126.9
4141	18131.3
4142	18135.5
4143	18139.8
4144	18144
4145	18148.3
4146	18152.5
4147	18156.7
4148	18161.2
4149	18165.5
4150	18169.9
4151	18174.4
4152	18178.8
4153	18183.2
4154	18187.6
4155	18192
4156	18196
4157	18200.2
4158	18204.3
4159	18208.7
4160	18213
4161	18217.3
4162	18221.6
4163	18225.9
4164	18230.2
4165	18234.5
4166	18238.7
4167	18243
4168	18247.3
4169	18251.7
4170	18256
4171	18260.3
4172	18264.7
4173	18269
4174	18273.5
4175	18277.9
4176	18282.2
4177	18286.6
4178	18291
4179	18295.3
4180	18299.8
4181	18304.2
4182	18308.6
4183	18312.9
4184	18317.2
4185	18321.7
4186	18326
4187	18330.3
4188	18334.6
4189	18338.8
4190	18343.1
4191	18347.3
4192	18351.6
4193	18356
4194	18360.3
4195	18364.7
4196	18368.9
4197	18373.2
4198	18377.5
4199	18381.8
4200	18386
4201	18390.6
4202	18394.9
4203	18399.2
4204	18403.4
4205	18407.7
4206	18412
4207	18416.2
4208	18420.5
4209	18424.8
4210	18429
4211	18433.4
4212	18437.7
4213	18442
4214	18446.3
4215	18450.7
4216	18455
4217	18459.2
4218	18463.5
4219	18467.7
4220	18472
4221	18476.2
4222	18480.6
4223	18484.9
4224	18489.2
4225	18493.6
4226	18498
4227	18502.4
4228	18506.7
4229	18511.1
4230	18515.4
4231	18519.7
4232	18524.1
4233	18528.4
4234	18532.9
4235	18537.3
4236	18541.7
4237	18546
4238	18550.4
4239	18554.7
4240	18559
4241	18563.3
4242	18567.6
4243	18571.9
4244	18576.3
4245	18580.6
4246	18585
4247	18589.4
4248	18593.8
4249	18598.2
4250	18602.6
4251	18607
4252	18611.5
4253	18615.9
4254	18620.2
4255	18624.7
4256	18629.1
4257	18633.5
4258	18637.9
4259	18642.3
4260	18646.7
4261	18651.1
4262	18655.5
4263	18659.9
4264	18664.3
4265	18668.7
4266	18673.1
4267	18677.5
4268	18681.8
4269	18686.2
4270	18690.5
4271	18695
4272	18699.4
4273	18703.8
4274	18708.2
4275	18712.6
4276	18717
4277	18721.5
4278	18725.9
4279	18730.4
4280	18734.8
4281	18739.2
4282	18743.7
4283	18748.2
4284	18752.6
4285	18757
4286	18761.5
4287	18765.9
4288	18770.3
4289	18774.8
4290	18779.2
4291	18783.6
4292	18788
4293	18792.4
4294	18796.8
4295	18801
4296	18805.4
4297	18809.8
4298	18814.2
4299	18818.7
4300	18823.1
4301	18828
4302	18832.4
4303	18836.8
4304	18841.2
4305	18845.7
4306	18850.1
4307	18854.5
4308	18858.9
4309	18863.3
4310	18867.7
4311	18872.1
4312	18876.5
4313	18881
4314	18885.4
4315	18889.8
4316	18894.2
4317	18898.5
4318	18902.9
4319	18907.4
4320	18911.8
4321	18916.1
4322	18920.5
4323	18925
4324	18929.3
4325	18933.8
4326	18938.2
4327	18942.6
4328	18947
4329	18951.4
4330	18955.9
4331	18960.3
4332	18964.7
4333	18969.1
4334	18973.5
4335	18978
4336	18982.3
4337	18986.8
4338	18991.2
4339	18995.7
4340	19000.1
4341	19004.5
4342	19008.9
4343	19013.3
4344	19017.6
4345	19022
4346	19026.4
4347	19030.8
4348	19035.2
4349	19039.6
4350	19044.1
4351	19048.5
4352	19052.9
4353	19057.2
4354	19061.6
4355	19066
4356	19070.4
4357	19074.8
4358	19079.1
4359	19083.5
4360	19088
4361	19092.4
4362	19096.8
4363	19101.2
4364	19105.6
4365	19110
4366	19114.3
4367	19118.6
4368	19122.9
4369	19127.4
4370	19131.8
4371	19136.1
4372	19140.5
4373	19144.9
4374	19149.3
4375	19153.7
4376	19158.1
4377	19162.4
4378	19166.7
4379	19171
4380	19175.4
4381	19179.6
4382	19184
4383	19188.5
4384	19192.7
4385	19197
4386	19201.3
4387	19205.8
4388	19210.2
4389	19214.4
4390	19218.8
4391	19223.1
4392	19227.5
4393	19231.9
4394	19236.2
4395	19240.5
4396	19244.7
4397	19248.9
4398	19253.1
4399	19257.2
4400	19261.5
4401	19266
4402	19270.4
4403	19274.7
4404	19278.9
4405	19283.2
4406	19287.6
4407	19292
4408	19296.3
4409	19300.7
4410	19304.9
4411	19309.2
4412	19313.3
4413	19317.5
4414	19321.8
4415	19325.9
4416	19330.2
4417	19334.4
4418	19338.5
4419	19342.7
4420	19346.8
4421	19351.1
4422	19355.3
4423	19359.5
4424	19363.8
4425	19367.9
4426	19372.2
4427	19376.5
4428	19380.8
4429	19385.1
4430	19389.3
4431	19393.5
4432	19397.8
4433	19402
4434	19406.2
4435	19410.4
4436	19414.8
4437	19419.1
4438	19423.5
4439	19427.9
4440	19432.3
4441	19436.6
4442	19441
4443	19445.4
4444	19449.7
4445	19453.9
4446	19458.1
4447	19462.3
4448	19466.5
4449	19470.8
4450	19475
4451	19479.3
4452	19483.7
4453	19488.1
4454	19492.5
4455	19496.9
4456	19501.1
4457	19505.4
4458	19509.7
4459	19513.9
4460	19518.1
4461	19522.3
4462	19526.5
4463	19530.8
4464	19535.2
4465	19539.5
4466	19543.6
4467	19547.8
4468	19551.9
4469	19556.1
4470	19560.4
4471	19564.9
4472	19569.3
4473	19573.6
4474	19578
4475	19582.4
4476	19586.8
4477	19591.3
4478	19595.7
4479	19600.1
4480	19604.6
4481	19609
4482	19613.4
4483	19617.8
4484	19622.2
4485	19626.6
4486	19630.6
4487	19635
4488	19639.4
4489	19643.7
4490	19648
4491	19652.5
4492	19656.9
4493	19661.2
4494	19665.6
4495	19670
4496	19674.4
4497	19678.8
4498	19683.2
4499	19687.5
4500	19692
4501	19696.8
4502	19701
4503	19705.2
4504	19709.4
4505	19713.7
4506	19718
4507	19722.3
4508	19726.6
4509	19730.8
4510	19735
4511	19739.2
4512	19743.5
4513	19747.7
4514	19752.1
4515	19756.5
4516	19760.9
4517	19765.3
4518	19769.7
4519	19774.1
4520	19778.5
4521	19782.8
4522	19787.2
4523	19791.7
4524	19796.1
4525	19800.5
4526	19804.9
4527	19809.1
4528	19813.5
4529	19817.7
4530	19822
4531	19826.3
4532	19830.7
4533	19834.9
4534	19839.2
4535	19843.3
4536	19847.8
4537	19852.2
4538	19856.6
4539	19860.6
4540	19864.5
4541	19869
4542	19873.5
4543	19877.6
4544	19881.7
4545	19886.1
4546	19890.6
4547	19895.5
4548	19899.3
4549	19903.1
4550	19907.5
4551	19911.8
4552	19916.2
4553	19920.5
4554	19924.8
4555	19929.2
4556	19933.7
4557	19938.1
4558	19942.5
4559	19946.8
4560	19951.2
4561	19955.6
4562	19960
4563	19964.5
4564	19968.8
4565	19973.3
4566	19977.7
4567	19982.1
4568	19986.5
4569	19990.9
4570	19995.3
4571	19999.7
4572	20004.1
4573	20008.5
4574	20012.9
4575	20017.3
4576	20021.7
4577	20026.1
4578	20030.5
4579	20034.9
4580	20039.3
4581	20043.7
4582	20048.1
4583	20052.5
4584	20056.7
4585	20060.9
4586	20065.2
4587	20069.6
4588	20073.9
4589	20078.3
4590	20082.7
4591	20087
4592	20091.4
4593	20095.8
4594	20100
4595	20104.4
4596	20108.8
4597	20113.2
4598	20117.6
4599	20121.9
4600	20126.2
4601	20130.9
4602	20135.2
4603	20139.7
4604	20144
4605	20148.5
4606	20152.8
4607	20157.1
4608	20161.4
4609	20165.7
4610	20170.1
4611	20174.5
4612	20178.9
4613	20183.3
4614	20187.7
4615	20192.1
4616	20196.5
4617	20201
4618	20205.4
4619	20209.8
4620	20214.2
4621	20218.7
4622	20223.1
4623	20227.6
4624	20231.8
4625	20236
4626	20240.3
4627	20244.7
4628	20249.1
4629	20253.5
4630	20257.9
4631	20262.3
4632	20266.7
4633	20271
4634	20275.2
4635	20279.5
4636	20283.7
4637	20288
4638	20292.2
4639	20296.5
4640	20300.8
4641	20304.9
4642	20309.2
4643	20313.5
4644	20317.8
4645	20322
4646	20326.3
4647	20330.7
4648	20335.1
4649	20339.3
4650	20343.5
4651	20347.8
4652	20352.1
4653	20356.4
4654	20360.6
4655	20365.1
4656	20369.5
4657	20373.9
4658	20378.3
4659	20382.7
4660	20387
4661	20391.3
4662	20395.7
4663	20399.9
4664	20404.2
4665	20408.5
4666	20412.9
4667	20417.2
4668	20421.5
4669	20425.9
4670	20430.3
4671	20434.8
4672	20439.2
4673	20443.7
4674	20448.1
4675	20452.6
4676	20457
4677	20461.4
4678	20465.9
4679	20470.3
4680	20474.7
4681	20479.1
4682	20483.2
4683	20487.3
4684	20491.6
4685	20495.8
4686	20500.2
4687	20504.7
4688	20509.1
4689	20513.3
4690	20517.6
4691	20521.9
4692	20526.3
4693	20530.7
4694	20535.1
4695	20539.5
4696	20543.8
4697	20548
4698	20552.4
4699	20556.8
4700	20561.1
4701	20565.5
4702	20569.8
4703	20574.1
4704	20578.5
4705	20582.8
4706	20587
4707	20591.2
4708	20596
4709	20600.3
4710	20604.7
4711	20608.8
4712	20613
4713	20617.2
4714	20621.5
4715	20626
4716	20630.2
4717	20634.5
4718	20638.8
4719	20643
4720	20647.4
4721	20651.8
4722	20656.1
4723	20660.5
4724	20664.8
4725	20669.2
4726	20673.5
4727	20677.7
4728	20682.1
4729	20686.4
4730	20690.6
4731	20694.9
4732	20699.2
4733	20703.6
4734	20708
4735	20712.5
4736	20716.1
4737	20720.4
4738	20724.8
4739	20728.7
4740	20732.9
4741	20736.8
4742	20741.2
4743	20745.2
4744	20749.4
4745	20753.9
4746	20758.1
4747	20762.4
4748	20766.6
4749	20770.9
4750	20775.1
4751	20779.4
4752	20783.7
4753	20787.9
4754	20792.2
4755	20796.6
4756	20801
4757	20805.3
4758	20809.5
4759	20813.6
4760	20818
4761	20822.3
4762	20826.9
4763	20831.2
4764	20835.2
4765	20839.5
4766	20844.4
4767	20849
4768	20853.2
4769	20857.5
4770	20861.7
4771	20865.6
4772	20869.6
4773	20874
4774	20878.5
4775	20883
4776	20887.5
4777	20892.1
4778	20896.7
4779	20901.1
4780	20905.6
4781	20909.9
4782	20914.5
4783	20918.5
4784	20922.4
4785	20926.5
4786	20930.9
4787	20935.7
4788	20940.1
4789	20944.6
4790	20949.6
4791	20954.4
4792	20959.3
4793	20963.8
4794	20968.5
4795	20972.7
4796	20976.9
4797	20980.8
4798	20985.7
4799	20990.5
4800	20995
4801	21000.1
4802	21004.2
4803	21008.8
4804	21012.6
4805	21017.1
4806	21021.7
4807	21026.1
4808	21030.6
4809	21035.1
4810	21039.5
4811	21044
4812	21048.4
4813	21052.9
4814	21057.4
4815	21061.9
4816	21066.4
4817	21070.8
4818	21075.2
4819	21079.7
4820	21084.2
4821	21088.6
4822	21092.9
4823	21097.3
4824	21101.6
4825	21106
4826	21110.3
4827	21114.6
4828	21119
4829	21123.3
4830	21127.6
4831	21131.9
4832	21136.3
4833	21140.7
4834	21145.1
4835	21149.5
4836	21153.7
4837	21158
4838	21162.3
4839	21166.6
4840	21171.1
4841	21175.5
4842	21179.8
4843	21184.3
4844	21188.6
4845	21193.1
4846	21197.5
4847	21202
4848	21206.3
4849	21210.8
4850	21215.2
4851	21219.6
4852	21224.1
4853	21228.5
4854	21232.9
4855	21237.3
4856	21241.8
4857	21246.1
4858	21250.6
4859	21255
4860	21259.4
4861	21263.8
4862	21268.2
4863	21272.7
4864	21277.2
4865	21281.6
4866	21286
4867	21290.4
4868	21294.8
4869	21299.2
4870	21303.6
4871	21308
4872	21312.4
4873	21316.8
4874	21321
4875	21325.4
4876	21329.8
4877	21334.1
4878	21338.4
4879	21342.6
4880	21346.7
4881	21350.9
4882	21355.1
4883	21359.3
4884	21363.5
4885	21367.8
4886	21372.1
4887	21376.6
4888	21381
4889	21385.5
4890	21389.9
4891	21394.4
4892	21398.8
4893	21403.1
4894	21407.5
4895	21411.9
4896	21416.3
4897	21420.7
4898	21425.1
4899	21429.5
4900	21433.9
4901	21438.8
4902	21443.2
4903	21447.6
4904	21451.9
4905	21456.2
4906	21460.6
4907	21464.9
4908	21469.2
4909	21473.5
4910	21477.9
4911	21482.2
4912	21486.6
4913	21491
4914	21495.4
4915	21499.8
4916	21504.2
4917	21508.5
4918	21512.9
4919	21517.4
4920	21521.8
4921	21526.2
4922	21530.7
4923	21535.1
4924	21539.5
4925	21543.9
4926	21548.3
4927	21552.7
4928	21557.2
4929	21561.6
4930	21566
4931	21570.4
4932	21574.8
4933	21579.3
4934	21583.7
4935	21588.1
4936	21592.5
4937	21596.7
4938	21601
4939	21605.4
4940	21609.8
4941	21614.2
4942	21618.7
4943	21623
4944	21627.4
4945	21631.8
4946	21636.2
4947	21640.7
4948	21645
4949	21649.5
4950	21653.9
4951	21658.3
4952	21662.6
4953	21667
4954	21671.3
4955	21675.7
4956	21680
4957	21684.3
4958	21688.2
4959	21692.6
4960	21697.2
4961	21701.8
4962	21706
4963	21710.4
4964	21714.5
4965	21718.8
4966	21722.9
4967	21727.3
4968	21731.6
4969	21736.3
4970	21740.3
4971	21744.7
4972	21749.1
4973	21753.5
4974	21757.9
4975	21762.4
4976	21766.8
4977	21771.2
4978	21775.6
4979	21780
4980	21784.4
4981	21788.7
4982	21793.1
4983	21797.5
4984	21802
4985	21806.5
4986	21810.9
4987	21815.3
4988	21819.7
4989	21824.1
4990	21828.5
4991	21832.9
4992	21837.3
4993	21841.8
4994	21846.2
4995	21850.7
4996	21855.1
4997	21859.5
4998	21863.9
4999	21868.3
5000	21872.7
