1	1
2	0.200469
3	0.176613
4	0.110789
5	0.0775768
6	0.0578722
7	0.043719
8	0.0332018
9	0.0258473
10	0.0207215
11	0.0167561
12	0.0136203
13	0.0112081
14	0.0092671
15	0.00769846
16	0.00641886
17	0.00537737
18	0.00453883
19	0.00386369
20	0.00332833
21	0.00290597
22	0.00257027
23	0.00230447
24	0.00209301
25	0.00192529
26	0.00179364
27	0.00169139
28	0.00161119
29	0.00155045
30	0.00150629
31	0.00147788
32	0.0014647
33	0.00146645
34	0.0014837
35	0.00151659
36	0.00156737
37	0.00164699
38	0.00174728
39	0.00186157
40	0.00198715
41	0.00213084
42	0.00228409
43	0.00240815
44	0.00251094
45	0.00259813
46	0.00265988
47	0.00268985
48	0.00268802
49	0.00266993
50	0.00263776
51	0.00259949
52	0.00256072
53	0.00252344
54	0.00248934
55	0.00246056
56	0.00243886
57	0.00242549
58	0.0024218
59	0.00242752
60	0.00244269
61	0.00246736
62	0.00249388
63	0.00249141
64	0.00244508
65	0.00238974
66	0.00233319
67	0.00227688
68	0.00222211
69	0.00216916
70	0.00211803
71	0.00206919
72	0.00202264
73	0.00197881
74	0.00193773
75	0.00189944
76	0.00186399
77	0.00183055
78	0.00179854
79	0.00176496
80	0.00172687
81	0.00168588
82	0.00164389
83	0.00160211
84	0.00156095
85	0.00152018
86	0.00148022
87	0.00144116
88	0.00140306
89	0.00136586
90	0.00132962
91	0.00129403
92	0.00125952
93	0.00122586
94	0.00119318
95	0.00116145
96	0.00113061
97	0.00110064
98	0.00107164
99	0.00104343
100	0.00101609
101	0.000989595
102	0.000963903
103	0.000938892
104	0.000914637
105	0.000891074
106	0.000868153
107	0.000845888
108	0.00082427
109	0.000803244
110	0.000782849
111	0.000763007
112	0.000743777
113	0.000725089
114	0.000706973
115	0.000689366
116	0.00067227
117	0.000655678
118	0.000639566
119	0.00062391
120	0.000608716
121	0.000593971
122	0.000579644
123	0.000565746
124	0.000552275
125	0.000539196
126	0.000526543
127	0.000514281
128	0.000502362
129	0.000490792
130	0.00047955
131	0.000468632
132	0.000458017
133	0.000447701
134	0.000437687
135	0.00042794
136	0.000418478
137	0.000409279
138	0.000400351
139	0.000391673
140	0.000383245
141	0.000375069
142	0.000367125
143	0.000359412
144	0.000351923
145	0.000344651
146	0.000337589
147	0.000330732
148	0.000324069
149	0.000317591
150	0.000311304
151	0.000305191
152	0.000299247
153	0.000293461
154	0.000287834
155	0.000282353
156	0.000277013
157	0.000271818
158	0.00026675
159	0.000261818
160	0.000257008
161	0.000252326
162	0.000247761
163	0.000243304
164	0.000238964
165	0.000234729
166	0.000230603
167	0.000226577
168	0.00022264
169	0.00021881
170	0.000215062
171	0.000211416
172	0.000207846
173	0.000204359
174	0.000200955
175	0.000197631
176	0.000194392
177	0.000191218
178	0.000188116
179	0.000185078
180	0.00018211
181	0.00017922
182	0.000176381
183	0.000173602
184	0.000170872
185	0.000168205
186	0.000165598
187	0.000163035
188	0.000160522
189	0.000158054
190	0.000155643
191	0.000153286
192	0.000150961
193	0.000148687
194	0.000146443
195	0.000144262
196	0.000142134
197	0.000140024
198	0.000137972
199	0.000135933
200	0.000133944
201	0.000132013
202	0.00013009
203	0.000128227
204	0.00012637
205	0.000124564
206	0.000122806
207	0.000121046
208	0.000119345
209	0.000117643
210	0.000115985
211	0.000114376
212	0.000112761
213	0.000111195
214	0.000109631
215	0.000108098
216	0.000106614
217	0.000105122
218	0.000103671
219	0.000102226
220	0.000100804
221	9.94321e-05
222	9.8045e-05
223	9.6698e-05
224	9.53511e-05
225	9.40342e-05
226	9.2756e-05
227	9.14629e-05
228	9.0205e-05
229	8.89503e-05
230	8.77155e-05
231	8.65251e-05
232	8.53116e-05
233	8.41313e-05
234	8.29568e-05
235	8.18094e-05
236	8.06858e-05
237	7.95484e-05
238	7.84298e-05
239	7.7316e-05
240	7.62379e-05
241	7.51726e-05
242	7.41016e-05
243	7.30468e-05
244	7.19879e-05
245	7.09684e-05
246	6.99598e-05
247	6.89564e-05
248	6.79535e-05
249	6.6951e-05
250	6.59794e-05
251	6.50168e-05
252	6.40676e-05
253	6.3113e-05
254	6.21635e-05
255	6.12417e-05
256	6.03326e-05
257	5.94348e-05
258	5.85337e-05
259	5.76364e-05
260	5.67619e-05
261	5.59096e-05
262	5.50571e-05
263	5.42044e-05
264	5.3361e-05
265	5.25286e-05
266	5.1722e-05
267	5.09132e-05
268	5.01074e-05
269	4.93116e-05
270	4.85187e-05
271	4.77453e-05
272	4.698e-05
273	4.62155e-05
274	4.54655e-05
275	4.47082e-05
276	4.39786e-05
277	4.32618e-05
278	4.25313e-05
279	4.18304e-05
280	4.11038e-05
281	4.04208e-05
282	3.97517e-05
283	3.9056e-05
284	3.83988e-05
285	3.7711e-05
286	3.70695e-05
287	3.64401e-05
288	3.57864e-05
289	3.51679e-05
290	3.45107e-05
291	3.39125e-05
292	3.331e-05
293	3.27009e-05
294	3.21132e-05
295	3.14985e-05
296	3.09304e-05
297	3.03635e-05
298	2.97948e-05
299	2.92418e-05
300	2.86715e-05
301	2.81264e-05
302	2.75988e-05
303	2.70689e-05
304	2.65498e-05
305	2.60287e-05
306	2.55145e-05
307	2.50299e-05
308	2.45303e-05
309	2.40467e-05
310	2.3573e-05
311	2.30838e-05
312	2.26333e-05
313	2.21681e-05
314	2.17168e-05
315	2.12813e-05
316	2.08291e-05
317	2.04007e-05
318	1.99758e-05
319	1.95534e-05
320	1.91485e-05
321	1.87338e-05
322	1.83317e-05
323	1.7942e-05
324	1.75458e-05
325	1.71718e-05
326	1.67964e-05
327	1.64234e-05
328	1.60672e-05
329	1.56993e-05
330	1.53589e-05
331	1.50118e-05
332	1.46776e-05
333	1.43449e-05
334	1.40142e-05
335	1.37034e-05
336	1.33749e-05
337	1.30777e-05
338	1.27668e-05
339	1.24667e-05
340	1.21765e-05
341	1.18699e-05
342	1.16072e-05
343	1.13198e-05
344	1.1051e-05
345	1.07801e-05
346	1.04972e-05
347	1.02643e-05
348	1.0005e-05
349	9.75411e-06
350	9.51305e-06
351	9.25601e-06
352	9.03784e-06
353	8.80709e-06
354	8.5704e-06
355	8.35609e-06
356	8.12682e-06
357	7.9263e-06
358	7.73128e-06
359	7.50576e-06
360	7.3091e-06
361	7.10693e-06
362	6.91808e-06
363	6.75547e-06
364	6.54078e-06
365	6.36557e-06
366	6.18993e-06
367	6.01426e-06
368	5.87293e-06
369	5.6849e-06
370	5.52476e-06
371	5.37228e-06
372	5.21331e-06
373	5.08911e-06
374	4.92796e-06
375	4.78018e-06
376	4.64867e-06
377	4.50335e-06
378	4.39286e-06
379	4.26303e-06
380	4.12428e-06
381	4.01895e-06
382	3.87901e-06
383	3.78614e-06
384	3.68369e-06
385	3.54718e-06
386	3.46734e-06
387	3.3285e-06
388	3.25144e-06
389	3.17488e-06
390	3.0428e-06
391	2.97786e-06
392	2.85243e-06
393	2.78531e-06
394	2.73077e-06
395	2.61646e-06
396	2.54865e-06
397	2.44756e-06
398	2.38967e-06
399	2.35123e-06
400	2.25074e-06
401	2.18466e-06
402	2.11826e-06
403	2.05923e-06
404	2.02898e-06
405	1.94732e-06
406	1.885e-06
407	1.85001e-06
408	1.78396e-06
409	1.75583e-06
410	1.69509e-06
411	1.62551e-06
412	1.6076e-06
413	1.52825e-06
414	1.51352e-06
415	1.483e-06
416	1.40562e-06
417	1.39885e-06
418	1.31453e-06
419	1.31171e-06
420	1.29689e-06
421	1.22307e-06
422	1.21199e-06
423	1.14755e-06
424	1.13849e-06
425	1.13596e-06
426	1.07736e-06
427	1.06173e-06
428	1.02615e-06
429	1.00699e-06
430	1.01372e-06
431	9.70588e-07
432	9.52441e-07
433	9.32283e-07
434	9.06991e-07
435	9.27906e-07
436	8.95325e-07
437	8.69716e-07
438	8.64727e-07
439	8.33077e-07
440	8.59734e-07
441	8.26432e-07
442	7.99175e-07
443	8.04564e-07
444	7.68256e-07
445	7.96658e-07
446	7.79409e-07
447	7.45694e-07
448	7.57085e-07
449	7.19687e-07
450	7.37764e-07
451	7.38986e-07
452	6.9448e-07
453	7.10204e-07
454	6.78386e-07
455	6.83668e-07
456	6.97365e-07
457	6.49351e-07
458	6.62633e-07
459	6.3026e-07
460	6.26045e-07
461	6.45221e-07
462	6.03923e-07
463	6.12545e-07
464	5.85484e-07
465	5.75829e-07
466	5.93768e-07
467	5.68917e-07
468	5.68696e-07
469	5.49913e-07
470	5.3774e-07
471	5.59783e-07
472	5.51216e-07
473	5.44644e-07
474	5.36846e-07
475	5.22398e-07
476	5.49534e-07
477	5.55613e-07
478	5.41752e-07
479	5.47722e-07
480	5.30166e-07
481	5.61211e-07
482	5.68862e-07
483	5.43806e-07
484	5.61897e-07
485	5.37641e-07
486	5.62842e-07
487	5.73645e-07
488	5.41553e-07
489	5.64205e-07
490	5.36426e-07
491	5.50901e-07
492	5.64881e-07
493	5.30223e-07
494	5.56885e-07
495	5.25091e-07
496	5.40432e-07
497	5.49469e-07
498	5.15914e-07
499	5.44094e-07
500	5.11107e-07
501	5.23276e-07
502	5.3333e-07
503	5.0132e-07
504	5.2787e-07
505	4.99449e-07
506	5.02555e-07
507	5.10202e-07
508	4.82503e-07
509	4.98451e-07
510	4.81431e-07
511	4.77551e-07
512	4.87244e-07
513	4.69165e-07
514	4.79354e-07
515	4.70189e-07
516	4.57534e-07
517	4.68847e-07
518	4.55393e-07
519	4.62944e-07
520	4.62104e-07
521	4.49171e-07
522	4.6407e-07
523	4.53715e-07
524	4.60824e-07
525	4.66482e-07
526	4.51648e-07
527	4.72606e-07
528	4.62649e-07
529	4.64204e-07
530	4.72086e-07
531	4.53061e-07
532	4.86343e-07
533	4.74674e-07
534	4.71426e-07
535	4.832e-07
536	4.61622e-07
537	4.96753e-07
538	4.8238e-07
539	4.74824e-07
540	4.94432e-07
541	4.76716e-07
542	4.97775e-07
543	4.87949e-07
544	4.74841e-07
545	5.01031e-07
546	4.92e-07
547	4.94812e-07
548	4.96793e-07
549	4.8031e-07
550	5.0045e-07
551	4.9827e-07
552	4.95411e-07
553	5.00817e-07
554	4.82166e-07
555	4.92887e-07
556	4.88008e-07
557	4.92212e-07
558	4.95279e-07
559	4.78466e-07
560	4.91586e-07
561	4.76002e-07
562	4.91593e-07
563	4.8604e-07
564	4.69586e-07
565	4.87308e-07
566	4.62677e-07
567	4.86926e-07
568	4.81724e-07
569	4.68354e-07
570	4.90409e-07
571	4.55667e-07
572	4.9422e-07
573	4.8897e-07
574	4.80208e-07
575	4.99855e-07
576	4.65152e-07
577	5.05579e-07
578	5.13329e-07
579	5.03127e-07
580	5.16368e-07
581	4.91945e-07
582	5.24213e-07
583	5.44377e-07
584	5.20473e-07
585	5.28953e-07
586	5.19625e-07
587	5.39598e-07
588	5.66502e-07
589	5.35123e-07
590	5.45782e-07
591	5.41108e-07
592	5.48488e-07
593	5.83868e-07
594	5.44692e-07
595	5.49573e-07
596	5.47204e-07
597	5.44326e-07
598	5.78855e-07
599	5.43096e-07
600	5.43985e-07
601	5.49597e-07
602	5.30269e-07
603	5.65717e-07
604	5.39837e-07
605	5.29509e-07
606	5.4322e-07
607	5.10462e-07
608	5.4825e-07
609	5.35354e-07
610	5.17819e-07
611	5.34377e-07
612	4.9792e-07
613	5.31638e-07
614	5.30355e-07
615	5.10669e-07
616	5.2611e-07
617	4.92447e-07
618	5.19058e-07
619	5.38782e-07
620	5.15982e-07
621	5.34731e-07
622	5.053e-07
623	5.27258e-07
624	5.65172e-07
625	5.27833e-07
626	5.48086e-07
627	5.29315e-07
628	5.441e-07
629	5.85598e-07
630	5.3927e-07
631	5.59258e-07
632	5.46787e-07
633	5.54227e-07
634	5.90743e-07
635	5.47933e-07
636	5.53972e-07
637	5.55822e-07
638	5.52489e-07
639	5.82074e-07
640	5.59511e-07
641	5.47635e-07
642	5.58922e-07
643	5.34469e-07
644	5.65851e-07
645	5.60462e-07
646	5.35971e-07
647	5.56064e-07
648	5.21915e-07
649	5.53051e-07
650	5.59867e-07
651	5.30877e-07
652	5.52339e-07
653	5.13589e-07
654	5.36902e-07
655	5.52831e-07
656	5.21776e-07
657	5.42552e-07
658	5.02779e-07
659	5.19348e-07
660	5.53508e-07
661	5.18155e-07
662	5.33718e-07
663	5.04488e-07
664	5.22641e-07
665	5.57423e-07
666	5.12811e-07
667	5.22064e-07
668	5.13614e-07
669	5.24135e-07
670	5.60486e-07
671	5.24731e-07
672	5.24676e-07
673	5.32108e-07
674	5.28766e-07
675	5.5868e-07
676	5.42121e-07
677	5.24185e-07
678	5.46917e-07
679	5.16911e-07
680	5.48774e-07
681	5.51154e-07
682	5.16598e-07
683	5.44432e-07
684	5.04542e-07
685	5.31607e-07
686	5.45214e-07
687	5.06469e-07
688	5.33549e-07
689	4.91064e-07
690	5.17392e-07
691	5.37749e-07
692	5.03228e-07
693	5.24403e-07
694	4.89772e-07
695	5.08754e-07
696	5.47584e-07
697	5.18544e-07
698	5.22921e-07
699	5.02123e-07
700	5.1447e-07
701	5.49818e-07
702	5.16474e-07
703	5.11156e-07
704	5.17788e-07
705	5.13237e-07
706	5.49084e-07
707	5.18566e-07
708	5.07508e-07
709	5.32817e-07
710	5.09855e-07
711	5.40444e-07
712	5.30464e-07
713	5.02896e-07
714	5.38124e-07
715	5.00084e-07
716	5.30868e-07
717	5.42938e-07
718	5.03916e-07
719	5.36508e-07
720	4.96499e-07
721	5.26253e-07
722	5.48312e-07
723	5.12227e-07
724	5.34562e-07
725	5.00458e-07
726	5.22216e-07
727	5.50163e-07
728	5.22713e-07
729	5.28987e-07
730	5.13123e-07
731	5.15961e-07
732	5.57389e-07
733	5.40318e-07
734	5.33022e-07
735	5.40055e-07
736	5.30135e-07
737	5.72745e-07
738	5.56288e-07
739	5.38901e-07
740	5.57345e-07
741	5.35926e-07
742	5.72628e-07
743	5.53945e-07
744	5.34648e-07
745	5.59848e-07
746	5.31339e-07
747	5.6187e-07
748	5.52924e-07
749	5.23939e-07
750	5.48994e-07
751	5.135e-07
752	5.39433e-07
753	5.48885e-07
754	5.12604e-07
755	5.29976e-07
756	5.004e-07
757	5.15765e-07
758	5.37032e-07
759	5.01235e-07
760	5.07635e-07
761	4.94257e-07
762	4.9301e-07
763	5.17856e-07
764	4.94351e-07
765	4.90994e-07
766	4.89289e-07
767	4.79337e-07
768	5.10297e-07
769	5.02616e-07
770	4.90858e-07
771	4.96265e-07
772	4.77537e-07
773	5.21575e-07
774	5.16845e-07
775	4.983e-07
776	5.06116e-07
777	4.86049e-07
778	5.22499e-07
779	5.15827e-07
780	5.02744e-07
781	5.07809e-07
782	4.99048e-07
783	5.25169e-07
784	5.18718e-07
785	5.05233e-07
786	5.10552e-07
787	5.06848e-07
788	5.20211e-07
789	5.19591e-07
790	4.99547e-07
791	5.1552e-07
792	5.02083e-07
793	5.14752e-07
794	5.30559e-07
795	5.00651e-07
796	5.178e-07
797	5.01611e-07
798	4.97972e-07
799	5.25226e-07
800	4.95396e-07
801	5.0705e-07
802	4.88412e-07
803	4.81865e-07
804	5.08303e-07
805	4.85704e-07
806	4.90307e-07
807	4.69037e-07
808	4.72244e-07
809	4.8894e-07
810	4.7737e-07
811	4.72351e-07
812	4.57242e-07
813	4.62869e-07
814	4.76121e-07
815	4.79298e-07
816	4.71943e-07
817	4.67786e-07
818	4.70995e-07
819	4.87971e-07
820	4.94959e-07
821	4.8256e-07
822	4.86353e-07
823	4.84978e-07
824	4.92058e-07
825	5.02305e-07
826	4.89978e-07
827	4.96318e-07
828	4.86512e-07
829	4.94982e-07
830	5.06934e-07
831	4.93508e-07
832	5.1087e-07
833	4.86273e-07
834	5.08229e-07
835	5.16382e-07
836	4.97872e-07
837	5.2224e-07
838	4.88393e-07
839	5.15646e-07
840	5.22407e-07
841	4.99776e-07
842	5.2652e-07
843	4.93882e-07
844	5.15358e-07
845	5.1821e-07
846	4.95514e-07
847	5.17547e-07
848	4.89875e-07
849	5.0569e-07
850	5.05836e-07
851	4.88416e-07
852	5.07051e-07
853	4.8842e-07
854	4.82553e-07
855	4.92789e-07
856	4.77417e-07
857	4.90901e-07
858	4.85473e-07
859	4.68008e-07
860	4.95661e-07
861	4.73042e-07
862	4.85758e-07
863	4.93131e-07
864	4.69128e-07
865	5.03416e-07
866	4.8645e-07
867	4.87895e-07
868	5.00863e-07
869	4.75884e-07
870	5.10578e-07
871	5.02244e-07
872	4.93889e-07
873	5.09409e-07
874	4.93395e-07
875	5.17216e-07
876	5.09284e-07
877	5.03775e-07
878	5.17228e-07
879	5.10421e-07
880	5.2448e-07
881	5.1276e-07
882	5.12298e-07
883	5.24564e-07
884	5.2648e-07
885	5.32972e-07
886	5.23918e-07
887	5.16873e-07
888	5.28984e-07
889	5.27989e-07
890	5.33799e-07
891	5.2984e-07
892	5.12023e-07
893	5.32134e-07
894	5.20672e-07
895	5.31392e-07
896	5.26842e-07
897	5.07111e-07
898	5.3422e-07
899	5.07172e-07
900	5.27949e-07
901	5.20595e-07
902	4.98269e-07
903	5.29095e-07
904	4.92629e-07
905	5.25137e-07
906	5.17928e-07
907	4.96392e-07
908	5.25005e-07
909	4.83753e-07
910	5.24302e-07
911	5.15838e-07
912	4.96425e-07
913	5.20854e-07
914	4.80808e-07
915	5.21247e-07
916	5.19048e-07
917	4.98866e-07
918	5.20882e-07
919	4.8703e-07
920	5.18555e-07
921	5.26416e-07
922	5.0483e-07
923	5.2158e-07
924	4.92306e-07
925	5.14227e-07
926	5.39179e-07
927	5.1315e-07
928	5.25592e-07
929	5.06551e-07
930	5.25865e-07
931	5.60027e-07
932	5.16129e-07
933	5.31627e-07
934	5.15415e-07
935	5.20235e-07
936	5.59286e-07
937	5.15809e-07
938	5.29189e-07
939	5.19529e-07
940	5.22452e-07
941	5.53221e-07
942	5.13951e-07
943	5.14133e-07
944	5.16502e-07
945	5.04813e-07
946	5.32083e-07
947	5.10692e-07
948	4.97698e-07
949	5.08534e-07
950	4.84015e-07
951	5.14361e-07
952	5.09552e-07
953	4.87756e-07
954	5.06344e-07
955	4.69556e-07
956	5.03214e-07
957	5.14906e-07
958	4.85177e-07
959	5.10305e-07
960	4.71868e-07
961	4.98042e-07
962	5.28606e-07
963	4.95536e-07
964	5.22163e-07
965	4.88475e-07
966	5.08672e-07
967	5.51091e-07
968	5.10728e-07
969	5.28084e-07
970	5.13442e-07
971	5.27885e-07
972	5.686e-07
973	5.26999e-07
974	5.35703e-07
975	5.33971e-07
976	5.40841e-07
977	5.70286e-07
978	5.43193e-07
979	5.3575e-07
980	5.49013e-07
981	5.35246e-07
982	5.61823e-07
983	5.52897e-07
984	5.29515e-07
985	5.52458e-07
986	5.17943e-07
987	5.48587e-07
988	5.56746e-07
989	5.22777e-07
990	5.49581e-07
991	5.06556e-07
992	5.31624e-07
993	5.481e-07
994	5.10253e-07
995	5.32138e-07
996	4.90745e-07
997	5.09759e-07
998	5.39992e-07
999	5.06626e-07
1000	5.18044e-07
1001	4.88052e-07
1002	5.02307e-07
1003	5.39404e-07
1004	5.01681e-07
1005	5.02259e-07
1006	4.96292e-07
1007	5.02368e-07
1008	5.38334e-07
1009	5.05982e-07
1010	5.00096e-07
1011	5.20289e-07
1012	5.06856e-07
1013	5.40326e-07
1014	5.24485e-07
1015	5.05865e-07
1016	5.36429e-07
1017	5.02031e-07
1018	5.32231e-07
1019	5.36896e-07
1020	4.98744e-07
1021	5.30443e-07
1022	4.89503e-07
1023	5.16334e-07
1024	5.32029e-07
1025	4.93212e-07
1026	5.16536e-07
1027	4.77819e-07
1028	4.99894e-07
1029	5.24177e-07
1030	4.92875e-07
1031	5.02174e-07
1032	4.73778e-07
1033	4.84586e-07
1034	5.24984e-07
1035	5.05672e-07
1036	5.01442e-07
1037	4.98264e-07
1038	4.9677e-07
1039	5.3807e-07
1040	5.1012e-07
1041	4.97147e-07
1042	5.16828e-07
1043	5.0016e-07
1044	5.35379e-07
1045	5.13466e-07
1046	4.9477e-07
1047	5.25953e-07
1048	4.98225e-07
1049	5.28222e-07
1050	5.22978e-07
1051	4.92766e-07
1052	5.22637e-07
1053	4.86547e-07
1054	5.1455e-07
1055	5.27321e-07
1056	4.88827e-07
1057	5.13623e-07
1058	4.78911e-07
1059	5.04162e-07
1060	5.27253e-07
1061	4.96335e-07
1062	5.08284e-07
1063	4.89994e-07
1064	5.00783e-07
1065	5.31643e-07
1066	5.0721e-07
1067	5.03398e-07
1068	5.03661e-07
1069	4.90953e-07
1070	5.35203e-07
1071	5.25743e-07
1072	5.09383e-07
1073	5.23519e-07
1074	5.05427e-07
1075	5.47495e-07
1076	5.35484e-07
1077	5.14933e-07
1078	5.3348e-07
1079	5.10432e-07
1080	5.4549e-07
1081	5.31179e-07
1082	5.11806e-07
1083	5.33822e-07
1084	5.10924e-07
1085	5.40001e-07
1086	5.37779e-07
1087	5.16087e-07
1088	5.35124e-07
1089	5.12001e-07
1090	5.34222e-07
1091	5.46998e-07
1092	5.15585e-07
1093	5.30413e-07
1094	5.14549e-07
1095	5.24149e-07
1096	5.48166e-07
1097	5.17079e-07
1098	5.25934e-07
1099	5.14985e-07
1100	5.13769e-07
1101	5.40344e-07
1102	5.17868e-07
1103	5.16795e-07
1104	5.1215e-07
1105	5.02847e-07
1106	5.34627e-07
1107	5.26936e-07
1108	5.17969e-07
1109	5.16473e-07
1110	5.0083e-07
1111	5.39028e-07
1112	5.413e-07
1113	5.30385e-07
1114	5.29346e-07
1115	5.2001e-07
1116	5.53113e-07
1117	5.5191e-07
1118	5.39804e-07
1119	5.36992e-07
1120	5.36567e-07
1121	5.56535e-07
1122	5.5121e-07
1123	5.40451e-07
1124	5.4146e-07
1125	5.39637e-07
1126	5.52427e-07
1127	5.51909e-07
1128	5.3327e-07
1129	5.43034e-07
1130	5.32459e-07
1131	5.39506e-07
1132	5.54098e-07
1133	5.2998e-07
1134	5.50989e-07
1135	5.30547e-07
1136	5.29276e-07
1137	5.51421e-07
1138	5.22478e-07
1139	5.45571e-07
1140	5.1502e-07
1141	5.20255e-07
1142	5.41698e-07
1143	5.14344e-07
1144	5.31607e-07
1145	5.01394e-07
1146	5.11478e-07
1147	5.25018e-07
1148	5.04362e-07
1149	5.15075e-07
1150	4.92755e-07
1151	5.0039e-07
1152	5.087e-07
1153	4.96568e-07
1154	5.01792e-07
1155	4.891e-07
1156	4.9622e-07
1157	4.99645e-07
1158	4.99988e-07
1159	5.03755e-07
1160	5.00151e-07
1161	4.91809e-07
1162	5.00208e-07
1163	5.09474e-07
1164	5.03095e-07
1165	5.08799e-07
1166	4.8824e-07
1167	5.13677e-07
1168	5.1427e-07
1169	5.03519e-07
1170	5.16707e-07
1171	4.86968e-07
1172	5.2018e-07
1173	5.12067e-07
1174	4.95726e-07
1175	5.15025e-07
1176	4.81311e-07
1177	5.12042e-07
1178	4.98364e-07
1179	4.8068e-07
1180	5.06272e-07
1181	4.71029e-07
1182	4.98364e-07
1183	4.88698e-07
1184	4.68843e-07
1185	4.96341e-07
1186	4.66548e-07
1187	4.74333e-07
1188	4.80415e-07
1189	4.51446e-07
1190	4.80332e-07
1191	4.61432e-07
1192	4.55112e-07
1193	4.76652e-07
1194	4.41478e-07
1195	4.6663e-07
1196	4.60567e-07
1197	4.45182e-07
1198	4.70069e-07
1199	4.39704e-07
1200	4.54855e-07
1201	4.55004e-07
1202	4.4834e-07
1203	4.63837e-07
1204	4.48228e-07
1205	4.61852e-07
1206	4.60027e-07
1207	4.68495e-07
1208	4.70308e-07
1209	4.65403e-07
1210	4.80004e-07
1211	4.68189e-07
1212	4.9005e-07
1213	4.82616e-07
1214	4.84789e-07
1215	4.9427e-07
1216	4.75416e-07
1217	5.05963e-07
1218	4.93525e-07
1219	4.95133e-07
1220	5.00695e-07
1221	4.79233e-07
1222	5.0362e-07
1223	5.07461e-07
1224	5.00492e-07
1225	5.04426e-07
1226	4.89985e-07
1227	5.1368e-07
1228	5.30378e-07
1229	5.02751e-07
1230	5.09621e-07
1231	5.05823e-07
1232	5.16633e-07
1233	5.4144e-07
1234	5.12022e-07
1235	5.13677e-07
1236	5.12815e-07
1237	5.12251e-07
1238	5.44e-07
1239	5.089e-07
1240	5.10992e-07
1241	5.11432e-07
1242	5.04634e-07
1243	5.33369e-07
1244	5.01006e-07
1245	5.01756e-07
1246	5.0332e-07
1247	4.84031e-07
1248	5.16775e-07
1249	4.92471e-07
1250	4.85622e-07
1251	4.98466e-07
1252	4.69472e-07
1253	5.08511e-07
1254	4.98809e-07
1255	4.85311e-07
1256	5.01807e-07
1257	4.69323e-07
1258	5.05262e-07
1259	5.11927e-07
1260	4.92166e-07
1261	5.10016e-07
1262	4.76718e-07
1263	5.00421e-07
1264	5.29319e-07
1265	4.99385e-07
1266	5.15692e-07
1267	4.903e-07
1268	5.08709e-07
1269	5.47439e-07
1270	4.99565e-07
1271	5.17033e-07
1272	5.00838e-07
1273	5.08653e-07
1274	5.47193e-07
1275	4.98927e-07
1276	5.10423e-07
1277	5.04349e-07
1278	5.04787e-07
1279	5.35052e-07
1280	5.03165e-07
1281	4.98991e-07
1282	5.03668e-07
1283	4.88305e-07
1284	5.17664e-07
1285	5.02013e-07
1286	4.85595e-07
1287	4.9862e-07
1288	4.70274e-07
1289	5.01111e-07
1290	4.98903e-07
1291	4.75644e-07
1292	4.92369e-07
1293	4.59112e-07
1294	4.83612e-07
1295	4.95543e-07
1296	4.71978e-07
1297	4.88529e-07
1298	4.55151e-07
1299	4.73781e-07
1300	5.0697e-07
1301	4.81523e-07
1302	4.99315e-07
1303	4.761e-07
1304	4.99384e-07
1305	5.39346e-07
1306	4.95326e-07
1307	5.13471e-07
1308	5.05855e-07
1309	5.16844e-07
1310	5.54672e-07
1311	5.17658e-07
1312	5.19674e-07
1313	5.23831e-07
1314	5.21278e-07
1315	5.50752e-07
1316	5.32614e-07
1317	5.1761e-07
1318	5.32586e-07
1319	5.0839e-07
1320	5.40695e-07
1321	5.36909e-07
1322	5.08073e-07
1323	5.26971e-07
1324	4.90405e-07
1325	5.1851e-07
1326	5.31242e-07
1327	4.99278e-07
1328	5.21585e-07
1329	4.84723e-07
1330	5.05807e-07
1331	5.29582e-07
1332	5.01287e-07
1333	5.1665e-07
1334	4.84462e-07
1335	5.00179e-07
1336	5.37722e-07
1337	5.02438e-07
1338	5.12421e-07
1339	4.97867e-07
1340	5.10293e-07
1341	5.47283e-07
1342	5.08483e-07
1343	5.10116e-07
1344	5.14849e-07
1345	5.14686e-07
1346	5.50686e-07
1347	5.26805e-07
1348	5.16669e-07
1349	5.37678e-07
1350	5.18554e-07
1351	5.56291e-07
1352	5.52865e-07
1353	5.28006e-07
1354	5.57718e-07
1355	5.24265e-07
1356	5.56071e-07
1357	5.65295e-07
1358	5.29933e-07
1359	5.59643e-07
1360	5.23661e-07
1361	5.48746e-07
1362	5.68104e-07
1363	5.34974e-07
1364	5.56202e-07
1365	5.21295e-07
1366	5.40129e-07
1367	5.74039e-07
1368	5.46647e-07
1369	5.55069e-07
1370	5.34307e-07
1371	5.47007e-07
1372	5.83705e-07
1373	5.52053e-07
1374	5.50042e-07
1375	5.48246e-07
1376	5.51506e-07
1377	5.85922e-07
1378	5.56198e-07
1379	5.47194e-07
1380	5.68859e-07
1381	5.50303e-07
1382	5.83939e-07
1383	5.66358e-07
1384	5.43163e-07
1385	5.7233e-07
1386	5.4027e-07
1387	5.66954e-07
1388	5.70755e-07
1389	5.3305e-07
1390	5.63344e-07
1391	5.24496e-07
1392	5.48452e-07
1393	5.62117e-07
1394	5.23649e-07
1395	5.45732e-07
1396	5.08887e-07
1397	5.32652e-07
1398	5.55794e-07
1399	5.27682e-07
1400	5.39215e-07
1401	5.13813e-07
1402	5.28908e-07
1403	5.66e-07
1404	5.48678e-07
1405	5.47724e-07
1406	5.41898e-07
1407	5.41823e-07
1408	5.85011e-07
1409	5.65176e-07
1410	5.53765e-07
1411	5.67841e-07
1412	5.5313e-07
1413	5.9085e-07
1414	5.67533e-07
1415	5.49448e-07
1416	5.77396e-07
1417	5.52604e-07
1418	5.82377e-07
1419	5.69116e-07
1420	5.41949e-07
1421	5.70049e-07
1422	5.33969e-07
1423	5.64114e-07
1424	5.69706e-07
1425	5.32799e-07
1426	5.56536e-07
1427	5.17448e-07
1428	5.39085e-07
1429	5.58646e-07
1430	5.19268e-07
1431	5.34376e-07
1432	5.06603e-07
1433	5.15823e-07
1434	5.40425e-07
1435	5.08464e-07
1436	5.06995e-07
1437	4.99715e-07
1438	4.9336e-07
1439	5.18429e-07
1440	4.98612e-07
1441	4.89144e-07
1442	4.89067e-07
1443	4.73091e-07
1444	5.12171e-07
1445	5.05231e-07
1446	4.91027e-07
1447	4.99026e-07
1448	4.8083e-07
1449	5.25988e-07
1450	5.18421e-07
1451	5.03568e-07
1452	5.13651e-07
1453	4.96297e-07
1454	5.33624e-07
1455	5.24965e-07
1456	5.11718e-07
1457	5.19398e-07
1458	5.10373e-07
1459	5.33939e-07
1460	5.31843e-07
1461	5.13566e-07
1462	5.25563e-07
1463	5.12231e-07
1464	5.29614e-07
1465	5.39181e-07
1466	5.10936e-07
1467	5.28939e-07
1468	5.07995e-07
1469	5.15245e-07
1470	5.36121e-07
1471	5.02144e-07
1472	5.17078e-07
1473	4.98682e-07
1474	4.95269e-07
1475	5.25378e-07
1476	4.98333e-07
1477	5.07071e-07
1478	4.85654e-07
1479	4.80561e-07
1480	5.04552e-07
1481	4.88958e-07
1482	4.8771e-07
1483	4.73352e-07
1484	4.72506e-07
1485	4.91264e-07
1486	4.85622e-07
1487	4.77615e-07
1488	4.67142e-07
1489	4.6498e-07
1490	4.8284e-07
1491	4.86757e-07
1492	4.72859e-07
1493	4.75719e-07
1494	4.71928e-07
1495	4.90292e-07
1496	4.96549e-07
1497	4.83322e-07
1498	4.90649e-07
1499	4.86907e-07
1500	4.9448e-07
1501	5.06937e-07
1502	4.9244e-07
1503	5.04058e-07
1504	4.88006e-07
1505	4.97168e-07
1506	5.10687e-07
1507	4.90332e-07
1508	5.09321e-07
1509	4.81071e-07
1510	4.99431e-07
1511	5.08669e-07
1512	4.82173e-07
1513	5.07083e-07
1514	4.72663e-07
1515	4.92909e-07
1516	4.9954e-07
1517	4.71505e-07
1518	4.91484e-07
1519	4.57744e-07
1520	4.74656e-07
1521	4.77714e-07
1522	4.56455e-07
1523	4.73393e-07
1524	4.49284e-07
1525	4.56876e-07
1526	4.56869e-07
1527	4.43221e-07
1528	4.56454e-07
1529	4.42497e-07
1530	4.33387e-07
1531	4.46753e-07
1532	4.31622e-07
1533	4.41938e-07
1534	4.39077e-07
1535	4.19266e-07
1536	4.47332e-07
1537	4.24921e-07
1538	4.30599e-07
1539	4.38032e-07
1540	4.10052e-07
1541	4.47223e-07
1542	4.33053e-07
1543	4.27801e-07
1544	4.43711e-07
1545	4.19011e-07
1546	4.55783e-07
1547	4.48749e-07
1548	4.38547e-07
1549	4.6133e-07
1550	4.48176e-07
1551	4.70239e-07
1552	4.60077e-07
1553	4.55727e-07
1554	4.72672e-07
1555	4.68065e-07
1556	4.81036e-07
1557	4.73656e-07
1558	4.6972e-07
1559	4.8428e-07
1560	4.83483e-07
1561	4.89046e-07
1562	4.8738e-07
1563	4.7345e-07
1564	4.88758e-07
1565	4.82673e-07
1566	4.87276e-07
1567	4.88388e-07
1568	4.64957e-07
1569	4.92648e-07
1570	4.6964e-07
1571	4.86675e-07
1572	4.89349e-07
1573	4.63902e-07
1574	4.94231e-07
1575	4.60269e-07
1576	4.8394e-07
1577	4.81972e-07
1578	4.55235e-07
1579	4.83681e-07
1580	4.48796e-07
1581	4.81155e-07
1582	4.76613e-07
1583	4.58071e-07
1584	4.78232e-07
1585	4.44262e-07
1586	4.77936e-07
1587	4.7497e-07
1588	4.62707e-07
1589	4.74243e-07
1590	4.4781e-07
1591	4.74038e-07
1592	4.85581e-07
1593	4.7337e-07
1594	4.82008e-07
1595	4.70862e-07
1596	4.93669e-07
1597	5.15121e-07
1598	4.91722e-07
1599	5.01466e-07
1600	4.9843e-07
1601	5.12696e-07
1602	5.4337e-07
1603	5.06601e-07
1604	5.19114e-07
1605	5.23967e-07
1606	5.25346e-07
1607	5.6356e-07
1608	5.23505e-07
1609	5.30146e-07
1610	5.37288e-07
1611	5.26798e-07
1612	5.65185e-07
1613	5.32639e-07
1614	5.32294e-07
1615	5.44174e-07
1616	5.16624e-07
1617	5.57759e-07
1618	5.38553e-07
1619	5.25485e-07
1620	5.45111e-07
1621	5.1194e-07
1622	5.50931e-07
1623	5.42022e-07
1624	5.21262e-07
1625	5.39626e-07
1626	5.03943e-07
1627	5.37589e-07
1628	5.43111e-07
1629	5.1974e-07
1630	5.39145e-07
1631	5.04304e-07
1632	5.29745e-07
1633	5.53234e-07
1634	5.24925e-07
1635	5.44997e-07
1636	5.12181e-07
1637	5.30991e-07
1638	5.68035e-07
1639	5.27936e-07
1640	5.46628e-07
1641	5.26636e-07
1642	5.40312e-07
1643	5.83622e-07
1644	5.3785e-07
1645	5.56144e-07
1646	5.46534e-07
1647	5.55392e-07
1648	5.90876e-07
1649	5.54557e-07
1650	5.58545e-07
1651	5.62439e-07
1652	5.59114e-07
1653	5.85165e-07
1654	5.66156e-07
1655	5.54128e-07
1656	5.68292e-07
1657	5.46252e-07
1658	5.75469e-07
1659	5.73644e-07
1660	5.48839e-07
1661	5.67805e-07
1662	5.2992e-07
1663	5.5937e-07
1664	5.66546e-07
1665	5.32705e-07
1666	5.55456e-07
1667	5.14539e-07
1668	5.38098e-07
1669	5.57878e-07
1670	5.26327e-07
1671	5.47347e-07
1672	5.07274e-07
1673	5.2239e-07
1674	5.56856e-07
1675	5.21411e-07
1676	5.33699e-07
1677	5.092e-07
1678	5.26196e-07
1679	5.60655e-07
1680	5.17912e-07
1681	5.20247e-07
1682	5.13868e-07
1683	5.19239e-07
1684	5.5107e-07
1685	5.18079e-07
1686	5.12618e-07
1687	5.26406e-07
1688	5.12614e-07
1689	5.41578e-07
1690	5.30129e-07
1691	5.08105e-07
1692	5.3625e-07
1693	5.02186e-07
1694	5.32435e-07
1695	5.40479e-07
1696	5.04027e-07
1697	5.38304e-07
1698	4.96036e-07
1699	5.25696e-07
1700	5.44265e-07
1701	5.04867e-07
1702	5.31486e-07
1703	4.90894e-07
1704	5.16228e-07
1705	5.41609e-07
1706	5.09826e-07
1707	5.22737e-07
1708	4.90659e-07
1709	5.05475e-07
1710	5.42185e-07
1711	5.18803e-07
1712	5.17077e-07
1713	5.06075e-07
1714	5.0947e-07
1715	5.47867e-07
1716	5.20156e-07
1717	5.09741e-07
1718	5.26084e-07
1719	5.13602e-07
1720	5.4828e-07
1721	5.23832e-07
1722	5.08845e-07
1723	5.38892e-07
1724	5.1076e-07
1725	5.43119e-07
1726	5.35389e-07
1727	5.04635e-07
1728	5.36864e-07
1729	4.97993e-07
1730	5.27182e-07
1731	5.39269e-07
1732	4.98354e-07
1733	5.23227e-07
1734	4.82272e-07
1735	5.08552e-07
1736	5.31529e-07
1737	4.9685e-07
1738	5.12059e-07
1739	4.87919e-07
1740	5.00474e-07
1741	5.30434e-07
1742	5.05058e-07
1743	5.0477e-07
1744	5.02966e-07
1745	4.98309e-07
1746	5.38718e-07
1747	5.26669e-07
1748	5.16967e-07
1749	5.26277e-07
1750	5.11571e-07
1751	5.51981e-07
1752	5.40643e-07
1753	5.21815e-07
1754	5.35239e-07
1755	5.11864e-07
1756	5.51227e-07
1757	5.36591e-07
1758	5.16727e-07
1759	5.32862e-07
1760	5.09472e-07
1761	5.39527e-07
1762	5.29272e-07
1763	5.10093e-07
1764	5.24829e-07
1765	5.05378e-07
1766	5.27504e-07
1767	5.32666e-07
1768	5.02767e-07
1769	5.17225e-07
1770	4.97202e-07
1771	5.08034e-07
1772	5.2707e-07
1773	4.91863e-07
1774	5.02177e-07
1775	4.86679e-07
1776	4.86402e-07
1777	5.07401e-07
1778	4.78677e-07
1779	4.79597e-07
1780	4.68396e-07
1781	4.57365e-07
1782	4.87101e-07
1783	4.71984e-07
1784	4.65179e-07
1785	4.56507e-07
1786	4.42883e-07
1787	4.73412e-07
1788	4.72214e-07
1789	4.64514e-07
1790	4.60962e-07
1791	4.56556e-07
1792	4.87687e-07
1793	4.87642e-07
1794	4.77842e-07
1795	4.77207e-07
1796	4.79359e-07
1797	5.00166e-07
1798	4.97213e-07
1799	4.87268e-07
1800	4.8867e-07
1801	4.91272e-07
1802	5.02741e-07
1803	5.03643e-07
1804	4.87629e-07
1805	4.98623e-07
1806	4.94395e-07
1807	4.97764e-07
1808	5.10386e-07
1809	4.90163e-07
1810	5.07811e-07
1811	4.88241e-07
1812	4.90988e-07
1813	5.13068e-07
1814	4.86261e-07
1815	5.10346e-07
1816	4.80246e-07
1817	4.91018e-07
1818	5.10008e-07
1819	4.82356e-07
1820	4.99109e-07
1821	4.68346e-07
1822	4.82067e-07
1823	4.93805e-07
1824	4.70811e-07
1825	4.80188e-07
1826	4.56242e-07
1827	4.66554e-07
1828	4.70598e-07
1829	4.56623e-07
1830	4.59125e-07
1831	4.44534e-07
1832	4.49502e-07
1833	4.48946e-07
1834	4.4959e-07
1835	4.52132e-07
1836	4.47724e-07
1837	4.37275e-07
1838	4.52787e-07
1839	4.64713e-07
1840	4.61797e-07
1841	4.69031e-07
1842	4.49658e-07
1843	4.86396e-07
1844	4.83369e-07
1845	4.7693e-07
1846	4.91698e-07
1847	4.62619e-07
1848	5.04954e-07
1849	4.92362e-07
1850	4.80881e-07
1851	5.07291e-07
1852	4.70309e-07
1853	5.05747e-07
1854	4.9764e-07
1855	4.80154e-07
1856	5.10985e-07
1857	4.77111e-07
1858	5.00512e-07
1859	4.98078e-07
1860	4.73488e-07
1861	5.05614e-07
1862	4.82574e-07
1863	4.90471e-07
1864	5.01943e-07
1865	4.74243e-07
1866	5.05111e-07
1867	4.88774e-07
1868	4.85422e-07
1869	5.06333e-07
1870	4.734e-07
1871	4.98965e-07
1872	4.89636e-07
1873	4.78653e-07
1874	4.99397e-07
1875	4.6795e-07
1876	4.87145e-07
1877	4.79332e-07
1878	4.72855e-07
1879	4.86521e-07
1880	4.66049e-07
1881	4.86219e-07
1882	4.76237e-07
1883	4.83415e-07
1884	4.86075e-07
1885	4.74197e-07
1886	4.97516e-07
1887	4.82984e-07
1888	5.0342e-07
1889	5.02565e-07
1890	4.97728e-07
1891	5.14075e-07
1892	4.96528e-07
1893	5.2456e-07
1894	5.21156e-07
1895	5.17463e-07
1896	5.26397e-07
1897	5.02551e-07
1898	5.28439e-07
1899	5.37222e-07
1900	5.28656e-07
1901	5.33785e-07
1902	5.20806e-07
1903	5.43666e-07
1904	5.58931e-07
1905	5.3305e-07
1906	5.3996e-07
1907	5.3426e-07
1908	5.44371e-07
1909	5.65677e-07
1910	5.37281e-07
1911	5.40386e-07
1912	5.40666e-07
1913	5.40791e-07
1914	5.69449e-07
1915	5.37013e-07
1916	5.34911e-07
1917	5.35177e-07
1918	5.25036e-07
1919	5.54009e-07
1920	5.24191e-07
1921	5.23792e-07
1922	5.24012e-07
1923	5.095e-07
1924	5.38566e-07
1925	5.15454e-07
1926	5.08014e-07
1927	5.15774e-07
1928	4.92569e-07
1929	5.21957e-07
1930	5.11629e-07
1931	4.9626e-07
1932	5.1208e-07
1933	4.84107e-07
1934	5.14888e-07
1935	5.23839e-07
1936	4.96772e-07
1937	5.20155e-07
1938	4.87282e-07
1939	5.14137e-07
1940	5.38351e-07
1941	5.05077e-07
1942	5.28647e-07
1943	4.93731e-07
1944	5.0897e-07
1945	5.49554e-07
1946	5.10355e-07
1947	5.27223e-07
1948	5.03744e-07
1949	5.19621e-07
1950	5.58706e-07
1951	5.15994e-07
1952	5.27724e-07
1953	5.18488e-07
1954	5.2911e-07
1955	5.6238e-07
1956	5.25645e-07
1957	5.25715e-07
1958	5.27203e-07
1959	5.2979e-07
1960	5.52314e-07
1961	5.32291e-07
1962	5.20363e-07
1963	5.33961e-07
1964	5.11025e-07
1965	5.36339e-07
1966	5.34108e-07
1967	5.06185e-07
1968	5.29533e-07
1969	4.87525e-07
1970	5.14513e-07
1971	5.24805e-07
1972	4.86826e-07
1973	5.14476e-07
1974	4.6888e-07
1975	4.9505e-07
1976	5.18081e-07
1977	4.8034e-07
1978	5.02614e-07
1979	4.67017e-07
1980	4.85801e-07
1981	5.25848e-07
1982	4.96744e-07
1983	5.06154e-07
1984	4.87408e-07
1985	5.05759e-07
1986	5.46012e-07
1987	5.14194e-07
1988	5.15963e-07
1989	5.24179e-07
1990	5.25289e-07
1991	5.6189e-07
1992	5.35207e-07
1993	5.29246e-07
1994	5.52082e-07
1995	5.32677e-07
1996	5.62087e-07
1997	5.54497e-07
1998	5.30115e-07
1999	5.63945e-07
2000	5.26924e-07
2001	5.59143e-07
2002	5.69222e-07
2003	5.3015e-07
2004	5.58441e-07
2005	5.12261e-07
2006	5.39419e-07
2007	5.56851e-07
2008	5.17525e-07
2009	5.34273e-07
2010	4.96241e-07
2011	5.16924e-07
2012	5.40373e-07
2013	5.10053e-07
2014	5.12826e-07
2015	4.92004e-07
2016	4.92105e-07
2017	5.31451e-07
2018	5.10548e-07
2019	4.98135e-07
2020	5.02207e-07
2021	4.89164e-07
2022	5.28774e-07
2023	5.05396e-07
2024	4.8808e-07
2025	5.08222e-07
2026	4.86516e-07
2027	5.21348e-07
2028	5.04419e-07
2029	4.85046e-07
2030	5.13429e-07
2031	4.84256e-07
2032	5.17303e-07
2033	5.14183e-07
2034	4.86155e-07
2035	5.15901e-07
2036	4.81139e-07
2037	5.12704e-07
2038	5.26994e-07
2039	4.94114e-07
2040	5.13736e-07
2041	4.84074e-07
2042	5.04073e-07
2043	5.28339e-07
2044	4.96053e-07
2045	5.04212e-07
2046	4.94561e-07
2047	4.94698e-07
2048	5.19979e-07
2049	4.98775e-07
2050	4.93722e-07
2051	4.93819e-07
2052	4.82319e-07
2053	5.1419e-07
2054	5.03575e-07
2055	4.89588e-07
2056	4.95495e-07
2057	4.76827e-07
2058	5.19367e-07
2059	5.12077e-07
2060	4.9343e-07
2061	5.03558e-07
2062	4.82923e-07
2063	5.19549e-07
2064	5.10249e-07
2065	4.95708e-07
2066	5.02212e-07
2067	4.92219e-07
2068	5.14361e-07
2069	5.08282e-07
2070	4.92088e-07
2071	4.9986e-07
2072	4.91496e-07
2073	5.05388e-07
2074	5.0834e-07
2075	4.84114e-07
2076	4.99755e-07
2077	4.82315e-07
2078	4.9445e-07
2079	5.13234e-07
2080	4.83009e-07
2081	5.00582e-07
2082	4.86821e-07
2083	4.84199e-07
2084	5.15518e-07
2085	4.88706e-07
2086	5.02906e-07
2087	4.86888e-07
2088	4.82376e-07
2089	5.11461e-07
2090	4.94835e-07
2091	4.9913e-07
2092	4.83362e-07
2093	4.85459e-07
2094	5.0675e-07
2095	5.00789e-07
2096	4.95465e-07
2097	4.82787e-07
2098	4.85318e-07
2099	5.04627e-07
2100	5.07191e-07
2101	4.941e-07
2102	4.91252e-07
2103	4.88248e-07
2104	5.0912e-07
2105	5.12938e-07
2106	4.98559e-07
2107	5.04053e-07
2108	5.00857e-07
2109	5.09183e-07
2110	5.19405e-07
2111	5.05986e-07
2112	5.12576e-07
2113	5.00773e-07
2114	5.07265e-07
2115	5.20608e-07
2116	5.03777e-07
2117	5.23106e-07
2118	4.96561e-07
2119	5.14339e-07
2120	5.241e-07
2121	5.02346e-07
2122	5.27933e-07
2123	4.93523e-07
2124	5.15783e-07
2125	5.24642e-07
2126	4.99157e-07
2127	5.26174e-07
2128	4.94584e-07
2129	5.13437e-07
2130	5.21743e-07
2131	5.00196e-07
2132	5.22357e-07
2133	4.99713e-07
2134	5.14715e-07
2135	5.18098e-07
2136	5.04614e-07
2137	5.23227e-07
2138	5.10352e-07
2139	5.07084e-07
2140	5.14637e-07
2141	5.04461e-07
2142	5.17701e-07
2143	5.13234e-07
2144	4.98501e-07
2145	5.20825e-07
2146	5.04206e-07
2147	5.13334e-07
2148	5.17519e-07
2149	4.94501e-07
2150	5.26137e-07
2151	5.06849e-07
2152	5.06062e-07
2153	5.17452e-07
2154	4.87819e-07
2155	5.24605e-07
2156	5.14124e-07
2157	5.05346e-07
2158	5.21306e-07
2159	4.9744e-07
2160	5.21511e-07
2161	5.11869e-07
2162	4.96833e-07
2163	5.12303e-07
2164	4.97656e-07
2165	5.06615e-07
2166	4.98953e-07
2167	4.88232e-07
2168	5.01986e-07
2169	4.95424e-07
2170	4.9871e-07
2171	4.94969e-07
2172	4.84225e-07
2173	4.93746e-07
2174	4.92946e-07
2175	4.96391e-07
2176	4.96599e-07
2177	4.8099e-07
2178	4.97518e-07
2179	4.92102e-07
2180	5.03232e-07
2181	5.00025e-07
2182	4.85156e-07
2183	5.07321e-07
2184	4.91307e-07
2185	5.10943e-07
2186	5.03195e-07
2187	4.85362e-07
2188	5.08373e-07
2189	4.83404e-07
2190	5.12825e-07
2191	5.01026e-07
2192	4.87172e-07
2193	5.09566e-07
2194	4.76046e-07
2195	5.13533e-07
2196	5.01534e-07
2197	4.89433e-07
2198	5.10213e-07
2199	4.73091e-07
2200	5.09337e-07
2201	5.0384e-07
2202	4.85377e-07
2203	5.0797e-07
2204	4.73848e-07
2205	5.07678e-07
2206	5.14284e-07
2207	4.92099e-07
2208	5.09375e-07
2209	4.79062e-07
2210	4.99834e-07
2211	5.26316e-07
2212	4.97653e-07
2213	5.09752e-07
2214	4.88223e-07
2215	5.0435e-07
2216	5.40494e-07
2217	4.93044e-07
2218	5.0932e-07
2219	4.92823e-07
2220	4.97331e-07
2221	5.36856e-07
2222	4.92251e-07
2223	5.04012e-07
2224	4.95301e-07
2225	4.99758e-07
2226	5.30678e-07
2227	4.96063e-07
2228	4.97658e-07
2229	5.03778e-07
2230	4.94707e-07
2231	5.26061e-07
2232	5.11838e-07
2233	4.98674e-07
2234	5.12933e-07
2235	4.89296e-07
2236	5.23028e-07
2237	5.22867e-07
2238	5.00577e-07
2239	5.22294e-07
2240	4.85971e-07
2241	5.19645e-07
2242	5.35707e-07
2243	5.06016e-07
2244	5.3043e-07
2245	4.91993e-07
2246	5.15125e-07
2247	5.47279e-07
2248	5.12056e-07
2249	5.31365e-07
2250	4.98378e-07
2251	5.18553e-07
2252	5.58604e-07
2253	5.15995e-07
2254	5.31111e-07
2255	5.19046e-07
2256	5.3101e-07
2257	5.67876e-07
2258	5.24883e-07
2259	5.2812e-07
2260	5.27111e-07
2261	5.2672e-07
2262	5.53115e-07
2263	5.2601e-07
2264	5.12377e-07
2265	5.26397e-07
2266	5.02928e-07
2267	5.30811e-07
2268	5.25491e-07
2269	4.96124e-07
2270	5.17587e-07
2271	4.79344e-07
2272	5.06518e-07
2273	5.15914e-07
2274	4.81759e-07
2275	5.06934e-07
2276	4.67407e-07
2277	4.92949e-07
2278	5.1396e-07
2279	4.81875e-07
2280	5.05052e-07
2281	4.69297e-07
2282	4.88761e-07
2283	5.26514e-07
2284	4.9728e-07
2285	5.06834e-07
2286	4.85761e-07
2287	5.01906e-07
2288	5.39416e-07
2289	5.03293e-07
2290	5.03074e-07
2291	5.0579e-07
2292	5.0816e-07
2293	5.42935e-07
2294	5.12721e-07
2295	5.05451e-07
2296	5.26801e-07
2297	5.04897e-07
2298	5.35351e-07
2299	5.24995e-07
2300	5.00144e-07
2301	5.32057e-07
2302	4.95212e-07
2303	5.2235e-07
2304	5.30304e-07
2305	4.90784e-07
2306	5.21256e-07
2307	4.80419e-07
2308	5.04106e-07
2309	5.20792e-07
2310	4.81845e-07
2311	5.03743e-07
2312	4.67296e-07
2313	4.86929e-07
2314	5.14228e-07
2315	4.86122e-07
2316	4.93086e-07
2317	4.70387e-07
2318	4.78259e-07
2319	5.19218e-07
2320	4.99078e-07
2321	4.92433e-07
2322	4.95535e-07
2323	4.92858e-07
2324	5.34356e-07
2325	5.10142e-07
2326	4.98343e-07
2327	5.25571e-07
2328	5.07509e-07
2329	5.44714e-07
2330	5.28275e-07
2331	5.098e-07
2332	5.43529e-07
2333	5.14688e-07
2334	5.45088e-07
2335	5.44086e-07
2336	5.11612e-07
2337	5.41969e-07
2338	5.05726e-07
2339	5.33641e-07
2340	5.49145e-07
2341	5.12079e-07
2342	5.33576e-07
2343	5.00006e-07
2344	5.21702e-07
2345	5.46167e-07
2346	5.12845e-07
2347	5.1978e-07
2348	5.04529e-07
2349	5.081e-07
2350	5.40218e-07
2351	5.20054e-07
2352	5.11157e-07
2353	5.13686e-07
2354	4.97769e-07
2355	5.41068e-07
2356	5.31344e-07
2357	5.11536e-07
2358	5.26791e-07
2359	5.07016e-07
2360	5.47162e-07
2361	5.34688e-07
2362	5.14651e-07
2363	5.34546e-07
2364	5.10988e-07
2365	5.47675e-07
2366	5.3736e-07
2367	5.18324e-07
2368	5.3977e-07
2369	5.17095e-07
2370	5.46271e-07
2371	5.47604e-07
2372	5.26665e-07
2373	5.48569e-07
2374	5.2856e-07
2375	5.53951e-07
2376	5.70381e-07
2377	5.42513e-07
2378	5.58629e-07
2379	5.46257e-07
2380	5.55988e-07
2381	5.81602e-07
2382	5.55376e-07
2383	5.64106e-07
2384	5.54472e-07
2385	5.54193e-07
2386	5.80283e-07
2387	5.59852e-07
2388	5.5808e-07
2389	5.52225e-07
2390	5.40054e-07
2391	5.71087e-07
2392	5.63808e-07
2393	5.53445e-07
2394	5.46663e-07
2395	5.27885e-07
2396	5.63828e-07
2397	5.63041e-07
2398	5.49832e-07
2399	5.48851e-07
2400	5.3942e-07
2401	5.68822e-07
2402	5.65292e-07
2403	5.53167e-07
2404	5.48555e-07
2405	5.4701e-07
2406	5.66456e-07
2407	5.59611e-07
2408	5.45473e-07
2409	5.45491e-07
2410	5.3835e-07
2411	5.48283e-07
2412	5.46096e-07
2413	5.22807e-07
2414	5.34624e-07
2415	5.18639e-07
2416	5.22701e-07
2417	5.34547e-07
2418	5.08051e-07
2419	5.30121e-07
2420	5.06847e-07
2421	5.08103e-07
2422	5.31849e-07
2423	5.03396e-07
2424	5.28331e-07
2425	4.9858e-07
2426	5.08414e-07
2427	5.31025e-07
2428	5.06291e-07
2429	5.22729e-07
2430	4.96509e-07
2431	5.04986e-07
2432	5.18932e-07
2433	4.99217e-07
2434	5.08895e-07
2435	4.88888e-07
2436	4.9204e-07
2437	5.00045e-07
2438	4.89244e-07
2439	4.90062e-07
2440	4.79242e-07
2441	4.77628e-07
2442	4.80851e-07
2443	4.79117e-07
2444	4.76591e-07
2445	4.76559e-07
2446	4.60437e-07
2447	4.72902e-07
2448	4.83143e-07
2449	4.74088e-07
2450	4.82181e-07
2451	4.56768e-07
2452	4.84771e-07
2453	4.85934e-07
2454	4.70918e-07
2455	4.86314e-07
2456	4.52861e-07
2457	4.88511e-07
2458	4.83141e-07
2459	4.64726e-07
2460	4.87102e-07
2461	4.52024e-07
2462	4.83406e-07
2463	4.73246e-07
2464	4.53877e-07
2465	4.80991e-07
2466	4.4785e-07
2467	4.69687e-07
2468	4.62376e-07
2469	4.43878e-07
2470	4.72653e-07
2471	4.48012e-07
2472	4.54952e-07
2473	4.69993e-07
2474	4.39312e-07
2475	4.72228e-07
2476	4.61809e-07
2477	4.52137e-07
2478	4.77087e-07
2479	4.42338e-07
2480	4.6641e-07
2481	4.62788e-07
2482	4.51856e-07
2483	4.74944e-07
2484	4.50743e-07
2485	4.64808e-07
2486	4.65614e-07
2487	4.65726e-07
2488	4.75755e-07
2489	4.6345e-07
2490	4.75914e-07
2491	4.68333e-07
2492	4.7986e-07
2493	4.7695e-07
2494	4.73959e-07
2495	4.86976e-07
2496	4.71894e-07
2497	4.99243e-07
2498	4.87754e-07
2499	4.89236e-07
2500	4.95978e-07
2501	4.75012e-07
2502	5.03831e-07
2503	4.95634e-07
2504	4.93062e-07
2505	4.97402e-07
2506	4.77424e-07
2507	5.02087e-07
2508	5.11429e-07
2509	4.92966e-07
2510	4.97585e-07
2511	4.85525e-07
2512	5.02733e-07
2513	5.20729e-07
2514	4.8855e-07
2515	4.93286e-07
2516	4.87965e-07
2517	4.93884e-07
2518	5.20404e-07
2519	4.91617e-07
2520	4.93113e-07
2521	4.9627e-07
2522	4.94814e-07
2523	5.27196e-07
2524	4.92461e-07
2525	4.96018e-07
2526	4.97607e-07
2527	4.85047e-07
2528	5.16675e-07
2529	4.88758e-07
2530	4.88947e-07
2531	4.95105e-07
2532	4.71914e-07
2533	5.09017e-07
2534	4.88812e-07
2535	4.81595e-07
2536	4.95175e-07
2537	4.62663e-07
2538	5.02283e-07
2539	4.928e-07
2540	4.75763e-07
2541	4.88928e-07
2542	4.57007e-07
2543	4.89589e-07
2544	5.01416e-07
2545	4.80839e-07
2546	4.9766e-07
2547	4.66337e-07
2548	4.86491e-07
2549	5.17633e-07
2550	4.84645e-07
2551	4.98658e-07
2552	4.78403e-07
2553	4.92164e-07
2554	5.31094e-07
2555	4.83639e-07
2556	5.01804e-07
2557	4.8842e-07
2558	4.94864e-07
2559	5.30807e-07
2560	4.86691e-07
2561	4.95807e-07
2562	4.93496e-07
2563	4.91579e-07
2564	5.21278e-07
2565	4.95939e-07
2566	4.90871e-07
2567	5.01238e-07
2568	4.84425e-07
2569	5.18976e-07
2570	5.08893e-07
2571	4.94649e-07
2572	5.09285e-07
2573	4.84124e-07
2574	5.16661e-07
2575	5.20018e-07
2576	4.97788e-07
2577	5.16902e-07
2578	4.84697e-07
2579	5.08979e-07
2580	5.26725e-07
2581	5.05149e-07
2582	5.20464e-07
2583	4.89428e-07
2584	5.07207e-07
2585	5.41688e-07
2586	5.08703e-07
2587	5.23669e-07
2588	5.01474e-07
2589	5.17183e-07
2590	5.54292e-07
2591	5.08568e-07
2592	5.22808e-07
2593	5.18988e-07
2594	5.25815e-07
2595	5.62303e-07
2596	5.27551e-07
2597	5.25438e-07
2598	5.32195e-07
2599	5.19663e-07
2600	5.51517e-07
2601	5.36167e-07
2602	5.15829e-07
2603	5.31502e-07
2604	5.03068e-07
2605	5.33936e-07
2606	5.33195e-07
2607	5.02923e-07
2608	5.22971e-07
2609	4.87502e-07
2610	5.15408e-07
2611	5.28723e-07
2612	5.0111e-07
2613	5.21504e-07
2614	4.88469e-07
2615	5.11286e-07
2616	5.42225e-07
2617	5.19337e-07
2618	5.35902e-07
2619	5.1087e-07
2620	5.32958e-07
2621	5.73288e-07
2622	5.37602e-07
2623	5.51568e-07
2624	5.44331e-07
2625	5.57266e-07
2626	5.94806e-07
2627	5.58397e-07
2628	5.62341e-07
2629	5.68618e-07
2630	5.6795e-07
2631	6.00725e-07
2632	5.7885e-07
2633	5.68089e-07
2634	5.87275e-07
2635	5.64956e-07
2636	5.97987e-07
2637	5.9402e-07
2638	5.62918e-07
2639	5.87672e-07
2640	5.51699e-07
2641	5.78689e-07
2642	5.89707e-07
2643	5.54806e-07
2644	5.79441e-07
2645	5.40714e-07
2646	5.62593e-07
2647	5.80115e-07
2648	5.46908e-07
2649	5.6513e-07
2650	5.28769e-07
2651	5.44513e-07
2652	5.80099e-07
2653	5.51066e-07
2654	5.57521e-07
2655	5.37078e-07
2656	5.51044e-07
2657	5.85857e-07
2658	5.5008e-07
2659	5.4717e-07
2660	5.45567e-07
2661	5.47284e-07
2662	5.81258e-07
2663	5.49961e-07
2664	5.41394e-07
2665	5.60893e-07
2666	5.42639e-07
2667	5.74355e-07
2668	5.5901e-07
2669	5.35819e-07
2670	5.65731e-07
2671	5.32143e-07
2672	5.59359e-07
2673	5.66013e-07
2674	5.27166e-07
2675	5.5809e-07
2676	5.17112e-07
2677	5.42275e-07
2678	5.57413e-07
2679	5.18213e-07
2680	5.41001e-07
2681	5.02447e-07
2682	5.25926e-07
2683	5.49759e-07
2684	5.1829e-07
2685	5.26449e-07
2686	4.96417e-07
2687	5.05917e-07
2688	5.43105e-07
2689	5.20664e-07
2690	5.17027e-07
2691	5.1222e-07
2692	5.09812e-07
2693	5.49514e-07
2694	5.25532e-07
2695	5.1302e-07
2696	5.28419e-07
2697	5.12351e-07
2698	5.48613e-07
2699	5.25099e-07
2700	5.07856e-07
2701	5.3699e-07
2702	5.09286e-07
2703	5.41098e-07
2704	5.29093e-07
2705	5.01717e-07
2706	5.31755e-07
2707	4.94389e-07
2708	5.25068e-07
2709	5.34181e-07
2710	4.9705e-07
2711	5.21478e-07
2712	4.84658e-07
2713	5.10673e-07
2714	5.35894e-07
2715	5.00998e-07
2716	5.17175e-07
2717	4.95891e-07
2718	5.0551e-07
2719	5.3422e-07
2720	5.06615e-07
2721	5.05145e-07
2722	5.01046e-07
2723	4.95487e-07
2724	5.23881e-07
2725	5.08843e-07
2726	4.98604e-07
2727	5.00418e-07
2728	4.83785e-07
2729	5.23094e-07
2730	5.15101e-07
2731	4.95894e-07
2732	5.05049e-07
2733	4.83001e-07
2734	5.24209e-07
2735	5.13297e-07
2736	4.95788e-07
2737	5.04846e-07
2738	4.8722e-07
2739	5.2079e-07
2740	5.14567e-07
2741	5.00883e-07
2742	5.08675e-07
2743	4.99375e-07
2744	5.20353e-07
2745	5.20487e-07
2746	4.99595e-07
2747	5.12496e-07
2748	4.98217e-07
2749	5.13555e-07
2750	5.26827e-07
2751	4.96626e-07
2752	5.13258e-07
2753	4.94112e-07
2754	4.98002e-07
2755	5.21946e-07
2756	4.8977e-07
2757	5.00971e-07
2758	4.8625e-07
2759	4.79966e-07
2760	5.12185e-07
2761	4.9221e-07
2762	4.99449e-07
2763	4.83986e-07
2764	4.81476e-07
2765	5.0748e-07
2766	4.96482e-07
2767	4.94202e-07
2768	4.80502e-07
2769	4.80853e-07
2770	4.99204e-07
2771	4.98492e-07
2772	4.88623e-07
2773	4.81112e-07
2774	4.81067e-07
2775	4.99806e-07
2776	4.99321e-07
2777	4.85188e-07
2778	4.86645e-07
2779	4.82795e-07
2780	4.95204e-07
2781	4.96642e-07
2782	4.82769e-07
2783	4.86642e-07
2784	4.80687e-07
2785	4.83183e-07
2786	4.93744e-07
2787	4.77156e-07
2788	4.89835e-07
2789	4.72845e-07
2790	4.79953e-07
2791	4.90533e-07
2792	4.70388e-07
2793	4.91175e-07
2794	4.60026e-07
2795	4.77872e-07
2796	4.88906e-07
2797	4.62053e-07
2798	4.8443e-07
2799	4.51483e-07
2800	4.7005e-07
2801	4.77845e-07
2802	4.49613e-07
2803	4.68863e-07
2804	4.37702e-07
2805	4.53758e-07
2806	4.58137e-07
2807	4.39038e-07
2808	4.55544e-07
2809	4.35438e-07
2810	4.4702e-07
2811	4.49327e-07
2812	4.42534e-07
2813	4.58311e-07
2814	4.51125e-07
2815	4.45481e-07
2816	4.61543e-07
2817	4.5425e-07
2818	4.62373e-07
2819	4.64391e-07
2820	4.44972e-07
2821	4.78949e-07
2822	4.64157e-07
2823	4.65332e-07
2824	4.74335e-07
2825	4.4365e-07
2826	4.87527e-07
2827	4.74516e-07
2828	4.62272e-07
2829	4.8471e-07
2830	4.52976e-07
2831	4.87557e-07
2832	4.75056e-07
2833	4.58743e-07
2834	4.84438e-07
2835	4.62834e-07
2836	4.86162e-07
2837	4.75787e-07
2838	4.64008e-07
2839	4.8386e-07
2840	4.67203e-07
2841	4.80473e-07
2842	4.8037e-07
2843	4.63433e-07
2844	4.85102e-07
2845	4.72674e-07
2846	4.7678e-07
2847	4.8683e-07
2848	4.58227e-07
2849	4.85604e-07
2850	4.68167e-07
2851	4.7017e-07
2852	4.82359e-07
2853	4.46783e-07
2854	4.79795e-07
2855	4.5633e-07
2856	4.67533e-07
2857	4.76515e-07
2858	4.49459e-07
2859	4.80545e-07
2860	4.57077e-07
2861	4.77635e-07
2862	4.81391e-07
2863	4.63258e-07
2864	4.91194e-07
2865	4.70155e-07
2866	4.98697e-07
2867	4.96676e-07
2868	4.87063e-07
2869	5.07053e-07
2870	4.84977e-07
2871	5.14048e-07
2872	5.13059e-07
2873	5.0333e-07
2874	5.12753e-07
2875	4.94751e-07
2876	5.16834e-07
2877	5.29158e-07
2878	5.16414e-07
2879	5.2157e-07
2880	5.13783e-07
2881	5.26624e-07
2882	5.47595e-07
2883	5.22509e-07
2884	5.27061e-07
2885	5.29494e-07
2886	5.35469e-07
2887	5.66942e-07
2888	5.30243e-07
2889	5.34884e-07
2890	5.44459e-07
2891	5.37701e-07
2892	5.77714e-07
2893	5.38036e-07
2894	5.40357e-07
2895	5.5253e-07
2896	5.35184e-07
2897	5.74205e-07
2898	5.41172e-07
2899	5.35698e-07
2900	5.51547e-07
2901	5.24497e-07
2902	5.64723e-07
2903	5.44277e-07
2904	5.30641e-07
2905	5.50685e-07
2906	5.18535e-07
2907	5.58559e-07
2908	5.51938e-07
2909	5.30549e-07
2910	5.525e-07
2911	5.16589e-07
2912	5.52342e-07
2913	5.61407e-07
2914	5.32987e-07
2915	5.57053e-07
2916	5.17486e-07
2917	5.44024e-07
2918	5.64722e-07
2919	5.29068e-07
2920	5.53672e-07
2921	5.14243e-07
2922	5.29022e-07
2923	5.65828e-07
2924	5.28047e-07
2925	5.45872e-07
2926	5.17705e-07
2927	5.33913e-07
2928	5.72037e-07
2929	5.22977e-07
2930	5.34537e-07
2931	5.22511e-07
2932	5.32079e-07
2933	5.67265e-07
2934	5.29679e-07
2935	5.32652e-07
2936	5.31753e-07
2937	5.32732e-07
2938	5.55282e-07
2939	5.33712e-07
2940	5.20206e-07
2941	5.3306e-07
2942	5.09979e-07
2943	5.35657e-07
2944	5.32221e-07
2945	5.04357e-07
2946	5.2853e-07
2947	4.86661e-07
2948	5.13754e-07
2949	5.23671e-07
2950	4.85737e-07
2951	5.15001e-07
2952	4.69714e-07
2953	4.97741e-07
2954	5.20948e-07
2955	4.83027e-07
2956	5.0859e-07
2957	4.72263e-07
2958	4.95094e-07
2959	5.3015e-07
2960	5.0159e-07
2961	5.12702e-07
2962	4.88481e-07
2963	5.06946e-07
2964	5.45301e-07
2965	5.15014e-07
2966	5.17684e-07
2967	5.18154e-07
2968	5.20584e-07
2969	5.55891e-07
2970	5.26439e-07
2971	5.19295e-07
2972	5.40808e-07
2973	5.23387e-07
2974	5.52166e-07
2975	5.37958e-07
2976	5.14813e-07
2977	5.47732e-07
2978	5.09813e-07
2979	5.3868e-07
2980	5.44033e-07
2981	5.05734e-07
2982	5.36268e-07
2983	4.91798e-07
2984	5.20908e-07
2985	5.37439e-07
2986	4.96556e-07
2987	5.17044e-07
2988	4.76634e-07
2989	4.98545e-07
2990	5.2301e-07
2991	4.88852e-07
2992	4.9792e-07
2993	4.76167e-07
2994	4.82704e-07
2995	5.12891e-07
2996	4.92099e-07
2997	4.85465e-07
2998	4.84348e-07
2999	4.74988e-07
3000	5.16891e-07
3001	5.03054e-07
3002	4.90272e-07
3003	5.06095e-07
3004	4.89035e-07
3005	5.31012e-07
3006	5.16402e-07
3007	5.01799e-07
3008	5.26494e-07
3009	5.03686e-07
3010	5.45287e-07
3011	5.36613e-07
3012	5.18732e-07
3013	5.43437e-07
3014	5.16964e-07
3015	5.49769e-07
3016	5.54763e-07
3017	5.26288e-07
3018	5.47305e-07
3019	5.19953e-07
3020	5.41231e-07
3021	5.59548e-07
3022	5.2361e-07
3023	5.36607e-07
3024	5.18118e-07
3025	5.2173e-07
3026	5.4252e-07
3027	5.097e-07
3028	5.13377e-07
3029	5.00047e-07
3030	4.97986e-07
3031	5.22631e-07
3032	5.01627e-07
3033	4.96743e-07
3034	4.90766e-07
3035	4.74091e-07
3036	5.05225e-07
3037	4.98015e-07
3038	4.83034e-07
3039	4.7968e-07
3040	4.60552e-07
3041	4.95255e-07
3042	4.90718e-07
3043	4.74973e-07
3044	4.74265e-07
3045	4.63696e-07
3046	4.90318e-07
3047	4.84638e-07
3048	4.72363e-07
3049	4.72549e-07
3050	4.71383e-07
3051	4.8918e-07
3052	4.84755e-07
3053	4.72705e-07
3054	4.81564e-07
3055	4.77229e-07
3056	4.91224e-07
3057	4.98058e-07
3058	4.7715e-07
3059	4.99498e-07
3060	4.86748e-07
3061	4.94317e-07
3062	5.14596e-07
3063	4.88157e-07
3064	5.12748e-07
3065	4.91411e-07
3066	4.92154e-07
3067	5.19342e-07
3068	4.91795e-07
3069	5.12239e-07
3070	4.84856e-07
3071	4.9415e-07
3072	5.15651e-07
3073	4.93409e-07
3074	5.02485e-07
3075	4.78454e-07
3076	4.85738e-07
3077	4.98087e-07
3078	4.84526e-07
3079	4.85807e-07
3080	4.71947e-07
3081	4.76834e-07
3082	4.81036e-07
3083	4.79835e-07
3084	4.71778e-07
3085	4.66704e-07
3086	4.62934e-07
3087	4.69567e-07
3088	4.78589e-07
3089	4.6672e-07
3090	4.7098e-07
3091	4.56606e-07
3092	4.71547e-07
3093	4.79288e-07
3094	4.67073e-07
3095	4.78036e-07
3096	4.5499e-07
3097	4.82582e-07
3098	4.82583e-07
3099	4.71304e-07
3100	4.89845e-07
3101	4.59151e-07
3102	4.93236e-07
3103	4.88459e-07
3104	4.72295e-07
3105	5.00747e-07
3106	4.66539e-07
3107	4.96787e-07
3108	4.91691e-07
3109	4.73026e-07
3110	5.04535e-07
3111	4.70817e-07
3112	4.91926e-07
3113	4.94495e-07
3114	4.71686e-07
3115	5.01174e-07
3116	4.7949e-07
3117	4.80457e-07
3118	4.99494e-07
3119	4.71288e-07
3120	4.96349e-07
3121	4.8684e-07
3122	4.73455e-07
3123	5.01945e-07
3124	4.72337e-07
3125	4.87605e-07
3126	4.92497e-07
3127	4.76165e-07
3128	5.03449e-07
3129	4.782e-07
3130	4.92987e-07
3131	4.96629e-07
3132	4.87538e-07
3133	5.037e-07
3134	4.83437e-07
3135	5.00891e-07
3136	4.95273e-07
3137	4.99292e-07
3138	5.04725e-07
3139	4.93559e-07
3140	5.08022e-07
3141	4.91274e-07
3142	5.04263e-07
3143	5.12473e-07
3144	5.09055e-07
3145	5.15849e-07
3146	5.00142e-07
3147	5.27972e-07
3148	5.32361e-07
3149	5.21223e-07
3150	5.26295e-07
3151	5.14827e-07
3152	5.41344e-07
3153	5.50584e-07
3154	5.29162e-07
3155	5.34908e-07
3156	5.35034e-07
3157	5.48588e-07
3158	5.65135e-07
3159	5.36383e-07
3160	5.37195e-07
3161	5.43525e-07
3162	5.40268e-07
3163	5.59737e-07
3164	5.30716e-07
3165	5.22553e-07
3166	5.39219e-07
3167	5.1957e-07
3168	5.49805e-07
3169	5.22178e-07
3170	5.11119e-07
3171	5.31714e-07
3172	4.95865e-07
3173	5.33245e-07
3174	5.14483e-07
3175	5.01298e-07
3176	5.2225e-07
3177	4.82842e-07
3178	5.24079e-07
3179	5.12539e-07
3180	4.91637e-07
3181	5.15375e-07
3182	4.7426e-07
3183	5.1152e-07
3184	5.10709e-07
3185	4.82787e-07
3186	5.06196e-07
3187	4.69769e-07
3188	5.00389e-07
3189	5.13674e-07
3190	4.8363e-07
3191	5.06335e-07
3192	4.69823e-07
3193	4.90009e-07
3194	5.20824e-07
3195	4.86263e-07
3196	5.05801e-07
3197	4.79147e-07
3198	4.97014e-07
3199	5.36737e-07
3200	4.92095e-07
3201	5.11774e-07
3202	4.96204e-07
3203	5.07136e-07
3204	5.4727e-07
3205	5.0753e-07
3206	5.19341e-07
3207	5.15647e-07
3208	5.21911e-07
3209	5.50247e-07
3210	5.19903e-07
3211	5.16653e-07
3212	5.22171e-07
3213	5.13877e-07
3214	5.38969e-07
3215	5.27486e-07
3216	5.10262e-07
3217	5.26894e-07
3218	4.97996e-07
3219	5.27336e-07
3220	5.31859e-07
3221	5.02409e-07
3222	5.25861e-07
3223	4.84292e-07
3224	5.13669e-07
3225	5.30993e-07
3226	4.94919e-07
3227	5.22258e-07
3228	4.78701e-07
3229	5.01016e-07
3230	5.30609e-07
3231	4.9309e-07
3232	5.11021e-07
3233	4.7856e-07
3234	4.94029e-07
3235	5.33077e-07
3236	4.95555e-07
3237	4.99855e-07
3238	4.85562e-07
3239	4.96641e-07
3240	5.30998e-07
3241	4.94315e-07
3242	4.92329e-07
3243	5.01763e-07
3244	4.96327e-07
3245	5.27273e-07
3246	5.06739e-07
3247	4.9267e-07
3248	5.20469e-07
3249	4.96291e-07
3250	5.27638e-07
3251	5.30317e-07
3252	5.00511e-07
3253	5.35439e-07
3254	4.97008e-07
3255	5.29244e-07
3256	5.43945e-07
3257	5.0535e-07
3258	5.35245e-07
3259	4.93196e-07
3260	5.22225e-07
3261	5.4583e-07
3262	5.10435e-07
3263	5.28884e-07
3264	4.95016e-07
3265	5.15012e-07
3266	5.47555e-07
3267	5.23527e-07
3268	5.28682e-07
3269	5.13239e-07
3270	5.18513e-07
3271	5.57066e-07
3272	5.32962e-07
3273	5.23061e-07
3274	5.33106e-07
3275	5.21615e-07
3276	5.56968e-07
3277	5.30537e-07
3278	5.14489e-07
3279	5.41115e-07
3280	5.15155e-07
3281	5.45686e-07
3282	5.30546e-07
3283	5.04476e-07
3284	5.34757e-07
3285	4.98121e-07
3286	5.27986e-07
3287	5.31274e-07
3288	4.93291e-07
3289	5.18641e-07
3290	4.77526e-07
3291	5.0391e-07
3292	5.19523e-07
3293	4.84658e-07
3294	5.01133e-07
3295	4.71937e-07
3296	4.89002e-07
3297	5.14387e-07
3298	4.86539e-07
3299	4.8981e-07
3300	4.84242e-07
3301	4.82221e-07
3302	5.13478e-07
3303	4.99257e-07
3304	4.91846e-07
3305	4.9553e-07
3306	4.82296e-07
3307	5.22999e-07
3308	5.14655e-07
3309	4.98311e-07
3310	5.11776e-07
3311	4.92942e-07
3312	5.34026e-07
3313	5.21551e-07
3314	5.04384e-07
3315	5.2095e-07
3316	5.00149e-07
3317	5.34932e-07
3318	5.25033e-07
3319	5.07761e-07
3320	5.2164e-07
3321	5.07381e-07
3322	5.30578e-07
3323	5.32155e-07
3324	5.09648e-07
3325	5.23771e-07
3326	5.07038e-07
3327	5.22733e-07
3328	5.3613e-07
3329	5.04193e-07
3330	5.1778e-07
3331	5.02387e-07
3332	5.05528e-07
3333	5.27318e-07
3334	4.95004e-07
3335	5.0278e-07
3336	4.8995e-07
3337	4.82058e-07
3338	5.08654e-07
3339	4.86738e-07
3340	4.83425e-07
3341	4.73641e-07
3342	4.63714e-07
3343	4.93076e-07
3344	4.85825e-07
3345	4.80971e-07
3346	4.72276e-07
3347	4.67527e-07
3348	4.99387e-07
3349	5.02603e-07
3350	4.92104e-07
3351	4.89904e-07
3352	4.90383e-07
3353	5.16137e-07
3354	5.14667e-07
3355	5.03061e-07
3356	5.02498e-07
3357	5.02981e-07
3358	5.17505e-07
3359	5.18537e-07
3360	5.06181e-07
3361	5.11722e-07
3362	5.07753e-07
3363	5.14627e-07
3364	5.24188e-07
3365	5.08267e-07
3366	5.2276e-07
3367	5.07736e-07
3368	5.1177e-07
3369	5.3043e-07
3370	5.09338e-07
3371	5.33829e-07
3372	5.06424e-07
3373	5.19819e-07
3374	5.37794e-07
3375	5.1301e-07
3376	5.37084e-07
3377	5.04553e-07
3378	5.21482e-07
3379	5.35334e-07
3380	5.10879e-07
3381	5.2959e-07
3382	5.01045e-07
3383	5.1429e-07
3384	5.22479e-07
3385	5.03837e-07
3386	5.14557e-07
3387	4.92875e-07
3388	5.02937e-07
3389	5.04277e-07
3390	4.96141e-07
3391	5.06009e-07
3392	4.96401e-07
3393	4.95506e-07
3394	5.01443e-07
3395	5.03053e-07
3396	5.106e-07
3397	5.11016e-07
3398	4.92499e-07
3399	5.21185e-07
3400	5.21737e-07
3401	5.19706e-07
3402	5.29795e-07
3403	5.04083e-07
3404	5.45167e-07
3405	5.32453e-07
3406	5.24318e-07
3407	5.42921e-07
3408	5.10538e-07
3409	5.47238e-07
3410	5.29686e-07
3411	5.14981e-07
3412	5.38012e-07
3413	5.03574e-07
3414	5.31309e-07
3415	5.20667e-07
3416	4.96535e-07
3417	5.22884e-07
3418	4.94929e-07
3419	5.04725e-07
3420	5.07792e-07
3421	4.82984e-07
3422	5.06303e-07
3423	4.88478e-07
3424	4.88374e-07
3425	4.99904e-07
3426	4.71624e-07
3427	4.90238e-07
3428	4.80921e-07
3429	4.74311e-07
3430	4.82896e-07
3431	4.52654e-07
3432	4.7489e-07
3433	4.6136e-07
3434	4.60873e-07
3435	4.66657e-07
3436	4.42192e-07
3437	4.68951e-07
3438	4.48536e-07
3439	4.62422e-07
3440	4.60549e-07
3441	4.44297e-07
3442	4.7436e-07
3443	4.48459e-07
3444	4.79116e-07
3445	4.73467e-07
3446	4.61154e-07
3447	4.89141e-07
3448	4.57143e-07
3449	4.99128e-07
3450	4.90822e-07
3451	4.7644e-07
3452	4.98e-07
3453	4.62589e-07
3454	5.00506e-07
3455	4.9892e-07
3456	4.79856e-07
3457	4.99394e-07
3458	4.67225e-07
3459	4.94682e-07
3460	5.10803e-07
3461	4.88381e-07
3462	5.00345e-07
3463	4.79453e-07
3464	5.0182e-07
3465	5.25497e-07
3466	4.93523e-07
3467	5.02143e-07
3468	4.9403e-07
3469	5.04726e-07
3470	5.40204e-07
3471	4.99987e-07
3472	5.1195e-07
3473	5.02253e-07
3474	5.06002e-07
3475	5.38019e-07
3476	4.98845e-07
3477	5.07448e-07
3478	4.9967e-07
3479	4.97743e-07
3480	5.24832e-07
3481	4.92264e-07
3482	4.89923e-07
3483	4.92938e-07
3484	4.76153e-07
3485	5.05976e-07
3486	4.88295e-07
3487	4.74667e-07
3488	4.88109e-07
3489	4.60975e-07
3490	4.95329e-07
3491	4.98712e-07
3492	4.7672e-07
3493	4.98667e-07
3494	4.63383e-07
3495	4.96682e-07
3496	5.18134e-07
3497	4.89275e-07
3498	5.13247e-07
3499	4.78945e-07
3500	4.95624e-07
3501	5.37093e-07
3502	5.00882e-07
3503	5.20022e-07
3504	4.96651e-07
3505	5.1381e-07
3506	5.5681e-07
3507	5.09494e-07
3508	5.25633e-07
3509	5.17689e-07
3510	5.27638e-07
3511	5.63801e-07
3512	5.26684e-07
3513	5.28746e-07
3514	5.28982e-07
3515	5.2836e-07
3516	5.551e-07
3517	5.35799e-07
3518	5.22697e-07
3519	5.38099e-07
3520	5.15248e-07
3521	5.44913e-07
3522	5.42508e-07
3523	5.1693e-07
3524	5.38563e-07
3525	4.9928e-07
3526	5.26672e-07
3527	5.35832e-07
3528	5.01463e-07
3529	5.24696e-07
3530	4.81175e-07
3531	5.02685e-07
3532	5.23396e-07
3533	4.89908e-07
3534	5.09299e-07
3535	4.71031e-07
3536	4.88627e-07
3537	5.25231e-07
3538	4.93406e-07
3539	5.02952e-07
3540	4.84581e-07
3541	5.02282e-07
3542	5.40237e-07
3543	5.02558e-07
3544	5.05221e-07
3545	5.09929e-07
3546	5.14083e-07
3547	5.48701e-07
3548	5.20795e-07
3549	5.12968e-07
3550	5.34529e-07
3551	5.12672e-07
3552	5.43902e-07
3553	5.35711e-07
3554	5.09652e-07
3555	5.37818e-07
3556	5.01186e-07
3557	5.27948e-07
3558	5.36772e-07
3559	4.99194e-07
3560	5.28668e-07
3561	4.883e-07
3562	5.10745e-07
3563	5.2802e-07
3564	4.91555e-07
3565	5.13787e-07
3566	4.79172e-07
3567	4.99047e-07
3568	5.30948e-07
3569	5.03329e-07
3570	5.10491e-07
3571	4.88863e-07
3572	4.99518e-07
3573	5.38855e-07
3574	5.13554e-07
3575	5.07208e-07
3576	5.09641e-07
3577	5.05543e-07
3578	5.43647e-07
3579	5.12941e-07
3580	5.00265e-07
3581	5.25972e-07
3582	5.04191e-07
3583	5.36677e-07
3584	5.20476e-07
3585	4.97968e-07
3586	5.33094e-07
3587	5.00777e-07
3588	5.30662e-07
3589	5.35282e-07
3590	5.01698e-07
3591	5.33377e-07
3592	4.97441e-07
3593	5.25634e-07
3594	5.43979e-07
3595	5.07626e-07
3596	5.28866e-07
3597	4.95404e-07
3598	5.19707e-07
3599	5.46321e-07
3600	5.17171e-07
3601	5.22016e-07
3602	5.04289e-07
3603	5.0867e-07
3604	5.48545e-07
3605	5.27903e-07
3606	5.18913e-07
3607	5.22511e-07
3608	5.09613e-07
3609	5.53779e-07
3610	5.36539e-07
3611	5.17587e-07
3612	5.37414e-07
3613	5.18542e-07
3614	5.56451e-07
3615	5.41948e-07
3616	5.22494e-07
3617	5.50662e-07
3618	5.26794e-07
3619	5.58458e-07
3620	5.49811e-07
3621	5.24378e-07
3622	5.52058e-07
3623	5.20214e-07
3624	5.49807e-07
3625	5.58771e-07
3626	5.28138e-07
3627	5.47721e-07
3628	5.18691e-07
3629	5.3923e-07
3630	5.63172e-07
3631	5.29914e-07
3632	5.40502e-07
3633	5.269e-07
3634	5.3291e-07
3635	5.59464e-07
3636	5.36829e-07
3637	5.36829e-07
3638	5.37087e-07
3639	5.33354e-07
3640	5.62365e-07
3641	5.53746e-07
3642	5.45431e-07
3643	5.49387e-07
3644	5.3409e-07
3645	5.76068e-07
3646	5.74231e-07
3647	5.56539e-07
3648	5.64188e-07
3649	5.44604e-07
3650	5.85352e-07
3651	5.78629e-07
3652	5.65144e-07
3653	5.6923e-07
3654	5.56573e-07
3655	5.86105e-07
3656	5.79921e-07
3657	5.66301e-07
3658	5.68526e-07
3659	5.596e-07
3660	5.76146e-07
3661	5.70813e-07
3662	5.52414e-07
3663	5.62693e-07
3664	5.4733e-07
3665	5.59825e-07
3666	5.66733e-07
3667	5.35669e-07
3668	5.51796e-07
3669	5.29562e-07
3670	5.30127e-07
3671	5.50341e-07
3672	5.15217e-07
3673	5.30379e-07
3674	5.06916e-07
3675	4.99415e-07
3676	5.25877e-07
3677	4.95878e-07
3678	5.08159e-07
3679	4.80899e-07
3680	4.79938e-07
3681	5.00528e-07
3682	4.80274e-07
3683	4.84658e-07
3684	4.65538e-07
3685	4.70028e-07
3686	4.85269e-07
3687	4.76454e-07
3688	4.76358e-07
3689	4.6472e-07
3690	4.66536e-07
3691	4.81862e-07
3692	4.86601e-07
3693	4.7741e-07
3694	4.77858e-07
3695	4.73566e-07
3696	4.90073e-07
3697	4.96572e-07
3698	4.84623e-07
3699	4.92399e-07
3700	4.80333e-07
3701	4.90677e-07
3702	5.02489e-07
3703	4.87805e-07
3704	5.00885e-07
3705	4.7816e-07
3706	4.97331e-07
3707	5.05736e-07
3708	4.85158e-07
3709	5.04515e-07
3710	4.72769e-07
3711	4.97652e-07
3712	5.0243e-07
3713	4.76275e-07
3714	5.01704e-07
3715	4.66475e-07
3716	4.85854e-07
3717	4.85875e-07
3718	4.59947e-07
3719	4.83015e-07
3720	4.52366e-07
3721	4.66584e-07
3722	4.6474e-07
3723	4.44035e-07
3724	4.65534e-07
3725	4.4642e-07
3726	4.43145e-07
3727	4.51216e-07
3728	4.33799e-07
3729	4.51767e-07
3730	4.40851e-07
3731	4.27635e-07
3732	4.50708e-07
3733	4.26719e-07
3734	4.42593e-07
3735	4.45817e-07
3736	4.26936e-07
3737	4.57765e-07
3738	4.2905e-07
3739	4.44577e-07
3740	4.5285e-07
3741	4.34681e-07
3742	4.60226e-07
3743	4.39514e-07
3744	4.48519e-07
3745	4.54216e-07
3746	4.45793e-07
3747	4.59667e-07
3748	4.54872e-07
3749	4.53601e-07
3750	4.55547e-07
3751	4.57968e-07
3752	4.68049e-07
3753	4.73183e-07
3754	4.65902e-07
3755	4.69098e-07
3756	4.86569e-07
3757	4.85999e-07
3758	4.80462e-07
3759	4.79535e-07
3760	4.761e-07
3761	4.97777e-07
3762	5.02526e-07
3763	4.91053e-07
3764	4.93343e-07
3765	4.86492e-07
3766	5.04169e-07
3767	5.12283e-07
3768	4.93338e-07
3769	4.92512e-07
3770	4.90904e-07
3771	4.9558e-07
3772	5.10959e-07
3773	4.87406e-07
3774	4.85942e-07
3775	4.92461e-07
3776	4.80589e-07
3777	5.08511e-07
3778	4.86151e-07
3779	4.79804e-07
3780	4.94115e-07
3781	4.63513e-07
3782	5.04093e-07
3783	4.84412e-07
3784	4.79513e-07
3785	4.95924e-07
3786	4.58922e-07
3787	5.02252e-07
3788	4.92254e-07
3789	4.85181e-07
3790	4.99194e-07
3791	4.64831e-07
3792	4.98207e-07
3793	5.07122e-07
3794	4.94454e-07
3795	5.0308e-07
3796	4.7981e-07
3797	5.06664e-07
3798	5.27346e-07
3799	4.99256e-07
3800	5.09545e-07
3801	4.97354e-07
3802	5.11142e-07
3803	5.44798e-07
3804	5.02613e-07
3805	5.13428e-07
3806	5.04261e-07
3807	5.06031e-07
3808	5.44089e-07
3809	5.00903e-07
3810	5.10387e-07
3811	5.09236e-07
3812	5.00121e-07
3813	5.33996e-07
3814	5.00573e-07
3815	4.97866e-07
3816	5.0426e-07
3817	4.78491e-07
3818	5.14983e-07
3819	4.94486e-07
3820	4.83671e-07
3821	4.96467e-07
3822	4.66294e-07
3823	5.02755e-07
3824	4.94565e-07
3825	4.76814e-07
3826	4.90707e-07
3827	4.61426e-07
3828	4.9064e-07
3829	4.98014e-07
3830	4.8416e-07
3831	4.97563e-07
3832	4.71774e-07
3833	4.94496e-07
3834	5.25198e-07
3835	5.00833e-07
3836	5.15758e-07
3837	4.96407e-07
3838	5.17454e-07
3839	5.5604e-07
3840	5.10429e-07
3841	5.30717e-07
3842	5.20219e-07
3843	5.28114e-07
3844	5.6763e-07
3845	5.22834e-07
3846	5.34551e-07
3847	5.32883e-07
3848	5.28243e-07
3849	5.62335e-07
3850	5.35732e-07
3851	5.28993e-07
3852	5.36329e-07
3853	5.13178e-07
3854	5.45916e-07
3855	5.32839e-07
3856	5.10659e-07
3857	5.23319e-07
3858	4.95593e-07
3859	5.25369e-07
3860	5.29526e-07
3861	5.06684e-07
3862	5.19328e-07
3863	4.8982e-07
3864	5.12136e-07
3865	5.31941e-07
3866	5.12374e-07
3867	5.21824e-07
3868	4.96621e-07
3869	5.13434e-07
3870	5.46745e-07
3871	5.16077e-07
3872	5.27162e-07
3873	5.10462e-07
3874	5.26325e-07
3875	5.64329e-07
3876	5.22235e-07
3877	5.37085e-07
3878	5.34002e-07
3879	5.40658e-07
3880	5.79656e-07
3881	5.47821e-07
3882	5.51086e-07
3883	5.59907e-07
3884	5.5096e-07
3885	5.8716e-07
3886	5.73814e-07
3887	5.61255e-07
3888	5.74506e-07
3889	5.52704e-07
3890	5.85372e-07
3891	5.86601e-07
3892	5.60536e-07
3893	5.78388e-07
3894	5.48599e-07
3895	5.79153e-07
3896	5.89316e-07
3897	5.64796e-07
3898	5.79431e-07
3899	5.47909e-07
3900	5.65907e-07
3901	5.92565e-07
3902	5.70803e-07
3903	5.77342e-07
3904	5.51127e-07
3905	5.70467e-07
3906	6.01677e-07
3907	5.64278e-07
3908	5.74476e-07
3909	5.59815e-07
3910	5.70044e-07
3911	6.02725e-07
3912	5.60104e-07
3913	5.61437e-07
3914	5.57645e-07
3915	5.55154e-07
3916	5.83759e-07
3917	5.53379e-07
3918	5.40555e-07
3919	5.49667e-07
3920	5.28832e-07
3921	5.58181e-07
3922	5.45789e-07
3923	5.18979e-07
3924	5.3768e-07
3925	5.03118e-07
3926	5.32249e-07
3927	5.36302e-07
3928	5.03027e-07
3929	5.26009e-07
3930	4.88993e-07
3931	5.14954e-07
3932	5.30247e-07
3933	5.00124e-07
3934	5.20953e-07
3935	4.85244e-07
3936	5.06092e-07
3937	5.34755e-07
3938	5.07025e-07
3939	5.19944e-07
3940	4.94835e-07
3941	5.12558e-07
3942	5.49363e-07
3943	5.15751e-07
3944	5.20758e-07
3945	5.13694e-07
3946	5.23801e-07
3947	5.57877e-07
3948	5.25879e-07
3949	5.22168e-07
3950	5.37546e-07
3951	5.2593e-07
3952	5.5597e-07
3953	5.3506e-07
3954	5.17476e-07
3955	5.45462e-07
3956	5.13983e-07
3957	5.43456e-07
3958	5.44326e-07
3959	5.05756e-07
3960	5.37971e-07
3961	4.95649e-07
3962	5.20115e-07
3963	5.33689e-07
3964	4.91351e-07
3965	5.16642e-07
3966	4.75334e-07
3967	4.97976e-07
3968	5.20014e-07
3969	4.8362e-07
3970	4.9562e-07
3971	4.63974e-07
3972	4.77936e-07
3973	5.12578e-07
3974	4.89329e-07
3975	4.88271e-07
3976	4.77111e-07
3977	4.81406e-07
3978	5.24686e-07
3979	5.0218e-07
3980	4.94601e-07
3981	5.11268e-07
3982	5.00284e-07
3983	5.42038e-07
3984	5.21096e-07
3985	5.05842e-07
3986	5.361e-07
3987	5.11781e-07
3988	5.45601e-07
3989	5.35688e-07
3990	5.09023e-07
3991	5.40892e-07
3992	5.05657e-07
3993	5.37287e-07
3994	5.44438e-07
3995	5.06473e-07
3996	5.32187e-07
3997	4.92374e-07
3998	5.1814e-07
3999	5.37887e-07
4000	5.0029e-07
4001	5.12571e-07
4002	4.86245e-07
4003	5.00224e-07
4004	5.28271e-07
4005	5.00394e-07
4006	4.99785e-07
4007	4.95061e-07
4008	4.87598e-07
4009	5.22067e-07
4010	5.08551e-07
4011	4.95661e-07
4012	5.02653e-07
4013	4.86345e-07
4014	5.28138e-07
4015	5.18991e-07
4016	4.99205e-07
4017	5.13965e-07
4018	4.92217e-07
4019	5.31875e-07
4020	5.18246e-07
4021	4.98692e-07
4022	5.16452e-07
4023	4.94901e-07
4024	5.28626e-07
4025	5.22293e-07
4026	5.07445e-07
4027	5.23459e-07
4028	5.09566e-07
4029	5.36115e-07
4030	5.41764e-07
4031	5.17981e-07
4032	5.34176e-07
4033	5.1883e-07
4034	5.35292e-07
4035	5.52575e-07
4036	5.21323e-07
4037	5.33585e-07
4038	5.19203e-07
4039	5.22493e-07
4040	5.43909e-07
4041	5.16522e-07
4042	5.1955e-07
4043	5.08478e-07
4044	5.00768e-07
4045	5.29183e-07
4046	5.11681e-07
4047	5.04007e-07
4048	4.9524e-07
4049	4.78969e-07
4050	5.07388e-07
4051	5.03018e-07
4052	4.92303e-07
4053	4.8553e-07
4054	4.76358e-07
4055	5.07175e-07
4056	5.0463e-07
4057	4.89483e-07
4058	4.85709e-07
4059	4.84985e-07
4060	5.059e-07
4061	5.01007e-07
4062	4.8915e-07
4063	4.88515e-07
4064	4.90288e-07
4065	5.00838e-07
4066	4.987e-07
4067	4.84072e-07
4068	4.8968e-07
4069	4.85861e-07
4070	4.88902e-07
4071	4.9852e-07
4072	4.79737e-07
4073	4.96001e-07
4074	4.8245e-07
4075	4.85063e-07
4076	5.06643e-07
4077	4.85882e-07
4078	5.09682e-07
4079	4.85007e-07
4080	4.95272e-07
4081	5.20226e-07
4082	4.97581e-07
4083	5.16942e-07
4084	4.87864e-07
4085	5.04544e-07
4086	5.2107e-07
4087	4.99981e-07
4088	5.1173e-07
4089	4.86748e-07
4090	5.01581e-07
4091	5.08224e-07
4092	4.95954e-07
4093	5.00525e-07
4094	4.85329e-07
4095	4.95762e-07
4096	4.94344e-07
4097	4.95377e-07
4098	4.92339e-07
4099	4.85055e-07
4100	4.79481e-07
4101	4.90858e-07
4102	5.00062e-07
4103	4.9181e-07
4104	4.95807e-07
4105	4.73247e-07
4106	5.01327e-07
4107	4.95852e-07
4108	4.87194e-07
4109	4.97962e-07
4110	4.68971e-07
4111	5.07215e-07
4112	4.90074e-07
4113	4.80725e-07
4114	5.02491e-07
4115	4.67417e-07
4116	5.0168e-07
4117	4.8937e-07
4118	4.72126e-07
4119	5.01841e-07
4120	4.65347e-07
4121	4.91874e-07
4122	4.91488e-07
4123	4.70378e-07
4124	5.0401e-07
4125	4.79576e-07
4126	4.93987e-07
4127	5.06047e-07
4128	4.8231e-07
4129	5.1565e-07
4130	4.9991e-07
4131	5.02287e-07
4132	5.25418e-07
4133	4.94456e-07
4134	5.2141e-07
4135	5.12123e-07
4136	5.02075e-07
4137	5.27843e-07
4138	4.98187e-07
4139	5.18162e-07
4140	5.15053e-07
4141	5.07949e-07
4142	5.25714e-07
4143	5.05844e-07
4144	5.24583e-07
4145	5.17782e-07
4146	5.20774e-07
4147	5.24775e-07
4148	5.13358e-07
4149	5.31979e-07
4150	5.16749e-07
4151	5.30429e-07
4152	5.29821e-07
4153	5.24726e-07
4154	5.36155e-07
4155	5.14839e-07
4156	5.37247e-07
4157	5.32458e-07
4158	5.27256e-07
4159	5.30152e-07
4160	5.05944e-07
4161	5.30578e-07
4162	5.32326e-07
4163	5.18914e-07
4164	5.17907e-07
4165	5.00704e-07
4166	5.20992e-07
4167	5.28632e-07
4168	5.01574e-07
4169	5.06128e-07
4170	5.01289e-07
4171	5.09414e-07
4172	5.28568e-07
4173	5.01006e-07
4174	5.0221e-07
4175	5.07028e-07
4176	5.06107e-07
4177	5.34534e-07
4178	5.09439e-07
4179	5.07349e-07
4180	5.15771e-07
4181	5.02643e-07
4182	5.36117e-07
4183	5.09573e-07
4184	5.07293e-07
4185	5.13564e-07
4186	4.95301e-07
4187	5.26725e-07
4188	5.08035e-07
4189	5.00901e-07
4190	5.13785e-07
4191	4.8974e-07
4192	5.20959e-07
4193	5.12045e-07
4194	4.94611e-07
4195	5.11331e-07
4196	4.81631e-07
4197	5.11426e-07
4198	5.18776e-07
4199	4.9182e-07
4200	5.15225e-07
4201	4.81606e-07
4202	5.07351e-07
4203	5.27835e-07
4204	4.92552e-07
4205	5.16374e-07
4206	4.79681e-07
4207	4.92756e-07
4208	5.30397e-07
4209	4.90381e-07
4210	5.0724e-07
4211	4.82084e-07
4212	4.96533e-07
4213	5.33626e-07
4214	4.87789e-07
4215	4.9932e-07
4216	4.87893e-07
4217	4.96823e-07
4218	5.31103e-07
4219	4.95233e-07
4220	4.99485e-07
4221	5.01219e-07
4222	5.06065e-07
4223	5.32038e-07
4224	5.12663e-07
4225	5.0441e-07
4226	5.19232e-07
4227	5.01164e-07
4228	5.29824e-07
4229	5.27819e-07
4230	5.03669e-07
4231	5.28595e-07
4232	4.90653e-07
4233	5.20249e-07
4234	5.32927e-07
4235	4.98223e-07
4236	5.27365e-07
4237	4.83017e-07
4238	5.10952e-07
4239	5.34766e-07
4240	4.96467e-07
4241	5.18889e-07
4242	4.81082e-07
4243	4.98009e-07
4244	5.34434e-07
4245	5.0343e-07
4246	5.10701e-07
4247	4.8845e-07
4248	5.05009e-07
4249	5.40686e-07
4250	5.06427e-07
4251	5.04869e-07
4252	5.07675e-07
4253	5.06406e-07
4254	5.4008e-07
4255	5.11254e-07
4256	5.03375e-07
4257	5.26099e-07
4258	5.0602e-07
4259	5.34771e-07
4260	5.26367e-07
4261	5.01539e-07
4262	5.35489e-07
4263	4.97622e-07
4264	5.28545e-07
4265	5.38947e-07
4266	5.00856e-07
4267	5.32541e-07
4268	4.90358e-07
4269	5.21444e-07
4270	5.40695e-07
4271	5.05459e-07
4272	5.27921e-07
4273	4.93795e-07
4274	5.20246e-07
4275	5.4888e-07
4276	5.21208e-07
4277	5.30329e-07
4278	5.09198e-07
4279	5.15389e-07
4280	5.55253e-07
4281	5.35195e-07
4282	5.26367e-07
4283	5.29952e-07
4284	5.20965e-07
4285	5.62224e-07
4286	5.40362e-07
4287	5.25832e-07
4288	5.45191e-07
4289	5.24556e-07
4290	5.60471e-07
4291	5.414e-07
4292	5.21315e-07
4293	5.48148e-07
4294	5.18193e-07
4295	5.51037e-07
4296	5.43301e-07
4297	5.1436e-07
4298	5.43003e-07
4299	5.05729e-07
4300	5.34206e-07
4301	5.45003e-07
4302	5.08545e-07
4303	5.2668e-07
4304	4.92825e-07
4305	5.11387e-07
4306	5.33412e-07
4307	4.98934e-07
4308	5.07941e-07
4309	4.92766e-07
4310	4.93876e-07
4311	5.17175e-07
4312	4.9324e-07
4313	4.90169e-07
4314	4.87606e-07
4315	4.7916e-07
4316	5.09609e-07
4317	5.01346e-07
4318	4.90729e-07
4319	4.96066e-07
4320	4.81059e-07
4321	5.25411e-07
4322	5.20223e-07
4323	5.0326e-07
4324	5.14927e-07
4325	4.96361e-07
4326	5.35633e-07
4327	5.27082e-07
4328	5.14248e-07
4329	5.21676e-07
4330	5.11037e-07
4331	5.38048e-07
4332	5.32926e-07
4333	5.19958e-07
4334	5.2717e-07
4335	5.22483e-07
4336	5.40542e-07
4337	5.42101e-07
4338	5.21348e-07
4339	5.3578e-07
4340	5.19161e-07
4341	5.31371e-07
4342	5.47566e-07
4343	5.17438e-07
4344	5.35785e-07
4345	5.20321e-07
4346	5.18855e-07
4347	5.47182e-07
4348	5.1816e-07
4349	5.29768e-07
4350	5.11199e-07
4351	5.02665e-07
4352	5.29601e-07
4353	5.07955e-07
4354	5.09665e-07
4355	4.89565e-07
4356	4.87904e-07
4357	5.073e-07
4358	4.96999e-07
4359	4.91136e-07
4360	4.75432e-07
4361	4.77806e-07
4362	4.94539e-07
4363	4.97069e-07
4364	4.88435e-07
4365	4.83828e-07
4366	4.8578e-07
4367	5.0568e-07
4368	5.0973e-07
4369	5.00038e-07
4370	5.04141e-07
4371	5.05814e-07
4372	5.15675e-07
4373	5.28094e-07
4374	5.18926e-07
4375	5.2681e-07
4376	5.20997e-07
4377	5.29198e-07
4378	5.43749e-07
4379	5.30933e-07
4380	5.49567e-07
4381	5.27395e-07
4382	5.45548e-07
4383	5.56694e-07
4384	5.37347e-07
4385	5.64942e-07
4386	5.31387e-07
4387	5.53655e-07
4388	5.64131e-07
4389	5.36465e-07
4390	5.61329e-07
4391	5.28676e-07
4392	5.48279e-07
4393	5.56614e-07
4394	5.31014e-07
4395	5.5211e-07
4396	5.25661e-07
4397	5.38474e-07
4398	5.40729e-07
4399	5.21031e-07
4400	5.38863e-07
4401	5.2114e-07
4402	5.18452e-07
4403	5.23159e-07
4404	5.09914e-07
4405	5.19521e-07
4406	5.10986e-07
4407	4.93549e-07
4408	5.10288e-07
4409	4.89672e-07
4410	4.98142e-07
4411	4.97879e-07
4412	4.7237e-07
4413	5.01835e-07
4414	4.78152e-07
4415	4.81349e-07
4416	4.89694e-07
4417	4.62844e-07
4418	4.97845e-07
4419	4.83109e-07
4420	4.78976e-07
4421	4.92825e-07
4422	4.7155e-07
4423	5.01905e-07
4424	4.94566e-07
4425	4.79934e-07
4426	4.99897e-07
4427	4.85954e-07
4428	4.99618e-07
4429	4.9415e-07
4430	4.80354e-07
4431	5.01803e-07
4432	4.95062e-07
4433	4.96575e-07
4434	4.96209e-07
4435	4.82435e-07
4436	4.949e-07
4437	4.92722e-07
4438	4.92723e-07
4439	4.93972e-07
4440	4.78722e-07
4441	4.92266e-07
4442	4.88105e-07
4443	4.97469e-07
4444	4.94711e-07
4445	4.78512e-07
4446	4.93523e-07
4447	4.77994e-07
4448	4.96018e-07
4449	4.88342e-07
4450	4.72668e-07
4451	4.8838e-07
4452	4.65744e-07
4453	4.93259e-07
4454	4.78977e-07
4455	4.67026e-07
4456	4.82923e-07
4457	4.52215e-07
4458	4.85683e-07
4459	4.71497e-07
4460	4.62361e-07
4461	4.79879e-07
4462	4.47942e-07
4463	4.84008e-07
4464	4.79567e-07
4465	4.65837e-07
4466	4.87375e-07
4467	4.57346e-07
4468	4.9082e-07
4469	5.00692e-07
4470	4.82128e-07
4471	4.98168e-07
4472	4.73448e-07
4473	4.97376e-07
4474	5.26353e-07
4475	4.97169e-07
4476	5.08074e-07
4477	4.96266e-07
4478	5.11059e-07
4479	5.51641e-07
4480	5.06841e-07
4481	5.22854e-07
4482	5.10162e-07
4483	5.14353e-07
4484	5.51419e-07
4485	5.08568e-07
4486	5.1645e-07
4487	5.0849e-07
4488	5.06189e-07
4489	5.34988e-07
4490	5.03833e-07
4491	4.9903e-07
4492	5.05974e-07
4493	4.88452e-07
4494	5.1873e-07
4495	5.03543e-07
4496	4.85759e-07
4497	4.99191e-07
4498	4.68335e-07
4499	5.02339e-07
4500	5.03465e-07
4501	4.78275e-07
4502	4.97505e-07
4503	4.61378e-07
4504	4.89872e-07
4505	5.05988e-07
4506	4.77668e-07
4507	4.99244e-07
4508	4.61938e-07
4509	4.80343e-07
4510	5.18204e-07
4511	4.84738e-07
4512	5.06782e-07
4513	4.8112e-07
4514	5.028e-07
4515	5.45272e-07
4516	5.00307e-07
4517	5.18892e-07
4518	5.11341e-07
4519	5.24067e-07
4520	5.63292e-07
4521	5.2526e-07
4522	5.30371e-07
4523	5.33562e-07
4524	5.33964e-07
4525	5.62937e-07
4526	5.44717e-07
4527	5.32188e-07
4528	5.47415e-07
4529	5.2303e-07
4530	5.5374e-07
4531	5.50016e-07
4532	5.22124e-07
4533	5.43171e-07
4534	5.05296e-07
4535	5.32751e-07
4536	5.41105e-07
4537	5.07954e-07
4538	5.30747e-07
4539	4.90408e-07
4540	5.12123e-07
4541	5.33688e-07
4542	5.02443e-07
4543	5.20603e-07
4544	4.83032e-07
4545	4.98912e-07
4546	5.35123e-07
4547	5.01442e-07
4548	5.10669e-07
4549	4.91383e-07
4550	5.05242e-07
4551	5.41254e-07
4552	4.99776e-07
4553	5.00825e-07
4554	5.0174e-07
4555	5.02785e-07
4556	5.36508e-07
4557	5.07722e-07
4558	4.98883e-07
4559	5.1896e-07
4560	4.99304e-07
4561	5.33248e-07
4562	5.26471e-07
4563	5.01257e-07
4564	5.29987e-07
4565	4.96446e-07
4566	5.26053e-07
4567	5.3607e-07
4568	5.0161e-07
4569	5.32363e-07
4570	4.93829e-07
4571	5.19313e-07
4572	5.3876e-07
4573	5.04117e-07
4574	5.25187e-07
4575	4.89777e-07
4576	5.0933e-07
4577	5.42135e-07
4578	5.14834e-07
4579	5.22338e-07
4580	5.01999e-07
4581	5.15371e-07
4582	5.54721e-07
4583	5.25806e-07
4584	5.21783e-07
4585	5.22721e-07
4586	5.25037e-07
4587	5.62711e-07
4588	5.33684e-07
4589	5.22462e-07
4590	5.48311e-07
4591	5.27958e-07
4592	5.6147e-07
4593	5.4656e-07
4594	5.21781e-07
4595	5.53326e-07
4596	5.20509e-07
4597	5.4876e-07
4598	5.55443e-07
4599	5.16701e-07
4600	5.46213e-07
4601	5.07164e-07
4602	5.29613e-07
4603	5.43029e-07
4604	5.033e-07
4605	5.22199e-07
4606	4.86738e-07
4607	5.06766e-07
4608	5.31771e-07
4609	5.03795e-07
4610	5.11418e-07
4611	4.90665e-07
4612	4.98656e-07
4613	5.44851e-07
4614	5.28383e-07
4615	5.22995e-07
4616	5.27441e-07
4617	5.22669e-07
4618	5.69341e-07
4619	5.49944e-07
4620	5.36776e-07
4621	5.58644e-07
4622	5.42147e-07
4623	5.8202e-07
4624	5.65077e-07
4625	5.48467e-07
4626	5.80759e-07
4627	5.57036e-07
4628	5.8832e-07
4629	5.83849e-07
4630	5.58373e-07
4631	5.89489e-07
4632	5.54423e-07
4633	5.83568e-07
4634	5.95686e-07
4635	5.60601e-07
4636	5.82432e-07
4637	5.48235e-07
4638	5.72265e-07
4639	5.9213e-07
4640	5.58314e-07
4641	5.69533e-07
4642	5.50748e-07
4643	5.57353e-07
4644	5.8482e-07
4645	5.60098e-07
4646	5.54971e-07
4647	5.52885e-07
4648	5.40854e-07
4649	5.74069e-07
4650	5.63026e-07
4651	5.48695e-07
4652	5.54037e-07
4653	5.34266e-07
4654	5.71754e-07
4655	5.62092e-07
4656	5.40894e-07
4657	5.51522e-07
4658	5.27977e-07
4659	5.65991e-07
4660	5.54077e-07
4661	5.36852e-07
4662	5.49298e-07
4663	5.29515e-07
4664	5.594e-07
4665	5.53614e-07
4666	5.38441e-07
4667	5.50462e-07
4668	5.35507e-07
4669	5.56462e-07
4670	5.59001e-07
4671	5.33461e-07
4672	5.48975e-07
4673	5.29688e-07
4674	5.44226e-07
4675	5.61052e-07
4676	5.27503e-07
4677	5.42135e-07
4678	5.21936e-07
4679	5.23441e-07
4680	5.46989e-07
4681	5.12579e-07
4682	5.19551e-07
4683	5.03279e-07
4684	4.94821e-07
4685	5.22232e-07
4686	4.99775e-07
4687	5.02886e-07
4688	4.86275e-07
4689	4.79614e-07
4690	5.02158e-07
4691	4.90378e-07
4692	4.84847e-07
4693	4.71096e-07
4694	4.66375e-07
4695	4.87317e-07
4696	4.87578e-07
4697	4.76142e-07
4698	4.72206e-07
4699	4.67575e-07
4700	4.88819e-07
4701	4.88259e-07
4702	4.71884e-07
4703	4.75429e-07
4704	4.66293e-07
4705	4.82146e-07
4706	4.87604e-07
4707	4.70841e-07
4708	4.81114e-07
4709	4.71876e-07
4710	4.80531e-07
4711	4.96954e-07
4712	4.7638e-07
4713	4.96586e-07
4714	4.77294e-07
4715	4.87908e-07
4716	5.04624e-07
4717	4.80843e-07
4718	5.06823e-07
4719	4.7716e-07
4720	4.93009e-07
4721	5.07484e-07
4722	4.79486e-07
4723	5.05839e-07
4724	4.74372e-07
4725	4.88441e-07
4726	4.99504e-07
4727	4.73011e-07
4728	4.91665e-07
4729	4.66456e-07
4730	4.73404e-07
4731	4.80476e-07
4732	4.62939e-07
4733	4.78163e-07
4734	4.62186e-07
4735	4.59662e-07
4736	4.65779e-07
4737	4.56921e-07
4738	4.66424e-07
4739	4.59374e-07
4740	4.43066e-07
4741	4.56361e-07
4742	4.4733e-07
4743	4.5304e-07
4744	4.55657e-07
4745	4.28524e-07
4746	4.54966e-07
4747	4.41729e-07
4748	4.38934e-07
4749	4.47747e-07
4750	4.15099e-07
4751	4.53594e-07
4752	4.44071e-07
4753	4.33161e-07
4754	4.53489e-07
4755	4.19432e-07
4756	4.59155e-07
4757	4.55104e-07
4758	4.38542e-07
4759	4.68437e-07
4760	4.44663e-07
4761	4.7012e-07
4762	4.7128e-07
4763	4.53073e-07
4764	4.84127e-07
4765	4.68814e-07
4766	4.81881e-07
4767	4.90665e-07
4768	4.70663e-07
4769	4.92613e-07
4770	4.88497e-07
4771	4.90876e-07
4772	5.01136e-07
4773	4.79116e-07
4774	4.94759e-07
4775	4.91412e-07
4776	4.95482e-07
4777	5.01399e-07
4778	4.81487e-07
4779	5.00925e-07
4780	4.87206e-07
4781	5.02114e-07
4782	4.99956e-07
4783	4.83401e-07
4784	5.04483e-07
4785	4.79615e-07
4786	5.02492e-07
4787	4.94326e-07
4788	4.79875e-07
4789	5.01911e-07
4790	4.66568e-07
4791	5.04192e-07
4792	4.90439e-07
4793	4.78697e-07
4794	4.98141e-07
4795	4.55291e-07
4796	4.95977e-07
4797	4.88127e-07
4798	4.73668e-07
4799	4.88081e-07
4800	4.5352e-07
4801	4.84145e-07
4802	4.94376e-07
4803	4.76635e-07
4804	4.88887e-07
4805	4.67984e-07
4806	4.94919e-07
4807	5.18655e-07
4808	4.8937e-07
4809	5.00074e-07
4810	4.91861e-07
4811	5.08053e-07
4812	5.42823e-07
4813	5.05525e-07
4814	5.18016e-07
4815	5.1315e-07
4816	5.17001e-07
4817	5.5234e-07
4818	5.11832e-07
4819	5.20702e-07
4820	5.17722e-07
4821	5.12516e-07
4822	5.45282e-07
4823	5.12963e-07
4824	5.13667e-07
4825	5.17694e-07
4826	4.98233e-07
4827	5.32313e-07
4828	5.09766e-07
4829	5.00964e-07
4830	5.1467e-07
4831	4.8548e-07
4832	5.23448e-07
4833	5.14897e-07
4834	4.9857e-07
4835	5.14268e-07
4836	4.84176e-07
4837	5.13634e-07
4838	5.21391e-07
4839	5.02084e-07
4840	5.16351e-07
4841	4.87374e-07
4842	5.0757e-07
4843	5.39167e-07
4844	5.09511e-07
4845	5.23038e-07
4846	5.01626e-07
4847	5.1893e-07
4848	5.57102e-07
4849	5.0847e-07
4850	5.27473e-07
4851	5.14125e-07
4852	5.2149e-07
4853	5.60029e-07
4854	5.14974e-07
4855	5.25306e-07
4856	5.25491e-07
4857	5.22205e-07
4858	5.55676e-07
4859	5.31447e-07
4860	5.27147e-07
4861	5.36725e-07
4862	5.16323e-07
4863	5.52318e-07
4864	5.43811e-07
4865	5.23404e-07
4866	5.39238e-07
4867	5.10888e-07
4868	5.43638e-07
4869	5.49808e-07
4870	5.26326e-07
4871	5.4448e-07
4872	5.14105e-07
4873	5.3929e-07
4874	5.59484e-07
4875	5.38882e-07
4876	5.54405e-07
4877	5.23192e-07
4878	5.43713e-07
4879	5.79571e-07
4880	5.51182e-07
4881	5.66239e-07
4882	5.45538e-07
4883	5.63756e-07
4884	6.01489e-07
4885	5.54411e-07
4886	5.6795e-07
4887	5.62836e-07
4888	5.68868e-07
4889	6.02046e-07
4890	5.67243e-07
4891	5.66003e-07
4892	5.71863e-07
4893	5.63515e-07
4894	5.91824e-07
4895	5.74631e-07
4896	5.57015e-07
4897	5.71535e-07
4898	5.45894e-07
4899	5.77625e-07
4900	5.75973e-07
4901	5.46875e-07
4902	5.66389e-07
4903	5.30869e-07
4904	5.59446e-07
4905	5.71327e-07
4906	5.40463e-07
4907	5.60626e-07
4908	5.23765e-07
4909	5.45324e-07
4910	5.66871e-07
4911	5.38316e-07
4912	5.53817e-07
4913	5.19303e-07
4914	5.36068e-07
4915	5.71442e-07
4916	5.39304e-07
4917	5.48423e-07
4918	5.30744e-07
4919	5.45752e-07
4920	5.80132e-07
4921	5.39241e-07
4922	5.3997e-07
4923	5.41904e-07
4924	5.41578e-07
4925	5.72095e-07
4926	5.40448e-07
4927	5.30657e-07
4928	5.4922e-07
4929	5.28365e-07
4930	5.58458e-07
4931	5.47871e-07
4932	5.18394e-07
4933	5.46023e-07
4934	5.06427e-07
4935	5.32465e-07
4936	5.38513e-07
4937	4.98457e-07
4938	5.28963e-07
4939	4.84785e-07
4940	5.09205e-07
4941	5.24965e-07
4942	4.83388e-07
4943	5.06477e-07
4944	4.65236e-07
4945	4.86314e-07
4946	5.12074e-07
4947	4.82042e-07
4948	4.92861e-07
4949	4.65798e-07
4950	4.78936e-07
4951	5.18161e-07
4952	4.98253e-07
4953	4.97956e-07
4954	4.95632e-07
4955	5.00588e-07
4956	5.40114e-07
4957	5.14396e-07
4958	5.04759e-07
4959	5.27517e-07
4960	5.1273e-07
4961	5.48952e-07
4962	5.27645e-07
4963	5.11226e-07
4964	5.43101e-07
4965	5.14551e-07
4966	5.45762e-07
4967	5.41689e-07
4968	5.09306e-07
4969	5.40896e-07
4970	5.02411e-07
4971	5.31125e-07
4972	5.45932e-07
4973	5.0389e-07
4974	5.25946e-07
4975	4.85649e-07
4976	5.11009e-07
4977	5.34563e-07
4978	4.99074e-07
4979	5.08786e-07
4980	4.85586e-07
4981	4.91975e-07
4982	5.21149e-07
4983	4.94645e-07
4984	4.8915e-07
4985	4.86746e-07
4986	4.74491e-07
4987	5.15039e-07
4988	5.02415e-07
4989	4.86194e-07
4990	4.95768e-07
4991	4.77067e-07
4992	5.16652e-07
4993	5.0397e-07
4994	4.83611e-07
4995	4.98687e-07
4996	4.75103e-07
4997	5.15337e-07
4998	5.02403e-07
4999	4.84616e-07
5000	5.03678e-07
