11	0.624448
12	0.692137
13	0.770495
14	0.861324
15	0.96729
16	1.09055
17	1.23225
18	1.39297
19	1.57061
20	1.76264
21	1.96747
22	2.18287
23	2.40657
24	2.63641
25	2.8707
26	3.10931
27	3.35247
28	3.59951
29	3.85162
30	4.10771
31	4.3696
32	4.63566
33	4.90631
34	5.18271
35	5.46409
36	5.71123
37	5.96235
38	6.21809
39	6.47792
40	6.74053
41	7.00424
42	7.26844
43	7.53291
44	7.7968
45	8.06036
46	8.32344
47	8.58517
48	8.84519
49	9.1035
50	9.36028
51	9.61548
52	9.86841
53	10.1201
54	10.3703
55	10.6179
56	10.8642
57	11.1086
58	11.3967
59	11.6817
60	11.9625
61	12.2416
62	12.516
63	12.7882
64	13.0561
65	13.3205
66	13.5818
67	13.8395
68	14.0941
69	14.3472
70	14.5972
71	14.8457
72	15.0916
73	15.3354
74	15.5783
75	15.8192
76	16.0588
77	16.2966
78	16.5325
79	16.7656
80	16.9967
81	17.2248
82	17.4515
83	17.6746
84	17.8956
85	18.1132
86	18.3276
87	18.5388
88	18.7468
89	18.9511
90	19.1529
91	19.3492
92	19.5421
94	19.913
95	20.091
97	20.4315
98	20.5947
99	20.7523
100	20.9068
101	21.0569
103	21.3493
104	21.4904
105	21.6292
106	21.765
107	21.8976
108	22.0286
109	22.1564
110	22.2831
111	22.4066
112	22.5284
113	22.6471
114	22.7644
115	22.8797
116	22.9928
117	23.104
118	23.2141
119	23.322
120	23.428
121	23.5325
122	23.6352
124	23.8341
125	23.9307
126	24.0247
127	24.117
128	24.2066
129	24.294
130	24.3787
131	24.4618
132	24.5429
133	24.6213
134	24.6985
135	24.7735
136	24.8466
137	24.9171
139	25.0527
140	25.1174
141	25.1803
142	25.2412
143	25.2996
144	25.357
145	25.4127
146	25.4668
147	25.5197
148	25.5715
149	25.6219
150	25.6707
151	25.7191
152	25.766
154	25.8566
155	25.9007
156	25.9437
157	25.9856
158	26.0272
159	26.0681
160	26.1079
161	26.1474
162	26.1858
163	26.2245
164	26.2622
165	26.2993
166	26.3358
167	26.3719
168	26.4072
169	26.4422
170	26.4765
171	26.5106
172	26.5442
173	26.5774
174	26.6099
175	26.6423
176	26.6747
178	26.7369
179	26.7682
180	26.7982
181	26.8287
182	26.8582
183	26.888
184	26.917
185	26.9463
186	26.975
187	27.0035
188	27.0311
189	27.058
190	27.0856
191	27.1121
192	27.1381
193	27.1639
194	27.1882
195	27.2127
196	27.2364
197	27.259
198	27.2808
199	27.3024
200	27.3232
202	27.3628
203	27.3816
204	27.3997
205	27.4181
206	27.4354
207	27.4523
208	27.4689
209	27.485
210	27.5005
211	27.5157
212	27.5304
214	27.5586
215	27.5722
216	27.585
217	27.5982
218	27.6106
219	27.6237
220	27.6361
221	27.6483
222	27.6603
223	27.6728
224	27.6834
225	27.6953
226	27.7069
227	27.7179
228	27.729
229	27.7408
230	27.7517
231	27.7626
232	27.7739
233	27.7845
234	27.795
235	27.8061
236	27.8167
238	27.838
239	27.8485
240	27.8586
241	27.8692
242	27.8786
243	27.8892
244	27.8985
245	27.9078
246	27.917
247	27.9261
248	27.9348
250	27.951
251	27.9586
252	27.9659
253	27.9728
254	27.979
255	27.9857
256	27.9917
257	27.9969
258	28.0021
259	28.008
260	28.0128
262	28.0217
263	28.0264
264	28.0301
265	28.0346
266	28.0382
267	28.0419
268	28.0464
269	28.0502
270	28.0542
271	28.0584
272	28.0617
274	28.0692
275	28.0729
276	28.0767
277	28.0806
278	28.084
279	28.0879
280	28.0914
281	28.0951
282	28.0987
283	28.1024
284	28.1056
285	28.1093
286	28.1131
287	28.1162
288	28.1195
289	28.1229
290	28.1258
291	28.1291
292	28.1321
293	28.1349
294	28.138
295	28.141
296	28.1434
298	28.1484
299	28.151
300	28.1526
301	28.1546
302	28.1565
303	28.1584
304	28.1597
305	28.1615
306	28.1624
307	28.1639
308	28.1648
310	28.167
311	28.1681
312	28.1688
313	28.1696
314	28.1705
315	28.1721
316	28.1729
317	28.1739
318	28.1749
319	28.1758
320	28.1768
322	28.1788
323	28.1796
324	28.1802
325	28.1816
326	28.1824
327	28.1832
328	28.1841
329	28.1847
330	28.1857
331	28.1871
332	28.1878
334	28.189
335	28.1898
336	28.1904
337	28.1911
338	28.1916
339	28.1924
340	28.193
341	28.1939
342	28.1943
343	28.1949
344	28.1951
345	28.196
346	28.1964
347	28.1968
348	28.1974
349	28.1979
350	28.1981
351	28.1986
352	28.1989
353	28.1987
354	28.1987
355	28.1994
356	28.1989
358	28.1988
359	28.198
360	28.1978
361	28.198
362	28.1975
363	28.1971
364	28.1967
365	28.1966
366	28.1959
367	28.1956
368	28.1949
370	28.1938
371	28.1934
372	28.1928
373	28.1921
374	28.1916
375	28.1911
376	28.1911
377	28.1903
378	28.1898
379	28.1893
380	28.1889
382	28.1888
383	28.188
384	28.1875
385	28.188
386	28.1881
387	28.1879
388	28.1872
389	28.1874
390	28.1877
391	28.1877
392	28.1878
393	28.1881
394	28.1881
395	28.1883
396	28.189
397	28.1896
398	28.1899
399	28.1901
400	28.1903
401	28.1912
402	28.1911
403	28.1915
404	28.1914
405	28.1914
406	28.1917
407	28.1913
408	28.191
409	28.1914
410	28.1909
411	28.1907
412	28.1906
413	28.1897
414	28.1895
415	28.1889
416	28.1886
418	28.188
419	28.1871
420	28.1866
421	28.1862
422	28.186
423	28.1856
424	28.185
425	28.1847
426	28.1844
427	28.1842
428	28.1839
430	28.1839
431	28.1836
432	28.1838
433	28.1841
434	28.1841
435	28.1842
436	28.185
437	28.1852
438	28.186
439	28.1868
440	28.1867
442	28.189
443	28.1898
444	28.1901
445	28.1914
446	28.1919
447	28.1924
448	28.1934
449	28.1936
450	28.1943
451	28.1945
452	28.1945
454	28.1944
455	28.1938
456	28.1938
457	28.1936
458	28.1928
459	28.1923
460	28.192
461	28.191
462	28.1906
463	28.1899
464	28.1888
465	28.1882
466	28.1879
467	28.1866
468	28.1855
469	28.1849
470	28.1842
471	28.1831
472	28.1827
473	28.1822
474	28.1814
475	28.1812
476	28.1808
477	28.1801
478	28.1802
479	28.1794
480	28.1794
481	28.1799
482	28.1797
483	28.1797
484	28.18
485	28.1801
486	28.1804
487	28.1801
488	28.1807
489	28.1813
490	28.182
491	28.1821
492	28.183
493	28.183
494	28.1834
495	28.1841
496	28.1839
497	28.1838
498	28.1842
499	28.1841
500	28.1839
502	28.184
503	28.1832
504	28.1827
505	28.1827
506	28.1822
507	28.1816
508	28.1817
509	28.1814
510	28.1808
511	28.1807
512	28.1804
514	28.1795
515	28.1795
516	28.179
517	28.179
518	28.1792
519	28.1785
520	28.1792
521	28.1793
522	28.1795
523	28.1792
524	28.1792
525	28.1802
526	28.1803
527	28.1802
528	28.1809
529	28.1814
530	28.1818
531	28.1823
532	28.1833
533	28.1831
534	28.1836
535	28.1842
536	28.1843
538	28.1861
539	28.1861
540	28.1871
541	28.1879
542	28.1888
543	28.1889
544	28.1899
545	28.1905
546	28.1906
547	28.1913
548	28.1914
549	28.1916
550	28.1924
551	28.1924
552	28.1922
553	28.1923
554	28.1927
555	28.1928
556	28.1931
557	28.1932
558	28.1933
559	28.1929
560	28.193
562	28.1927
563	28.1928
564	28.1926
565	28.193
566	28.1925
567	28.1921
568	28.1922
569	28.1918
570	28.1914
571	28.1917
572	28.191
574	28.1902
575	28.1897
576	28.1897
577	28.19
578	28.1894
579	28.1893
580	28.1893
581	28.1892
582	28.1894
583	28.1895
584	28.1895
585	28.1898
586	28.1901
587	28.1904
588	28.1905
589	28.1907
590	28.1913
591	28.1915
592	28.192
593	28.1925
594	28.192
595	28.1929
596	28.1934
598	28.1931
599	28.1931
600	28.1932
601	28.1939
602	28.1934
603	28.1933
604	28.1929
605	28.1934
606	28.1931
607	28.1931
608	28.1926
609	28.1923
610	28.1927
611	28.192
612	28.1921
613	28.1915
614	28.1909
615	28.1904
616	28.1903
617	28.19
618	28.1899
619	28.19
620	28.1891
621	28.1896
622	28.1895
623	28.1892
624	28.1886
625	28.1892
626	28.1888
627	28.1889
628	28.1893
629	28.1894
630	28.1893
631	28.1898
632	28.1898
634	28.1899
635	28.1904
636	28.1904
637	28.1908
638	28.1913
639	28.1915
640	28.1915
641	28.1922
642	28.1923
643	28.1927
644	28.1924
645	28.1922
646	28.1925
647	28.1924
648	28.1916
649	28.1914
650	28.1908
651	28.1908
652	28.1903
653	28.1896
654	28.1887
655	28.1889
656	28.1879
658	28.1874
659	28.1863
660	28.1858
661	28.1856
662	28.185
663	28.1847
664	28.184
665	28.1837
666	28.1829
667	28.183
668	28.1828
670	28.1825
671	28.1822
672	28.1822
673	28.1823
674	28.182
675	28.1826
676	28.1829
677	28.1833
678	28.1834
679	28.1838
680	28.1843
681	28.1849
682	28.1857
683	28.1864
684	28.1866
685	28.1877
686	28.1884
687	28.1888
688	28.1898
689	28.1903
690	28.1904
691	28.1914
692	28.1912
694	28.1918
695	28.1919
696	28.1916
697	28.1914
698	28.1915
699	28.1908
700	28.1906
701	28.1903
702	28.1894
703	28.1891
704	28.1885
705	28.1879
706	28.1875
707	28.1865
708	28.186
709	28.1859
710	28.1852
711	28.1847
712	28.1843
713	28.1834
714	28.1829
715	28.183
716	28.1826
718	28.182
719	28.1818
720	28.1818
721	28.1816
722	28.1813
723	28.1814
724	28.1815
725	28.1816
726	28.1814
727	28.182
728	28.1815
730	28.182
731	28.1826
732	28.1823
733	28.1825
734	28.1828
735	28.1832
736	28.1834
737	28.1833
738	28.183
739	28.1833
740	28.1832
741	28.1829
742	28.1829
743	28.1825
744	28.182
745	28.182
746	28.1813
747	28.1811
748	28.1803
749	28.1799
750	28.1797
751	28.1797
752	28.1791
753	28.1785
754	28.1782
755	28.1781
756	28.178
757	28.1776
758	28.1771
759	28.1768
760	28.1771
761	28.1769
762	28.1762
763	28.1766
764	28.1759
765	28.1761
766	28.1761
767	28.1759
768	28.1757
769	28.1758
770	28.1761
771	28.1761
772	28.1766
773	28.1768
774	28.1768
775	28.1775
776	28.1776
778	28.1785
779	28.1785
780	28.1791
781	28.1805
782	28.1809
783	28.1812
784	28.1814
785	28.1821
786	28.1825
787	28.1832
788	28.1833
790	28.1838
791	28.1842
792	28.1844
793	28.1846
794	28.1838
795	28.1839
796	28.1844
797	28.1841
798	28.1841
799	28.1838
800	28.1831
802	28.1835
803	28.1833
804	28.1829
805	28.1831
806	28.1833
807	28.1833
808	28.1831
809	28.1831
810	28.1832
811	28.1838
812	28.1837
813	28.1834
814	28.1839
815	28.1841
816	28.1841
817	28.1852
818	28.185
819	28.1856
820	28.1857
821	28.1863
822	28.1869
823	28.187
824	28.1872
825	28.1878
826	28.1882
827	28.1888
828	28.1892
829	28.1897
830	28.19
831	28.1907
832	28.1909
833	28.1915
834	28.1916
835	28.1922
836	28.1923
838	28.1925
839	28.1921
840	28.1923
841	28.1924
842	28.192
843	28.1918
844	28.1917
845	28.1917
846	28.1911
847	28.191
848	28.1903
850	28.1897
851	28.1896
852	28.1892
853	28.189
854	28.1882
855	28.1881
856	28.1877
857	28.1876
858	28.1868
859	28.1869
860	28.1865
862	28.1868
863	28.1863
864	28.1859
865	28.1867
866	28.1866
867	28.1867
868	28.1872
869	28.187
870	28.1875
871	28.1883
872	28.1878
873	28.1885
874	28.1889
875	28.1894
876	28.19
877	28.1907
878	28.1915
879	28.1922
880	28.193
881	28.194
882	28.1946
883	28.1951
884	28.1955
885	28.1961
886	28.1961
887	28.196
888	28.1955
889	28.1958
890	28.1956
891	28.1952
892	28.1951
893	28.1942
894	28.1934
895	28.1932
896	28.1923
898	28.1911
899	28.1902
900	28.1891
901	28.1887
902	28.1881
903	28.1871
904	28.1865
905	28.1861
906	28.1852
907	28.1853
908	28.1846
910	28.1841
911	28.1836
912	28.1835
913	28.1835
914	28.1834
915	28.1838
916	28.1836
917	28.1838
918	28.1843
919	28.1847
920	28.1848
922	28.1862
923	28.1865
924	28.1869
925	28.1878
926	28.1884
927	28.1891
928	28.1894
929	28.1903
930	28.1909
931	28.1916
932	28.1917
934	28.1925
935	28.1926
936	28.1927
937	28.1927
938	28.1927
939	28.1924
940	28.1924
941	28.1924
942	28.1922
943	28.1923
944	28.1916
945	28.1918
946	28.1916
947	28.1909
948	28.1906
949	28.1905
950	28.1902
951	28.1896
952	28.1895
953	28.1889
954	28.1888
955	28.1887
956	28.1883
958	28.1877
959	28.1875
960	28.1873
961	28.1875
962	28.1869
963	28.1865
964	28.1865
965	28.1865
966	28.1864
967	28.1864
968	28.1859
970	28.1869
971	28.1865
972	28.1864
973	28.1864
974	28.1866
975	28.187
976	28.1872
977	28.1875
978	28.1874
979	28.1879
980	28.1879
982	28.1883
983	28.1878
984	28.1873
985	28.1878
986	28.1872
987	28.1867
988	28.1863
989	28.1859
990	28.1857
991	28.1855
992	28.1843
994	28.1835
995	28.1833
996	28.1829
997	28.1822
998	28.1816
999	28.1809
1000	28.1806
1001	28.1805
1002	28.1798
1003	28.1793
1004	28.1787
1005	28.1783
1006	28.1787
1007	28.1779
1008	28.1777
1009	28.1776
1010	28.1772
1011	28.1773
1012	28.1774
1013	28.1773
1014	28.1772
1015	28.1773
1016	28.1775
1017	28.1778
1018	28.1776
1019	28.1778
1020	28.1783
1021	28.1788
1022	28.1793
1023	28.179
1024	28.1799
1025	28.1805
1026	28.1807
1027	28.1814
1028	28.1816
1030	28.1829
1031	28.1829
1032	28.1831
1033	28.1833
1034	28.1832
1035	28.1835
1036	28.1834
1037	28.1832
1038	28.1828
1039	28.1828
1040	28.1828
1042	28.1826
1043	28.1819
1044	28.1818
1045	28.1817
1046	28.1814
1047	28.1811
1048	28.1809
1049	28.1807
1050	28.1804
1051	28.1803
1052	28.1801
1054	28.1797
1055	28.1794
1056	28.1791
1057	28.1797
1058	28.1796
1059	28.1796
1060	28.1801
1061	28.1803
1062	28.1806
1063	28.181
1064	28.181
1065	28.1816
1066	28.1824
1067	28.1827
1068	28.1832
1069	28.184
1070	28.1847
1071	28.1856
1072	28.1866
1073	28.1877
1074	28.1877
1075	28.1895
1076	28.1902
1077	28.1906
1078	28.1918
1079	28.1921
1080	28.1927
1081	28.1934
1082	28.1933
1083	28.194
1084	28.1934
1085	28.1937
1086	28.1935
1087	28.1929
1088	28.1927
1090	28.1927
1091	28.1918
1092	28.1915
1093	28.1912
1094	28.1902
1095	28.1899
1096	28.1892
1097	28.1884
1098	28.1879
1099	28.1878
1100	28.1869
1102	28.1862
1103	28.1856
1104	28.1853
1105	28.1856
1106	28.1851
1107	28.1848
1108	28.1849
1109	28.1852
1110	28.1853
1111	28.1856
1112	28.1857
1114	28.1866
1115	28.1872
1116	28.1875
1117	28.1885
1118	28.1892
1119	28.1899
1120	28.1907
1121	28.1917
1122	28.1923
1123	28.1932
1124	28.1937
1125	28.1946
1126	28.1949
1127	28.1951
1128	28.1953
1129	28.1961
1130	28.196
1131	28.1958
1132	28.1959
1133	28.1952
1134	28.195
1135	28.195
1136	28.1942
1138	28.1934
1139	28.1927
1140	28.1921
1141	28.1918
1142	28.1911
1143	28.1901
1144	28.1894
1145	28.1891
1146	28.1881
1147	28.1876
1148	28.1868
1149	28.1862
1150	28.1861
1151	28.1858
1152	28.185
1153	28.1848
1154	28.1841
1155	28.1844
1156	28.1842
1157	28.1839
1158	28.1839
1159	28.1839
1160	28.184
1162	28.1844
1163	28.1847
1164	28.1846
1165	28.1854
1166	28.1855
1167	28.186
1168	28.1863
1169	28.1868
1170	28.1876
1171	28.1883
1172	28.1884
1174	28.1897
1175	28.1903
1176	28.1907
1177	28.1912
1178	28.1912
1179	28.1913
1180	28.1918
1181	28.1921
1182	28.1916
1183	28.1914
1184	28.1913
1185	28.1914
1186	28.1915
1187	28.1911
1188	28.191
1189	28.1907
1190	28.1908
1191	28.1902
1192	28.1901
1193	28.1898
1194	28.1893
1195	28.1896
1196	28.1889
1198	28.1886
1199	28.188
1200	28.1879
1201	28.1879
1202	28.1875
1203	28.1872
1204	28.1872
1205	28.1872
1206	28.1871
1207	28.1872
1208	28.1868
1209	28.1869
1210	28.1874
1211	28.1873
1212	28.1873
1213	28.1874
1214	28.1874
1215	28.1875
1216	28.1878
1217	28.1881
1218	28.1882
1219	28.1887
1220	28.1892
1221	28.1893
1222	28.1903
1223	28.19
1224	28.1896
1225	28.1904
1226	28.1904
1227	28.1902
1228	28.1899
1229	28.1898
1230	28.1896
1231	28.1892
1232	28.1886
1234	28.1873
1235	28.1871
1236	28.1866
1237	28.186
1238	28.1853
1239	28.1842
1240	28.1838
1241	28.1833
1242	28.1825
1243	28.182
1244	28.1807
1245	28.1807
1246	28.1804
1247	28.1791
1248	28.1787
1249	28.1787
1250	28.178
1251	28.178
1252	28.1773
1253	28.1768
1254	28.1765
1255	28.1767
1256	28.1768
1258	28.1768
1259	28.1767
1260	28.1766
1261	28.1772
1262	28.1773
1263	28.1772
1264	28.1774
1265	28.1783
1266	28.1784
1267	28.1793
1268	28.1794
1270	28.1803
1271	28.1813
1272	28.1816
1273	28.182
1274	28.1822
1275	28.1828
1276	28.1831
1277	28.183
1278	28.1832
1279	28.1832
1280	28.1826
1281	28.1828
1282	28.1831
1283	28.1825
1284	28.1821
1285	28.1826
1286	28.182
1287	28.1817
1288	28.1815
1289	28.181
1290	28.1807
1291	28.1807
1292	28.1803
1294	28.1795
1295	28.1794
1296	28.1786
1297	28.179
1298	28.1788
1299	28.1779
1300	28.1779
1301	28.178
1302	28.1777
1303	28.1776
1304	28.1774
1305	28.1778
1306	28.1779
1307	28.1781
1308	28.1784
1309	28.179
1310	28.1796
1311	28.1804
1312	28.1807
1313	28.1818
1314	28.1825
1315	28.1834
1316	28.184
1318	28.1858
1319	28.1869
1320	28.1875
1321	28.1892
1322	28.1895
1323	28.1904
1324	28.1909
1325	28.1918
1326	28.1917
1327	28.1921
1328	28.1919
1330	28.1926
1331	28.1926
1332	28.1926
1333	28.1924
1334	28.1919
1335	28.1917
1336	28.1912
1337	28.191
1338	28.1905
1339	28.1902
1340	28.1897
1341	28.1893
1342	28.1891
1343	28.1884
1344	28.1884
1345	28.1879
1346	28.1875
1347	28.1874
1348	28.1871
1349	28.1872
1350	28.1875
1351	28.1874
1352	28.1873
1353	28.1876
1354	28.1877
1355	28.1878
1356	28.1881
1357	28.1884
1358	28.1887
1359	28.189
1360	28.1895
1361	28.1901
1362	28.1904
1363	28.1908
1364	28.1909
1365	28.192
1366	28.1927
1367	28.1927
1368	28.1932
1369	28.1941
1370	28.1947
1371	28.1947
1372	28.1954
1373	28.1954
1374	28.1952
1375	28.1955
1376	28.1955
1378	28.1951
1379	28.1948
1380	28.1947
1381	28.1947
1382	28.1941
1383	28.1937
1384	28.1934
1385	28.1933
1386	28.193
1387	28.1923
1388	28.1919
1390	28.1915
1391	28.1912
1392	28.19
1393	28.1895
1394	28.1887
1395	28.1889
1396	28.1886
1397	28.1881
1398	28.188
1399	28.1877
1400	28.1873
1402	28.1873
1403	28.1866
1404	28.1862
1405	28.1868
1406	28.1865
1407	28.1866
1408	28.1869
1409	28.1871
1410	28.1874
1411	28.1879
1412	28.1881
1413	28.1881
1414	28.1885
1415	28.1889
1416	28.1893
1417	28.1898
1418	28.1903
1419	28.1903
1420	28.1907
1421	28.1911
1422	28.1915
1423	28.1912
1424	28.1911
1425	28.1912
1426	28.1912
1427	28.1908
1428	28.1908
1429	28.1905
1430	28.1904
1431	28.1904
1432	28.19
1433	28.1896
1434	28.1891
1435	28.1891
1436	28.1888
1438	28.1881
1439	28.1874
1440	28.1874
1441	28.1878
1442	28.187
1443	28.1869
1444	28.1868
1445	28.1868
1446	28.1869
1447	28.1872
1448	28.1868
1450	28.187
1451	28.1874
1452	28.1875
1453	28.1878
1454	28.1881
1455	28.1881
1456	28.1883
1457	28.1887
1458	28.1886
1459	28.1893
1460	28.1897
1462	28.1905
1463	28.1909
1464	28.1911
1465	28.1918
1466	28.1919
1467	28.1923
1468	28.1925
1469	28.1926
1470	28.1925
1471	28.1925
1472	28.1922
1473	28.192
1474	28.1917
1475	28.1914
1476	28.1908
1477	28.1906
1478	28.1903
1479	28.1895
1480	28.1889
1481	28.1882
1482	28.1876
1483	28.1872
1484	28.1861
1485	28.1853
1486	28.1847
1487	28.1841
1488	28.1832
1489	28.1831
1490	28.1821
1491	28.1811
1492	28.1811
1493	28.1803
1494	28.1792
1495	28.1792
1496	28.1785
1498	28.1778
1499	28.1776
1500	28.1776
1501	28.1774
1502	28.1773
1503	28.1774
1504	28.177
1505	28.1777
1506	28.1773
1507	28.178
1508	28.1784
1510	28.1795
1511	28.1799
1512	28.1803
1513	28.181
1514	28.1813
1515	28.1822
1516	28.1826
1517	28.1831
1518	28.1833
1519	28.1839
1520	28.1839
1522	28.1837
1523	28.1838
1524	28.1833
1525	28.1834
1526	28.183
1527	28.1825
1528	28.1824
1529	28.1819
1530	28.1813
1531	28.1811
1532	28.1801
1534	28.179
1535	28.1787
1536	28.178
1537	28.1779
1538	28.1773
1539	28.1768
1540	28.1765
1541	28.1762
1542	28.1759
1543	28.1756
1544	28.1755
1545	28.1756
1546	28.1757
1547	28.1759
1548	28.176
1549	28.1764
1550	28.1765
1551	28.177
1552	28.1773
1553	28.178
1554	28.1782
1555	28.1793
1556	28.1795
1557	28.1802
1558	28.1811
1559	28.1818
1560	28.1822
1561	28.1833
1562	28.1838
1563	28.1844
1564	28.1853
1565	28.1863
1566	28.1867
1567	28.187
1568	28.1874
1570	28.1879
1571	28.1881
1572	28.1881
1573	28.1883
1574	28.1883
1575	28.1887
1576	28.1884
1577	28.1882
1578	28.1884
1579	28.1885
1580	28.1882
1582	28.188
1583	28.1877
1584	28.1879
1585	28.1882
1586	28.1879
1587	28.188
1588	28.1876
1589	28.1876
1590	28.1879
1591	28.1881
1592	28.1877
1594	28.1881
1595	28.1879
1596	28.1878
1597	28.1879
1598	28.1881
1599	28.1885
1600	28.1889
1601	28.1891
1602	28.1892
1603	28.1896
1604	28.1902
1605	28.1907
1606	28.1912
1607	28.1916
1608	28.1921
1609	28.193
1610	28.1938
1611	28.1944
1612	28.195
1613	28.1952
1614	28.1953
1615	28.1963
1616	28.196
1617	28.1964
1618	28.1964
1619	28.196
1620	28.1962
1621	28.1963
1622	28.1962
1623	28.1957
1624	28.1955
1625	28.1953
1626	28.1949
1627	28.1948
1628	28.1941
1630	28.1937
1631	28.1933
1632	28.1929
1633	28.1924
1634	28.1919
1635	28.1915
1636	28.1916
1637	28.1911
1638	28.1907
1639	28.1904
1640	28.1904
1642	28.19
1643	28.1895
1644	28.1889
1645	28.1891
1646	28.1893
1647	28.1889
1648	28.1886
1649	28.1889
1650	28.1889
1651	28.1891
1652	28.1889
1654	28.1885
1655	28.1888
1656	28.189
1657	28.1893
1658	28.1893
1659	28.1896
1660	28.1899
1661	28.1905
1662	28.1907
1663	28.1907
1664	28.1903
1665	28.1909
1666	28.1907
1667	28.1902
1668	28.1903
1669	28.1901
1670	28.1899
1671	28.1896
1672	28.1894
1673	28.1892
1674	28.1888
1675	28.1889
1676	28.1887
1677	28.1884
1678	28.1882
1679	28.1878
1680	28.1876
1681	28.1876
1682	28.1873
1683	28.1872
1684	28.1866
1685	28.1867
1686	28.1863
1687	28.1864
1688	28.1861
1689	28.1859
1690	28.1857
1691	28.1857
1692	28.1861
1693	28.1856
1694	28.1856
1695	28.1858
1696	28.1857
1697	28.1862
1698	28.1867
1699	28.1873
1700	28.187
1702	28.1884
1703	28.1886
1704	28.1889
1705	28.1899
1706	28.19
1707	28.1907
1708	28.1917
1709	28.1921
1710	28.1928
1711	28.1934
1712	28.1937
1714	28.1941
1715	28.1943
1716	28.1942
1717	28.1942
1718	28.1942
1719	28.1935
1720	28.1933
1721	28.1933
1722	28.1923
1723	28.1921
1724	28.1913
1725	28.1907
1726	28.1901
1727	28.1891
1728	28.1883
1729	28.1879
1730	28.1872
1731	28.1865
1732	28.1858
1733	28.185
1734	28.1838
1735	28.1834
1736	28.1826
1738	28.1818
1739	28.1812
1740	28.1806
1741	28.1804
1742	28.18
1743	28.1801
1744	28.1797
1745	28.1799
1746	28.1793
1747	28.1796
1748	28.1797
1749	28.1797
1750	28.1798
1751	28.1802
1752	28.1802
1753	28.1809
1754	28.1812
1755	28.1821
1756	28.1822
1757	28.1824
1758	28.1828
1759	28.1833
1760	28.1837
1762	28.184
1763	28.1838
1764	28.1839
1765	28.1837
1766	28.1832
1767	28.183
1768	28.1828
1769	28.1826
1770	28.1818
1771	28.1817
1772	28.1809
1774	28.18
1775	28.1796
1776	28.1789
1777	28.1789
1778	28.1782
1779	28.1777
1780	28.1776
1781	28.1771
1782	28.1766
1783	28.1761
1784	28.1755
1785	28.1757
1786	28.1756
1787	28.1755
1788	28.1753
1789	28.1757
1790	28.1759
1791	28.1757
1792	28.1758
1793	28.1763
1794	28.1763
1795	28.1768
1796	28.1772
1798	28.178
1799	28.1782
1800	28.1791
1801	28.18
1802	28.1802
1803	28.1809
1804	28.1814
1805	28.1823
1806	28.183
1807	28.1837
1808	28.184
1809	28.1843
1810	28.1851
1811	28.1856
1812	28.1855
1813	28.1856
1814	28.1856
1815	28.1858
1816	28.1859
1817	28.186
1818	28.1858
1819	28.1858
1820	28.1859
1821	28.1853
1822	28.1852
1823	28.1853
1824	28.1847
1825	28.1855
1826	28.1852
1827	28.185
1828	28.1851
1829	28.1849
1830	28.1851
1831	28.1852
1832	28.1854
1834	28.1853
1835	28.1856
1836	28.1857
1837	28.1858
1838	28.1862
1839	28.1863
1840	28.1866
1841	28.1873
1842	28.1874
1843	28.1881
1844	28.1882
1845	28.1889
1846	28.1896
1847	28.1897
1848	28.1901
1849	28.1909
1850	28.191
1851	28.1921
1852	28.1928
1853	28.1934
1854	28.1937
1855	28.1944
1856	28.1952
1858	28.1958
1859	28.1964
1860	28.1964
1861	28.1969
1862	28.1967
1863	28.1966
1864	28.1966
1865	28.1969
1866	28.1966
1867	28.1964
1868	28.1958
1870	28.1956
1871	28.195
1872	28.195
1873	28.1941
1874	28.1934
1875	28.1934
1876	28.1932
1877	28.1924
1878	28.1924
1879	28.1917
1880	28.1913
1881	28.1915
1882	28.191
1883	28.1907
1884	28.1901
1885	28.1903
1886	28.1898
1887	28.1895
1888	28.1899
1889	28.1894
1890	28.1894
1891	28.1896
1892	28.1893
1894	28.1892
1895	28.1894
1896	28.189
1897	28.1895
1898	28.1899
1899	28.1898
1900	28.19
1901	28.1905
1902	28.1909
1903	28.191
1904	28.1912
1905	28.1915
1906	28.192
1907	28.1924
1908	28.1923
1909	28.1925
1910	28.1923
1911	28.1922
1912	28.1922
1913	28.1919
1914	28.1915
1915	28.1914
1916	28.1911
1918	28.1902
1919	28.1898
1920	28.1892
1921	28.1893
1922	28.1882
1923	28.1879
1924	28.1874
1925	28.1867
1926	28.1864
1927	28.1862
1928	28.1854
1930	28.185
1931	28.1848
1932	28.1847
1933	28.1842
1934	28.1839
1935	28.184
1936	28.1841
1937	28.184
1938	28.1838
1939	28.1839
1940	28.1845
1941	28.1847
1942	28.1851
1943	28.185
1944	28.1855
1945	28.1862
1946	28.1865
1947	28.1874
1948	28.1879
1949	28.1888
1950	28.1898
1951	28.1904
1952	28.191
1953	28.1921
1954	28.1924
1955	28.193
1956	28.1934
1957	28.1942
1958	28.1945
1959	28.1944
1960	28.1945
1961	28.1942
1962	28.1944
1963	28.1941
1964	28.1937
1965	28.1937
1966	28.1927
1967	28.1921
1968	28.1918
1969	28.1917
1970	28.1911
1971	28.1903
1972	28.1901
1973	28.1894
1974	28.1883
1975	28.1877
1976	28.1874
1978	28.1863
1979	28.1856
1980	28.1849
1981	28.1846
1982	28.1844
1983	28.1837
1984	28.1834
1985	28.1834
1986	28.1828
1987	28.1826
1988	28.1826
1990	28.1824
1991	28.1823
1992	28.1823
1993	28.1826
1994	28.1825
1995	28.1828
1996	28.1833
1997	28.1831
1998	28.1831
1999	28.1837
2000	28.1839
2002	28.1842
2003	28.1839
2004	28.1841
2005	28.1844
2006	28.1841
2007	28.1837
2008	28.1833
2009	28.1833
2010	28.1831
2011	28.1829
2012	28.1823
2013	28.1815
2014	28.1814
2015	28.181
2016	28.1806
2017	28.18
2018	28.1796
2019	28.1793
2020	28.1791
2021	28.1788
2022	28.1783
2023	28.1778
2024	28.1774
2025	28.1775
2026	28.177
2027	28.1769
2028	28.1766
2029	28.1769
2030	28.1766
2031	28.1765
2032	28.1767
2033	28.1762
2034	28.176
2035	28.1765
2036	28.1765
2038	28.1766
2039	28.1767
2040	28.177
2041	28.1777
2042	28.1777
2043	28.178
2044	28.1783
2045	28.1791
2046	28.1794
2047	28.1799
2048	28.1802
2050	28.1816
2051	28.1823
2052	28.1826
2053	28.1827
2054	28.1831
2055	28.1835
2056	28.1838
2057	28.1839
2058	28.1839
2059	28.1838
2060	28.1837
2062	28.1838
2063	28.1833
2064	28.1829
2065	28.1832
2066	28.183
2067	28.1829
2068	28.1829
2069	28.1826
2070	28.1823
2071	28.1826
2072	28.1823
2073	28.1819
2074	28.1817
2075	28.1822
2076	28.182
2077	28.1824
2078	28.1823
2079	28.1826
2080	28.183
2081	28.1836
2082	28.1834
2083	28.1838
2084	28.1841
2085	28.1844
2086	28.1853
2087	28.1856
2088	28.1863
2089	28.1873
2090	28.1877
2091	28.1888
2092	28.1893
2093	28.1898
2094	28.1904
2095	28.1911
2096	28.192
2098	28.1936
2099	28.194
2100	28.1947
2101	28.1953
2102	28.1956
2103	28.196
2104	28.1966
2105	28.1966
2106	28.1962
2107	28.1967
2108	28.1966
2110	28.1965
2111	28.1962
2112	28.1964
2113	28.1962
2114	28.1954
2115	28.1953
2116	28.1953
2117	28.1951
2118	28.194
2119	28.1941
2120	28.1936
2122	28.1926
2123	28.1916
2124	28.1909
2125	28.1911
2126	28.1906
2127	28.19
2128	28.1897
2129	28.1896
2130	28.1893
2131	28.1892
2132	28.1891
2134	28.1885
2135	28.1889
2136	28.189
2137	28.1892
2138	28.1889
2139	28.1893
2140	28.1898
2141	28.1898
2142	28.1906
2143	28.191
2144	28.1912
2145	28.192
2146	28.1925
2147	28.1927
2148	28.193
2149	28.1936
2150	28.194
2151	28.1938
2152	28.1937
2153	28.1938
2154	28.1933
2155	28.1935
2156	28.1934
2157	28.1927
2158	28.1923
2159	28.1919
2160	28.191
2161	28.1912
2162	28.1898
2163	28.1895
2164	28.1889
2165	28.1884
2166	28.1875
2167	28.1871
2168	28.1863
2170	28.1848
2171	28.1843
2172	28.1842
2173	28.1836
2174	28.183
2175	28.1829
2176	28.1826
2177	28.1822
2178	28.1826
2179	28.1824
2180	28.1823
2182	28.1828
2183	28.1829
2184	28.1829
2185	28.184
2186	28.1834
2187	28.1844
2188	28.1849
2189	28.1854
2190	28.1859
2191	28.1867
2192	28.1873
2194	28.1885
2195	28.1891
2196	28.1896
2197	28.1904
2198	28.1908
2199	28.191
2200	28.1915
2201	28.192
2202	28.1918
2203	28.1921
2204	28.1917
2205	28.192
2206	28.1916
2207	28.1914
2208	28.1913
2209	28.1914
2210	28.1912
2211	28.1909
2212	28.1909
2213	28.1899
2214	28.1898
2215	28.1894
2216	28.189
2217	28.1888
2218	28.1886
2219	28.188
2220	28.188
2221	28.1878
2222	28.1871
2223	28.1869
2224	28.1871
2225	28.1867
2226	28.1858
2227	28.1858
2228	28.1855
2230	28.1856
2231	28.1855
2232	28.185
2233	28.1849
2234	28.1849
2235	28.1851
2236	28.185
2237	28.1852
2238	28.185
2239	28.1852
2240	28.1857
2242	28.1858
2243	28.1859
2244	28.1859
2245	28.1864
2246	28.1864
2247	28.1861
2248	28.186
2249	28.1862
2250	28.1862
2251	28.1859
2252	28.1854
2254	28.1843
2255	28.184
2256	28.1835
2257	28.1834
2258	28.1824
2259	28.1824
2260	28.1823
2261	28.1813
2262	28.1805
2263	28.1798
2264	28.1794
2265	28.1792
2266	28.1788
2267	28.1782
2268	28.1776
2269	28.1771
2270	28.1772
2271	28.1766
2272	28.1766
2273	28.1763
2274	28.1756
2275	28.1761
2276	28.1761
2277	28.176
2278	28.1756
2279	28.1756
2280	28.1759
2281	28.1762
2282	28.1761
2283	28.1765
2284	28.1765
2285	28.1771
2286	28.1773
2287	28.1778
2288	28.1781
2289	28.1787
2290	28.1797
2291	28.1801
2292	28.1806
2293	28.1814
2294	28.1813
2295	28.1819
2296	28.183
2297	28.1829
2298	28.183
2299	28.1834
2300	28.1831
2302	28.183
2303	28.1827
2304	28.1824
2305	28.1827
2306	28.1826
2307	28.1823
2308	28.1822
2309	28.1822
2310	28.1819
2311	28.182
2312	28.1821
2314	28.1807
2315	28.1811
2316	28.1804
2317	28.1804
2318	28.1802
2319	28.1803
2320	28.1804
2321	28.1806
2322	28.1806
2323	28.1806
2324	28.1806
2325	28.1806
2326	28.1807
2327	28.1815
2328	28.1815
2329	28.1824
2330	28.1823
2331	28.1831
2332	28.1838
2333	28.1842
2334	28.1843
2335	28.1856
2336	28.1859
2338	28.1879
2339	28.1884
2340	28.1897
2341	28.1906
2342	28.1917
2343	28.1921
2344	28.1929
2345	28.1939
2346	28.1941
2347	28.1953
2348	28.1957
2349	28.1956
2350	28.196
2351	28.1962
2352	28.1963
2353	28.1964
2354	28.1961
2355	28.1964
2356	28.1961
2357	28.1962
2358	28.1959
2359	28.1957
2360	28.1953
2362	28.1945
2363	28.1942
2364	28.1937
2365	28.1938
2366	28.1928
2367	28.1926
2368	28.1924
2369	28.1922
2370	28.1915
2371	28.1917
2372	28.191
2374	28.1905
2375	28.1901
2376	28.1901
2377	28.1901
2378	28.1902
2379	28.1901
2380	28.1906
2381	28.1905
2382	28.1905
2383	28.1911
2384	28.1912
2385	28.192
2386	28.1924
2387	28.1929
2388	28.193
2389	28.1937
2390	28.1939
2391	28.1943
2392	28.1945
2393	28.1945
2394	28.1946
2395	28.1946
2396	28.1943
2398	28.1933
2399	28.1931
2400	28.1927
2401	28.1924
2402	28.1915
2403	28.1909
2404	28.1903
2405	28.1902
2406	28.1892
2407	28.1885
2408	28.1879
2409	28.1872
2410	28.1871
2411	28.1865
2412	28.1858
2413	28.1856
2414	28.1848
2415	28.1845
2416	28.1843
2417	28.1839
2418	28.1832
2419	28.1836
2420	28.1834
2421	28.183
2422	28.1829
2423	28.1828
2424	28.1825
2425	28.1833
2426	28.1833
2427	28.1836
2428	28.1833
2429	28.1838
2430	28.184
2431	28.1842
2432	28.1849
2434	28.1854
2435	28.1861
2436	28.1866
2437	28.1868
2438	28.187
2439	28.1879
2440	28.1885
2441	28.1886
2442	28.1888
2443	28.1892
2444	28.1893
2445	28.1898
2446	28.1894
2447	28.1888
2448	28.1891
2449	28.1891
2450	28.1886
2451	28.1888
2452	28.1889
2453	28.1886
2454	28.1879
2455	28.1882
2456	28.1877
2458	28.1875
2459	28.1869
2460	28.1868
2461	28.1872
2462	28.1867
2463	28.1865
2464	28.1865
2465	28.1864
2466	28.1861
2467	28.186
2468	28.1859
2470	28.1857
2471	28.1858
2472	28.1859
2473	28.1858
2474	28.1857
2475	28.1863
2476	28.1865
2477	28.1864
2478	28.1863
2479	28.1867
2480	28.187
2481	28.1873
2482	28.1874
2483	28.1876
2484	28.1876
2485	28.1883
2486	28.1883
2487	28.1889
2488	28.1888
2489	28.1893
2490	28.1893
2491	28.19
2492	28.1893
2494	28.1886
2495	28.1884
2496	28.1878
2497	28.1877
2498	28.1868
2499	28.1866
2500	28.1861
2501	28.1855
2502	28.1845
2503	28.1836
2504	28.1828
2505	28.1823
2506	28.1814
2507	28.181
2508	28.1801
2509	28.1798
2510	28.1793
2511	28.1787
2512	28.1779
2513	28.1776
2514	28.1767
2515	28.1768
2516	28.1764
2518	28.1754
2519	28.1754
2520	28.1754
2521	28.1756
2522	28.1751
2523	28.1753
2524	28.175
2525	28.1756
2526	28.1756
2527	28.1759
2528	28.176
2530	28.177
2531	28.1776
2532	28.1782
2533	28.1786
2534	28.1789
2535	28.1796
2536	28.1803
2537	28.1807
2538	28.1808
2539	28.1814
2540	28.1817
2541	28.1822
2542	28.1823
2543	28.1824
2544	28.1821
2545	28.183
2546	28.1825
2547	28.1826
2548	28.1822
2549	28.1824
2550	28.1823
2551	28.1823
2552	28.1819
2553	28.1818
2554	28.181
2555	28.1808
2556	28.1807
2557	28.1805
2558	28.18
2559	28.1797
2560	28.1797
2561	28.1795
2562	28.1794
2563	28.1792
2564	28.1787
2565	28.1787
2566	28.1787
2567	28.1788
2568	28.1782
2569	28.1786
2570	28.1785
2571	28.1789
2572	28.1794
2573	28.1798
2574	28.1798
2575	28.1807
2576	28.1809
2578	28.182
2579	28.1832
2580	28.1839
2581	28.1848
2582	28.1857
2583	28.1868
2584	28.1877
2585	28.1888
2586	28.1893
2587	28.1906
2588	28.1914
2590	28.193
2591	28.1935
2592	28.194
2593	28.1942
2594	28.1943
2595	28.1948
2596	28.1948
2597	28.195
2598	28.1951
2599	28.1953
2600	28.195
2602	28.1946
2603	28.1943
2604	28.1938
2605	28.1937
2606	28.1934
2607	28.1934
2608	28.1932
2609	28.1931
2610	28.1927
2611	28.1929
2612	28.1927
2613	28.1922
2614	28.192
2615	28.1917
2616	28.1913
2617	28.1915
2618	28.1916
2619	28.1917
2620	28.192
2621	28.1922
2622	28.1919
2623	28.1923
2624	28.1922
2625	28.1925
2626	28.1927
2627	28.1928
2628	28.1932
2629	28.1936
2630	28.194
2631	28.1942
2632	28.1944
2633	28.1942
2634	28.1946
2635	28.1951
2636	28.195
2638	28.1949
2639	28.1949
2640	28.1948
2641	28.1947
2642	28.194
2643	28.1932
2644	28.1932
2645	28.1927
2646	28.1918
2647	28.1915
2648	28.191
2650	28.1898
2651	28.1893
2652	28.1887
2653	28.188
2654	28.1876
2655	28.1875
2656	28.1866
2657	28.1863
2658	28.1857
2659	28.1854
2660	28.1854
2662	28.1843
2663	28.1838
2664	28.1837
2665	28.1841
2666	28.1834
2667	28.1835
2668	28.1833
2669	28.183
2670	28.1833
2671	28.1837
2672	28.1836
2673	28.1837
2674	28.1838
2675	28.1846
2676	28.1848
2677	28.185
2678	28.1852
2679	28.1857
2680	28.1865
2681	28.1868
2682	28.1869
2683	28.1873
2684	28.1879
2685	28.1883
2686	28.1888
2687	28.1886
2688	28.1886
2689	28.1887
2690	28.1883
2691	28.1887
2692	28.1886
2693	28.1881
2694	28.1875
2695	28.1875
2696	28.1875
2698	28.1864
2699	28.1862
2700	28.1861
2701	28.1859
2702	28.1855
2703	28.1849
2704	28.1847
2705	28.1849
2706	28.1843
2707	28.1847
2708	28.1838
2710	28.1839
2711	28.1841
2712	28.1841
2713	28.1845
2714	28.1841
2715	28.1845
2716	28.1852
2717	28.1852
2718	28.1855
2719	28.1858
2720	28.1858
2722	28.1864
2723	28.1869
2724	28.1869
2725	28.1878
2726	28.188
2727	28.1888
2728	28.189
2729	28.1896
2730	28.1897
2731	28.1903
2732	28.1902
2734	28.1902
2735	28.1906
2736	28.1904
2737	28.1903
2738	28.1899
2739	28.1898
2740	28.1894
2741	28.189
2742	28.1887
2743	28.1882
2744	28.1873
2745	28.1867
2746	28.186
2747	28.1856
2748	28.1848
2749	28.184
2750	28.1832
2751	28.1828
2752	28.1824
2753	28.1818
2754	28.1804
2755	28.1803
2756	28.1796
2758	28.1782
2759	28.1777
2760	28.1775
2761	28.1771
2762	28.1763
2763	28.1764
2764	28.1756
2765	28.1757
2766	28.1753
2767	28.175
2768	28.175
2770	28.175
2771	28.1752
2772	28.1758
2773	28.176
2774	28.1762
2775	28.177
2776	28.1773
2777	28.1779
2778	28.1783
2779	28.1795
2780	28.1797
2782	28.181
2783	28.1813
2784	28.1817
2785	28.1824
2786	28.1819
2787	28.182
2788	28.1825
2789	28.1824
2790	28.1823
2791	28.1826
2792	28.1818
2794	28.1814
2795	28.1812
2796	28.1805
2797	28.1804
2798	28.18
2799	28.1796
2800	28.1794
2801	28.1789
2802	28.1779
2803	28.178
2804	28.1776
2805	28.1774
2806	28.1773
2807	28.1766
2808	28.1763
2809	28.1766
2810	28.1762
2811	28.1764
2812	28.1767
2813	28.1767
2814	28.1769
2815	28.1775
2816	28.1779
2817	28.1781
2818	28.1789
2819	28.1795
2820	28.18
2821	28.1807
2822	28.1816
2823	28.1822
2824	28.183
2825	28.184
2826	28.1847
2827	28.1859
2828	28.1869
2830	28.1881
2831	28.189
2832	28.1894
2833	28.1902
2834	28.19
2835	28.1907
2836	28.1906
2837	28.1906
2838	28.1905
2839	28.191
2840	28.1912
2842	28.1911
2843	28.191
2844	28.1907
2845	28.1911
2846	28.1911
2847	28.191
2848	28.1905
2849	28.1909
2850	28.191
2851	28.1911
2852	28.1911
2854	28.1913
2855	28.1912
2856	28.1909
2857	28.1911
2858	28.191
2859	28.1913
2860	28.1921
2861	28.1922
2862	28.1922
2863	28.1926
2864	28.1926
2865	28.1931
2866	28.1931
2867	28.1934
2868	28.1936
2869	28.1943
2870	28.1946
2871	28.1946
2872	28.1949
2873	28.1953
2874	28.1953
2875	28.1961
2876	28.1961
2877	28.196
2878	28.1964
2879	28.1966
2880	28.197
2881	28.1973
2882	28.1966
2883	28.1964
2884	28.1963
2885	28.196
2886	28.1961
2887	28.1959
2888	28.1949
2890	28.1948
2891	28.1944
2892	28.1938
2893	28.193
2894	28.1922
2895	28.1916
2896	28.1912
2897	28.1902
2898	28.1894
2899	28.1892
2900	28.1883
2902	28.1871
2903	28.1863
2904	28.1853
2905	28.1853
2906	28.1851
2907	28.1849
2908	28.1845
2909	28.1843
2910	28.1842
2911	28.1842
2912	28.184
2914	28.1838
2915	28.1843
2916	28.1842
2917	28.1845
2918	28.1848
2919	28.1853
2920	28.1859
2921	28.1863
2922	28.1866
2923	28.1874
2924	28.1875
2925	28.1883
2926	28.1887
2927	28.1892
2928	28.1891
2929	28.1898
2930	28.1896
2931	28.1902
2932	28.1899
2933	28.1896
2934	28.1892
2935	28.1891
2936	28.1889
2937	28.1886
2938	28.1884
2939	28.1881
2940	28.1874
2941	28.1875
2942	28.1872
2943	28.1863
2944	28.186
2945	28.1857
2946	28.1849
2947	28.1852
2948	28.1844
2949	28.184
2950	28.184
2951	28.1841
2952	28.1834
2953	28.1833
2954	28.1831
2955	28.1833
2956	28.1831
2957	28.1832
2958	28.183
2959	28.1834
2960	28.183
2962	28.1839
2963	28.1841
2964	28.1838
2965	28.1847
2966	28.1851
2967	28.1856
2968	28.1861
2969	28.1861
2970	28.1868
2971	28.1879
2972	28.1883
2974	28.1894
2975	28.1899
2976	28.1902
2977	28.1911
2978	28.1913
2979	28.1914
2980	28.1918
2981	28.1917
2982	28.1917
2983	28.1915
2984	28.191
2985	28.1909
2986	28.1909
2987	28.1906
2988	28.1899
2989	28.1895
2990	28.1893
2991	28.1886
2992	28.1882
2993	28.1877
2994	28.1868
2995	28.1863
2996	28.1854
2998	28.1839
2999	28.1835
3000	28.1825
3001	28.1825
3002	28.1814
3003	28.181
3004	28.1804
3005	28.1798
3006	28.1794
3007	28.1793
3008	28.1785
3009	28.1786
3010	28.1782
3011	28.1781
3012	28.178
3013	28.1783
3014	28.1782
3015	28.1784
3016	28.1783
3017	28.1784
3018	28.1789
3019	28.1797
3020	28.1795
3021	28.1801
3022	28.1808
3023	28.1811
3024	28.1813
3025	28.1821
3026	28.1822
3027	28.1824
3028	28.1826
3029	28.1828
3030	28.1826
3031	28.1827
3032	28.182
3034	28.1815
3035	28.1814
3036	28.1808
3037	28.1806
3038	28.1803
3039	28.1797
3040	28.1796
3041	28.1794
3042	28.1788
3043	28.1787
3044	28.1779
3045	28.1775
3046	28.1774
3047	28.1768
3048	28.1764
3049	28.177
3050	28.1766
3051	28.1767
3052	28.1768
3053	28.1767
3054	28.1767
3055	28.1772
3056	28.1772
3058	28.1776
3059	28.178
3060	28.1784
3061	28.179
3062	28.1792
3063	28.1797
3064	28.1806
3065	28.1811
3066	28.1818
3067	28.1823
3068	28.1827
3070	28.1844
3071	28.1852
3072	28.1858
3073	28.1862
3074	28.1869
3075	28.1873
3076	28.1879
3077	28.188
3078	28.1881
3079	28.1883
3080	28.188
3081	28.1883
3082	28.1887
3083	28.1883
3084	28.1883
3085	28.1888
3086	28.1886
3087	28.1885
3088	28.1883
3089	28.1884
3090	28.1882
3091	28.1887
3092	28.1885
3094	28.1885
3095	28.1885
3096	28.1888
3097	28.1887
3098	28.1889
3099	28.1893
3100	28.1895
3101	28.1899
3102	28.1903
3103	28.1903
3104	28.1905
3105	28.1908
3106	28.1914
3107	28.1916
3108	28.1922
3109	28.1921
3110	28.1928
3111	28.1933
3112	28.1941
3113	28.1942
3114	28.1946
3115	28.1956
3116	28.1963
3118	28.1971
3119	28.1976
3120	28.1982
3121	28.1991
3122	28.199
3123	28.1994
3124	28.1995
3125	28.1997
3126	28.1993
3127	28.1991
3128	28.1982
3130	28.1983
3131	28.1976
3132	28.1967
3133	28.1963
3134	28.196
3135	28.1951
3136	28.1947
3137	28.1936
3138	28.193
3139	28.1928
3140	28.1922
3141	28.1916
3142	28.1908
3143	28.1898
3144	28.1892
3145	28.1889
3146	28.1884
3147	28.1879
3148	28.1873
3149	28.1867
3150	28.1863
3151	28.186
3152	28.1856
3153	28.1854
3154	28.1852
3155	28.1851
3156	28.1848
3157	28.1851
3158	28.1849
3159	28.1853
3160	28.1855
3161	28.1859
3162	28.1859
3163	28.1864
3164	28.1863
3165	28.1865
3166	28.1872
3167	28.1875
3168	28.1874
3169	28.1883
3170	28.1884
3171	28.189
3172	28.1893
3173	28.1895
3174	28.1891
3175	28.1894
3176	28.1893
3178	28.1893
3179	28.1892
3180	28.189
3181	28.1889
3182	28.1886
3183	28.1882
3184	28.1874
3185	28.1872
3186	28.1867
3187	28.1863
3188	28.1858
3190	28.1851
3191	28.1845
3192	28.1842
3193	28.184
3194	28.183
3195	28.183
3196	28.1826
3197	28.1824
3198	28.1818
3199	28.182
3200	28.1816
3202	28.1817
3203	28.1814
3204	28.1814
3205	28.1813
3206	28.1817
3207	28.1817
3208	28.182
3209	28.1825
3210	28.1826
3211	28.184
3212	28.1843
3213	28.1846
3214	28.1852
3215	28.186
3216	28.1864
3217	28.1879
3218	28.1882
3219	28.189
3220	28.1897
3221	28.1901
3222	28.191
3223	28.1913
3224	28.1911
3225	28.1917
3226	28.1912
3227	28.1915
3228	28.1915
3229	28.1914
3230	28.191
3231	28.1909
3232	28.1908
3233	28.1902
3234	28.1894
3235	28.1894
3236	28.1885
3238	28.1876
3239	28.1868
3240	28.1858
3241	28.1857
3242	28.1846
3243	28.1843
3244	28.1837
3245	28.1833
3246	28.1825
3247	28.1827
3248	28.182
3250	28.1815
3251	28.1813
3252	28.1811
3253	28.1812
3254	28.1807
3255	28.1808
3256	28.1808
3257	28.1805
3258	28.1808
3259	28.1811
3260	28.1813
3262	28.1814
3263	28.1818
3264	28.1823
3265	28.1826
3266	28.1825
3267	28.1832
3268	28.1831
3269	28.1832
3270	28.1833
3271	28.1834
3272	28.1831
3273	28.1826
3274	28.1829
3275	28.1824
3276	28.182
3277	28.1815
3278	28.1811
3279	28.1808
3280	28.1806
3281	28.1801
3282	28.1793
3283	28.1788
3284	28.1785
3285	28.1782
3286	28.1777
3287	28.1776
3288	28.1769
3289	28.177
3290	28.1769
3291	28.1763
3292	28.1767
3293	28.1763
3294	28.1764
3295	28.1763
3296	28.1759
3298	28.1761
3299	28.1762
3300	28.1764
3301	28.1766
3302	28.1769
3303	28.1772
3304	28.1772
3305	28.1778
3306	28.178
3307	28.1789
3308	28.1791
3310	28.1809
3311	28.1813
3312	28.1821
3313	28.1826
3314	28.1827
3315	28.1842
3316	28.1848
3317	28.1847
3318	28.1851
3319	28.1858
3320	28.186
3322	28.1865
3323	28.1867
3324	28.1862
3325	28.1867
3326	28.187
3327	28.1865
3328	28.1867
3329	28.1867
3330	28.1866
3331	28.187
3332	28.1867
3334	28.1861
3335	28.1861
3336	28.186
3337	28.1862
3338	28.186
3339	28.1863
3340	28.1864
3341	28.1868
3342	28.1866
3343	28.1869
3344	28.1873
3345	28.1876
3346	28.1879
3347	28.1882
3348	28.1888
3349	28.1894
3350	28.1897
3351	28.1905
3352	28.1911
3353	28.1912
3354	28.1917
3355	28.1929
3356	28.1931
3358	28.1943
3359	28.1949
3360	28.1956
3361	28.1967
3362	28.1972
3363	28.1979
3364	28.1982
3365	28.1989
3366	28.1993
3367	28.2
3368	28.2
3370	28.1995
3371	28.1997
3372	28.1995
3373	28.199
3374	28.1985
3375	28.1981
3376	28.1976
3377	28.1974
3378	28.1965
3379	28.1963
3380	28.1954
3382	28.1942
3383	28.1933
3384	28.1924
3385	28.1924
3386	28.1915
3387	28.191
3388	28.1905
3389	28.1895
3390	28.1891
3391	28.189
3392	28.1883
3394	28.1871
3395	28.1872
3396	28.1864
3397	28.1862
3398	28.1859
3399	28.1856
3400	28.1857
3401	28.1859
3402	28.1851
3403	28.1854
3404	28.1853
3405	28.1853
3406	28.1856
3407	28.186
3408	28.186
3409	28.1863
3410	28.1865
3411	28.1873
3412	28.1875
3413	28.1882
3414	28.1883
3415	28.1887
3416	28.1886
3417	28.189
3418	28.1889
3419	28.1892
3420	28.1887
3421	28.1892
3422	28.1886
3423	28.1886
3424	28.1883
3425	28.1883
3426	28.1876
3427	28.1879
3428	28.1869
3430	28.1864
3431	28.1861
3432	28.1856
3433	28.1852
3434	28.1841
3435	28.1839
3436	28.1831
3437	28.1828
3438	28.1823
3439	28.1819
3440	28.1818
3442	28.1813
3443	28.1812
3444	28.1806
3445	28.1806
3446	28.1802
3447	28.1807
3448	28.1806
3449	28.1808
3450	28.181
3451	28.1815
3452	28.1818
3454	28.1824
3455	28.1831
3456	28.1837
3457	28.1847
3458	28.1852
3459	28.1856
3460	28.1867
3461	28.1874
3462	28.1875
3463	28.1886
3464	28.1883
3465	28.1891
3466	28.1892
3467	28.1893
3468	28.1892
3469	28.1895
3470	28.1892
3471	28.1892
3472	28.1894
3473	28.1893
3474	28.1884
3475	28.1886
3476	28.1883
3477	28.1882
3478	28.1877
3479	28.1874
3480	28.1869
3481	28.1869
3482	28.1863
3483	28.1856
3484	28.1852
3485	28.1851
3486	28.1846
3487	28.1844
3488	28.1842
3490	28.1838
3491	28.1837
3492	28.1835
3493	28.1835
3494	28.1834
3495	28.1833
3496	28.1835
3497	28.1832
3498	28.1834
3499	28.1836
3500	28.1836
3502	28.1837
3503	28.1839
3504	28.184
3505	28.1849
3506	28.1847
3507	28.1851
3508	28.1857
3509	28.1859
3510	28.1858
3511	28.1863
3512	28.186
3514	28.1861
3515	28.1857
3516	28.1854
3517	28.1852
3518	28.1849
3519	28.1846
3520	28.1841
3521	28.1835
3522	28.1829
3523	28.1822
3524	28.1815
3525	28.1816
3526	28.1808
3527	28.1799
3528	28.1797
3529	28.179
3530	28.1786
3531	28.1785
3532	28.1779
3533	28.1772
3534	28.1768
3535	28.1771
3536	28.1764
3537	28.1765
3538	28.1758
3539	28.1757
3540	28.1759
3541	28.1763
3542	28.176
3543	28.176
3544	28.1765
3545	28.177
3546	28.177
3547	28.1778
3548	28.1775
3549	28.1778
3550	28.1787
3551	28.179
3552	28.1795
3553	28.1801
3554	28.1805
3555	28.1815
3556	28.1821
3557	28.1826
3558	28.1829
3559	28.1836
3560	28.1841
3562	28.1852
3563	28.1852
3564	28.1853
3565	28.1859
3566	28.1859
3567	28.1857
3568	28.1857
3569	28.1859
3570	28.1858
3571	28.1864
3572	28.186
3574	28.1854
3575	28.1854
3576	28.1853
3577	28.1854
3578	28.185
3579	28.1849
3580	28.1848
3581	28.1851
3582	28.1852
3583	28.185
3584	28.1847
3585	28.185
3586	28.1854
3587	28.1854
3588	28.1853
3589	28.186
3590	28.1858
3591	28.1862
3592	28.187
3593	28.1874
3594	28.1874
3595	28.1882
3596	28.1887
3598	28.1894
3599	28.19
3600	28.191
3601	28.1922
3602	28.193
3603	28.1936
3604	28.1943
3605	28.1954
3606	28.1962
3607	28.1971
3608	28.1978
3609	28.1987
3610	28.1991
3611	28.1997
3612	28.2002
3613	28.2
3614	28.1997
3615	28.2002
3616	28.2004
3617	28.2001
3618	28.1998
3619	28.1996
3620	28.1996
3622	28.1987
3623	28.1981
3624	28.197
3625	28.1968
3626	28.1959
3627	28.1953
3628	28.1949
3629	28.1941
3630	28.1931
3631	28.1925
3632	28.1917
3634	28.1905
3635	28.1901
3636	28.1894
3637	28.189
3638	28.1887
3639	28.188
3640	28.1878
3641	28.1876
3642	28.187
3643	28.187
3644	28.1864
3645	28.1867
3646	28.1864
3647	28.1862
3648	28.1863
3649	28.1866
3650	28.1862
3651	28.1867
3652	28.1878
3653	28.1879
3654	28.188
3655	28.1883
3656	28.1886
3658	28.1892
3659	28.1895
3660	28.1891
3661	28.1894
3662	28.1893
3663	28.1889
3664	28.1886
3665	28.1887
3666	28.1879
3667	28.1878
3668	28.1874
3669	28.1866
3670	28.1864
3671	28.186
3672	28.1853
3673	28.1853
3674	28.1843
3675	28.184
3676	28.1836
3677	28.1829
3678	28.1822
3679	28.1824
3680	28.1818
3681	28.1815
3682	28.1814
3683	28.1808
3684	28.1802
3685	28.1803
3686	28.1801
3687	28.1799
3688	28.1796
3689	28.1798
3690	28.18
3691	28.1804
3692	28.1805
3694	28.1806
3695	28.1812
3696	28.1812
3697	28.1818
3698	28.1823
3699	28.1825
3700	28.1832
3701	28.1839
3702	28.1841
3703	28.1849
3704	28.1852
3705	28.1858
3706	28.1861
3707	28.1863
3708	28.1867
3709	28.1869
3710	28.187
3711	28.187
3712	28.1867
3713	28.1864
3714	28.1861
3715	28.1866
3716	28.1858
3718	28.1854
3719	28.1852
3720	28.1847
3721	28.185
3722	28.1844
3723	28.1838
3724	28.1835
3725	28.1832
3726	28.1829
3727	28.1831
3728	28.1828
3730	28.1828
3731	28.1827
3732	28.1828
3733	28.1829
3734	28.1827
3735	28.1828
3736	28.1828
3737	28.1828
3738	28.1828
3739	28.1835
3740	28.1837
3741	28.184
3742	28.1843
3743	28.1845
3744	28.1844
3745	28.185
3746	28.1851
3747	28.1854
3748	28.1861
3749	28.1864
3750	28.1872
3751	28.1875
3752	28.1875
3754	28.1881
3755	28.1885
3756	28.1885
3757	28.1886
3758	28.1882
3759	28.1879
3760	28.1879
3761	28.1876
3762	28.1867
3763	28.1866
3764	28.1852
3765	28.1851
3766	28.1849
3767	28.1841
3768	28.1832
3769	28.183
3770	28.1825
3771	28.182
3772	28.1812
3773	28.1807
3774	28.1799
3775	28.1798
3776	28.1789
3778	28.1783
3779	28.1779
3780	28.1775
3781	28.1772
3782	28.1766
3783	28.1767
3784	28.1762
3785	28.1764
3786	28.1764
3787	28.1765
3788	28.1763
3790	28.1766
3791	28.1769
3792	28.1772
3793	28.1775
3794	28.1776
3795	28.1781
3796	28.1791
3797	28.1792
3798	28.1799
3799	28.1807
3800	28.1808
3801	28.1819
3802	28.1825
3803	28.1827
3804	28.183
3805	28.1843
3806	28.1847
3807	28.1849
3808	28.1849
3809	28.1853
3810	28.1851
3811	28.1858
3812	28.1854
3813	28.1853
3814	28.1852
3815	28.1853
3816	28.1848
3817	28.1849
3818	28.1846
3819	28.1845
3820	28.1842
3821	28.1844
3822	28.1842
3823	28.1837
3824	28.1828
3825	28.1834
3826	28.1832
3827	28.183
3828	28.1826
3829	28.1826
3830	28.1827
3831	28.1828
3832	28.183
3833	28.1831
3834	28.1827
3835	28.1835
3836	28.1838
3838	28.1847
3839	28.185
3840	28.1856
3841	28.187
3842	28.1873
3843	28.1885
3844	28.1891
3845	28.1903
3846	28.1912
3847	28.1927
3848	28.1935
3850	28.1956
3851	28.1965
3852	28.1977
3853	28.1984
3854	28.1989
3855	28.1996
3856	28.1996
3857	28.2002
3858	28.2006
3859	28.2007
3860	28.2006
3862	28.2009
3863	28.2002
3864	28.1995
3865	28.1996
3866	28.1989
3867	28.1986
3868	28.1982
3869	28.1976
3870	28.197
3871	28.1966
3872	28.1959
3873	28.1958
3874	28.1947
3875	28.194
3876	28.1931
3877	28.193
3878	28.1922
3879	28.1915
3880	28.1911
3881	28.1906
3882	28.19
3883	28.1904
3884	28.1892
3885	28.1893
3886	28.1891
3887	28.1886
3888	28.1883
3889	28.1887
3890	28.1883
3891	28.1883
3892	28.1883
3893	28.1888
3894	28.1888
3895	28.1892
3896	28.1889
3898	28.1894
3899	28.1896
3900	28.1895
3901	28.1901
3902	28.1899
3903	28.1899
3904	28.1899
3905	28.1899
3906	28.19
3907	28.1897
3908	28.1893
3910	28.1886
3911	28.188
3912	28.1872
3913	28.187
3914	28.1866
3915	28.1862
3916	28.1853
3917	28.1848
3918	28.1845
3919	28.1841
3920	28.1835
3922	28.1826
3923	28.1821
3924	28.1815
3925	28.1816
3926	28.181
3927	28.1806
3928	28.1804
3929	28.1802
3930	28.1801
3931	28.1803
3932	28.1798
3934	28.1801
3935	28.1801
3936	28.1804
3937	28.1808
3938	28.1806
3939	28.1811
3940	28.1816
3941	28.1821
3942	28.1823
3943	28.1829
3944	28.183
3945	28.1839
3946	28.1843
3947	28.1845
3948	28.1849
3949	28.1856
3950	28.1859
3951	28.1861
3952	28.1861
3953	28.1862
3954	28.1855
3955	28.186
3956	28.1858
3958	28.1849
3959	28.1847
3960	28.1847
3961	28.1849
3962	28.1842
3963	28.1837
3964	28.1831
3965	28.1836
3966	28.1828
3967	28.1826
3968	28.1816
3970	28.1818
3971	28.1819
3972	28.182
3973	28.1819
3974	28.1815
3975	28.1817
3976	28.182
3977	28.1816
3978	28.1818
3979	28.182
3980	28.182
3982	28.183
3983	28.1828
3984	28.1828
3985	28.1835
3986	28.1835
3987	28.1841
3988	28.1845
3989	28.185
3990	28.1851
3991	28.1861
3992	28.1865
3994	28.1873
3995	28.1879
3996	28.1881
3997	28.1885
3998	28.1889
3999	28.1889
4000	28.1893
4001	28.1895
4002	28.1891
4003	28.1892
4004	28.1887
4005	28.1888
4006	28.1883
4007	28.1882
4008	28.1875
4009	28.1874
4010	28.1866
4011	28.1866
4012	28.1863
4013	28.1855
4014	28.1843
4015	28.1843
4016	28.1833
4017	28.183
4018	28.1821
4019	28.1812
4020	28.1805
4021	28.1805
4022	28.1798
4023	28.1791
4024	28.1785
4025	28.1781
4026	28.1774
4027	28.1776
4028	28.1772
4030	28.1767
4031	28.1764
4032	28.1765
4033	28.1767
4034	28.1762
4035	28.1766
4036	28.177
4037	28.1773
4038	28.1774
4039	28.1781
4040	28.1784
4042	28.1794
4043	28.1802
4044	28.1806
4045	28.1815
4046	28.1817
4047	28.1824
4048	28.1828
4049	28.1835
4050	28.1835
4051	28.1842
4052	28.1838
4054	28.1838
4055	28.1835
4056	28.1834
4057	28.1837
4058	28.1833
4059	28.1833
4060	28.183
4061	28.1826
4062	28.1822
4063	28.1821
4064	28.1815
4065	28.1815
4066	28.1813
4067	28.1808
4068	28.1809
4069	28.181
4070	28.1808
4071	28.1803
4072	28.1805
4073	28.1805
4074	28.18
4075	28.1807
4076	28.1806
4077	28.1806
4078	28.1812
4079	28.1814
4080	28.1816
4081	28.1825
4082	28.1825
4083	28.1832
4084	28.1836
4085	28.1848
4086	28.1854
4087	28.1861
4088	28.187
4090	28.1891
4091	28.1902
4092	28.1912
4093	28.1924
4094	28.1931
4095	28.1942
4096	28.1953
4097	28.1959
4098	28.1963
4099	28.1973
4100	28.1976
4102	28.1984
4103	28.1984
4104	28.1982
4105	28.1987
4106	28.1984
4107	28.1985
4108	28.1981
4109	28.1984
4110	28.1978
4111	28.1979
4112	28.197
4114	28.1961
4115	28.196
4116	28.1958
4117	28.195
4118	28.1941
4119	28.1942
4120	28.1935
4121	28.1934
4122	28.193
4123	28.1923
4124	28.192
4125	28.1921
4126	28.1915
4127	28.1911
4128	28.1907
4129	28.1912
4130	28.1903
4131	28.1904
4132	28.1905
4133	28.1903
4134	28.19
4135	28.1907
4136	28.1905
4137	28.1906
4138	28.1912
4139	28.1914
4140	28.1914
4141	28.1917
4142	28.1919
4143	28.1917
4144	28.1921
4145	28.192
4146	28.1914
4147	28.1915
4148	28.1911
4149	28.1903
4150	28.1901
4151	28.1898
4152	28.1892
4153	28.1887
4154	28.1879
4155	28.1879
4156	28.1874
4157	28.1865
4158	28.1859
4159	28.1854
4160	28.1851
4162	28.184
4163	28.1833
4164	28.1822
4165	28.1825
4166	28.1817
4167	28.1813
4168	28.1809
4169	28.1808
4170	28.1805
4171	28.1808
4172	28.1804
4174	28.1802
4175	28.1804
4176	28.18
4177	28.1804
4178	28.1801
4179	28.1801
4180	28.1808
4181	28.1811
4182	28.1811
4183	28.1816
4184	28.182
4185	28.1824
4186	28.1829
4187	28.1834
4188	28.1835
4189	28.1843
4190	28.1848
4191	28.1855
4192	28.1858
4193	28.1859
4194	28.1861
4195	28.1867
4196	28.187
4198	28.1867
4199	28.1863
4200	28.1864
4201	28.1863
4202	28.1857
4203	28.1857
4204	28.1853
4205	28.1847
4206	28.1844
4207	28.1843
4208	28.1833
4209	28.1831
4210	28.1827
4211	28.1825
4212	28.182
4213	28.1815
4214	28.1811
4215	28.1811
4216	28.1808
4217	28.1803
4218	28.1798
4219	28.1801
4220	28.1797
4222	28.1797
4223	28.1794
4224	28.1791
4225	28.1797
4226	28.1799
4227	28.1798
4228	28.1798
4229	28.1799
4230	28.1808
4231	28.1809
4232	28.1814
4234	28.1822
4235	28.1827
4236	28.1837
4237	28.1844
4238	28.1844
4239	28.1852
4240	28.1858
4241	28.1861
4242	28.1864
4243	28.187
4244	28.1867
4245	28.1868
4246	28.1873
4247	28.1872
4248	28.1866
4249	28.1869
4250	28.1865
4251	28.1864
4252	28.1864
4253	28.1858
4254	28.1853
4255	28.185
4256	28.1845
4258	28.183
4259	28.183
4260	28.1818
4261	28.1815
4262	28.1812
4263	28.1803
4264	28.1794
4265	28.179
4266	28.178
4267	28.1778
4268	28.1772
4269	28.1765
4270	28.1758
4271	28.1754
4272	28.1753
4273	28.1753
4274	28.1743
4275	28.1745
4276	28.1743
4277	28.1739
4278	28.174
4279	28.174
4280	28.1741
4281	28.1746
4282	28.1751
4283	28.1754
4284	28.1757
4285	28.1765
4286	28.1767
4287	28.1773
4288	28.1783
4289	28.1792
4290	28.1795
4291	28.1805
4292	28.1805
4294	28.1809
4295	28.1811
4296	28.181
4297	28.1812
4298	28.1811
4299	28.1809
4300	28.1813
4301	28.1809
4302	28.1809
4303	28.1808
4304	28.1801
4305	28.1804
4306	28.1801
4307	28.1796
4308	28.1794
4309	28.1792
4310	28.1791
4311	28.179
4312	28.1789
4313	28.1786
4314	28.1786
4315	28.1792
4316	28.1783
4318	28.1787
4319	28.1789
4320	28.1789
4321	28.1796
4322	28.1798
4323	28.18
4324	28.1808
4325	28.1813
4326	28.1817
4327	28.1824
4328	28.1826
4330	28.1846
4331	28.1852
4332	28.1855
4333	28.1863
4334	28.1872
4335	28.1885
4336	28.1891
4337	28.19
4338	28.1908
4339	28.1917
4340	28.1925
4341	28.1929
4342	28.1931
4343	28.1937
4344	28.1934
4345	28.1945
4346	28.1945
4347	28.1949
4348	28.1951
4349	28.1953
4350	28.1959
4351	28.196
4352	28.1955
4354	28.1955
4355	28.1954
4356	28.1954
4357	28.195
4358	28.1949
4359	28.195
4360	28.1947
4361	28.1946
4362	28.1943
4363	28.1942
4364	28.1935
4365	28.194
4366	28.1939
4367	28.1935
4368	28.193
4369	28.1934
4370	28.1932
4371	28.193
4372	28.193
4373	28.1928
4374	28.1926
4375	28.1927
4376	28.1928
4378	28.1929
4379	28.1929
4380	28.193
4381	28.1934
4382	28.1937
4383	28.1937
4384	28.1936
4385	28.1942
4386	28.1943
4387	28.1944
4388	28.1938
4390	28.1939
4391	28.1934
4392	28.193
4393	28.1928
4394	28.1921
4395	28.1917
4396	28.1907
4397	28.1898
4398	28.1893
4399	28.1889
4400	28.1881
4402	28.1869
4403	28.1861
4404	28.1849
4405	28.1849
4406	28.1842
4407	28.1836
4408	28.1832
4409	28.1825
4410	28.1822
4411	28.1821
4412	28.1817
4413	28.1813
4414	28.181
4415	28.1814
4416	28.1807
4417	28.1807
4418	28.1811
4419	28.1809
4420	28.1811
4421	28.1815
4422	28.1814
4423	28.1815
4424	28.1814
4425	28.1819
4426	28.1825
4427	28.1826
4428	28.183
4429	28.1836
4430	28.1839
4431	28.1842
4432	28.1849
4433	28.1854
4434	28.1852
4435	28.1862
4436	28.1865
4438	28.1866
4439	28.187
4440	28.1871
4441	28.1875
4442	28.1873
4443	28.1869
4444	28.1864
4445	28.1869
4446	28.1866
4447	28.1865
4448	28.1857
4450	28.1855
4451	28.1854
4452	28.1854
4453	28.1847
4454	28.1843
4455	28.1844
4456	28.184
4457	28.1836
4458	28.1829
4459	28.1828
4460	28.1824
4462	28.1819
4463	28.181
4464	28.1807
4465	28.1812
4466	28.1805
4467	28.1806
4468	28.1807
4469	28.1805
4470	28.1809
4471	28.1814
4472	28.1811
4473	28.1817
4474	28.1817
4475	28.1827
4476	28.1829
4477	28.1836
4478	28.1844
4479	28.185
4480	28.1859
4481	28.1867
4482	28.1873
4483	28.1881
4484	28.1884
4485	28.1893
4486	28.1898
4487	28.1901
4488	28.1903
4489	28.1908
4490	28.1905
4491	28.1908
4492	28.1908
4493	28.1906
4494	28.19
4495	28.1901
4496	28.1893
4498	28.1885
4499	28.188
4500	28.1871
4501	28.1867
4502	28.186
4503	28.1854
4504	28.1846
4505	28.1841
4506	28.1831
4507	28.1833
4508	28.1824
4510	28.1812
4511	28.1809
4512	28.1802
4513	28.1803
4514	28.1792
4515	28.1794
4516	28.1792
4517	28.1791
4518	28.1786
4519	28.1785
4520	28.1786
4522	28.1788
4523	28.1793
4524	28.1791
4525	28.1797
4526	28.1798
4527	28.1803
4528	28.1805
4529	28.1811
4530	28.1813
4531	28.1821
4532	28.1825
4534	28.1833
4535	28.1831
4536	28.183
4537	28.1831
4538	28.1828
4539	28.1829
4540	28.1831
4541	28.1828
4542	28.1826
4543	28.1826
4544	28.182
4545	28.1824
4546	28.1818
4547	28.1815
4548	28.1811
4549	28.1811
4550	28.1808
4551	28.1802
4552	28.1801
4553	28.1798
4554	28.1795
4555	28.1799
4556	28.1792
4558	28.1787
4559	28.1787
4560	28.179
4561	28.1794
4562	28.1791
4563	28.1792
4564	28.1794
4565	28.1798
4566	28.18
4567	28.1804
4568	28.1803
4570	28.1817
4571	28.182
4572	28.1827
4573	28.1831
4574	28.1837
4575	28.1849
4576	28.1855
4577	28.1859
4578	28.1865
4579	28.1879
4580	28.1887
4582	28.1902
4583	28.1907
4584	28.1906
4585	28.192
4586	28.1921
4587	28.1924
4588	28.1927
4589	28.193
4590	28.1936
4591	28.1939
4592	28.194
4594	28.1939
4595	28.1945
4596	28.1944
4597	28.1945
4598	28.1944
4599	28.1946
4600	28.1949
4601	28.1949
4602	28.1946
4603	28.1948
4604	28.1945
4605	28.1951
4606	28.1951
4607	28.1947
4608	28.1947
4609	28.1947
4610	28.1947
4611	28.1949
4612	28.1947
4613	28.1947
4614	28.1948
4615	28.1951
4616	28.195
4617	28.195
4618	28.1951
4619	28.1954
4620	28.1953
4621	28.1957
4622	28.1957
4623	28.1958
4624	28.1958
4625	28.1964
4626	28.1963
4627	28.1967
4628	28.1966
4630	28.1963
4631	28.1967
4632	28.1965
4633	28.1962
4634	28.1953
4635	28.1953
4636	28.1951
4637	28.1945
4638	28.194
4639	28.1935
4640	28.1927
4642	28.1921
4643	28.1909
4644	28.19
4645	28.1898
4646	28.189
4647	28.1885
4648	28.1877
4649	28.1868
4650	28.1864
4651	28.1862
4652	28.1852
4654	28.1842
4655	28.184
4656	28.1833
4657	28.1833
4658	28.1826
4659	28.1821
4660	28.182
4661	28.1817
4662	28.1817
4663	28.1812
4664	28.1809
4665	28.181
4666	28.1809
4667	28.1811
4668	28.181
4669	28.1812
4670	28.1816
4671	28.182
4672	28.1825
4673	28.183
4674	28.1831
4675	28.184
4676	28.1844
4677	28.1846
4678	28.1852
4679	28.1859
4680	28.1863
4681	28.187
4682	28.1865
4683	28.187
4684	28.187
4685	28.187
4686	28.1868
4687	28.1873
4688	28.1866
4690	28.1863
4691	28.1863
4692	28.1858
4693	28.1856
4694	28.1851
4695	28.1847
4696	28.184
4697	28.1835
4698	28.1825
4699	28.1822
4700	28.1818
4702	28.181
4703	28.1803
4704	28.1796
4705	28.1799
4706	28.1791
4707	28.1794
4708	28.179
4709	28.1789
4710	28.1788
4711	28.179
4712	28.1788
4714	28.179
4715	28.1796
4716	28.1799
4717	28.1804
4718	28.1808
4719	28.1814
4720	28.1823
4721	28.1827
4722	28.183
4723	28.1842
4724	28.1843
4725	28.1854
4726	28.1863
4727	28.1868
4728	28.187
4729	28.1883
4730	28.1885
4731	28.1886
4732	28.1893
4733	28.189
4734	28.1889
4735	28.1893
4736	28.1888
4737	28.1889
4738	28.1883
4739	28.1882
4740	28.188
4741	28.1879
4742	28.1874
4743	28.1866
4744	28.1861
4745	28.1861
4746	28.1849
4747	28.1847
4748	28.184
4749	28.1838
4750	28.1832
4751	28.1829
4752	28.1824
4753	28.1824
4754	28.1816
4755	28.1819
4756	28.1815
4757	28.1812
4758	28.1808
4759	28.1812
4760	28.1807
4762	28.1808
4763	28.1805
4764	28.1804
4765	28.1813
4766	28.1811
4767	28.1812
4768	28.1816
4769	28.1816
4770	28.1818
4771	28.1824
4772	28.183
4774	28.1833
4775	28.1839
4776	28.1839
4777	28.1842
4778	28.184
4779	28.1841
4780	28.1841
4781	28.1842
4782	28.1839
4783	28.1836
4784	28.1833
4785	28.1834
4786	28.1828
4787	28.1822
4788	28.1822
4789	28.1817
4790	28.1814
4791	28.1809
4792	28.1805
4793	28.1801
4794	28.1794
4795	28.1799
4796	28.179
4798	28.1782
4799	28.178
4800	28.1779
4801	28.1784
4802	28.1774
4803	28.1771
4804	28.1777
4805	28.1779
4806	28.1777
4807	28.1779
4808	28.178
4809	28.178
4810	28.1787
4811	28.179
4812	28.1792
4813	28.1799
4814	28.1803
4815	28.1808
4816	28.1814
4817	28.182
4818	28.1823
4819	28.1834
4820	28.1845
4821	28.1853
4822	28.1859
4823	28.1865
4824	28.1871
4825	28.1883
4826	28.1886
4827	28.1891
4828	28.1895
4829	28.1902
4830	28.1908
4831	28.1912
4832	28.1913
4834	28.1918
4835	28.1921
4836	28.192
4837	28.1921
4838	28.1919
4839	28.1919
4840	28.1927
4841	28.1927
4842	28.193
4843	28.1929
4844	28.1927
4845	28.1933
4846	28.1933
4847	28.1935
4848	28.1932
4849	28.194
4850	28.1939
4851	28.1943
4852	28.1949
4853	28.195
4854	28.1943
4855	28.1951
4856	28.1956
4858	28.1957
4859	28.1957
4860	28.1961
4861	28.1964
4862	28.1966
4863	28.1967
4864	28.1966
4865	28.1972
4866	28.1971
4867	28.1975
4868	28.1975
4870	28.1981
4871	28.198
4872	28.1985
4873	28.1985
4874	28.1981
4875	28.1989
4876	28.1988
4877	28.1984
4878	28.1979
4879	28.1977
4880	28.1975
4881	28.1974
4882	28.1967
4883	28.1958
4884	28.1951
4885	28.1952
4886	28.1943
4887	28.1938
4888	28.1934
4889	28.1927
4890	28.1917
4891	28.1916
4892	28.1905
4894	28.1889
4895	28.1881
4896	28.1875
4897	28.187
4898	28.186
4899	28.1854
4900	28.1848
4901	28.184
4902	28.1837
4903	28.1831
4904	28.1825
4905	28.1826
4906	28.1818
4907	28.1818
4908	28.1819
4909	28.1817
4910	28.1815
4911	28.1817
4912	28.182
4913	28.1823
4914	28.182
4915	28.1829
4916	28.1832
4918	28.1842
4919	28.1848
4920	28.1853
4921	28.1863
4922	28.1866
4923	28.1872
4924	28.1873
4925	28.1879
4926	28.1875
4927	28.1879
4928	28.1882
4930	28.1875
4931	28.1871
4932	28.1872
4933	28.187
4934	28.1861
4935	28.1859
4936	28.1855
4937	28.1846
4938	28.184
4939	28.1841
4940	28.1833
4941	28.1828
4942	28.1821
4943	28.1818
4944	28.181
4945	28.181
4946	28.18
4947	28.1801
4948	28.1801
4949	28.1797
4950	28.1797
4951	28.1798
4952	28.1793
4953	28.1794
4954	28.1796
4955	28.1796
4956	28.1795
4957	28.1797
4958	28.1799
4959	28.1801
4960	28.1809
4961	28.1814
4962	28.1811
4963	28.1816
4964	28.1823
4965	28.1828
4966	28.183
4967	28.1837
4968	28.1843
4969	28.185
4970	28.1851
4971	28.1858
4972	28.1863
4973	28.1864
4974	28.1865
4975	28.1874
4976	28.1868
4978	28.1867
4979	28.1866
4980	28.1868
4981	28.1868
4982	28.1861
4983	28.1859
4984	28.1858
4985	28.1856
4986	28.1856
4987	28.1857
4988	28.185
4990	28.185
4991	28.1843
4992	28.1841
4993	28.1842
4994	28.1834
4995	28.1838
4996	28.1839
4997	28.1832
4998	28.1827
4999	28.1825
5000	28.1826
