1	0.027035
2	0.00690806
3	0.00673058
4	0.00429401
5	0.0030141
6	0.00222902
7	0.00168387
8	0.00129489
9	0.00101998
10	0.000824536
11	0.00066926
12	0.000546129
13	0.000452955
14	0.000378154
15	0.00031765
16	0.000268189
17	0.000227988
18	0.000195524
19	0.000169096
20	0.000147815
21	0.000130666
22	0.000116852
23	0.000105748
24	9.67282e-05
25	8.94545e-05
26	8.35487e-05
27	7.88034e-05
28	7.48044e-05
29	7.15059e-05
30	6.86931e-05
31	6.64281e-05
32	6.45448e-05
33	6.31305e-05
34	6.20438e-05
35	6.13069e-05
36	0.000154946
37	0.000152749
38	0.000151134
39	0.000150057
40	0.000149668
41	0.00014996
42	0.000151055
43	0.000152937
44	0.000155504
45	0.000158888
46	0.000162997
47	0.00016788
48	0.000173066
49	0.000178481
50	0.000184218
51	0.000190419
52	0.000196995
53	0.000203949
54	0.000211194
55	0.000219099
56	0.00022774
57	0.000237193
58	0.000108752
59	0.000115847
60	0.000122285
61	0.000128187
62	0.000133505
63	0.000137501
64	0.000139569
65	0.00014045
66	0.00014083
67	0.000140914
68	0.000140969
69	0.000141069
70	0.000141235
71	0.000141534
72	0.000141993
73	0.0001427
74	0.000143652
75	0.000144885
76	0.00014639
77	0.000148022
78	0.00014962
79	0.000150484
80	0.000149893
81	0.000148312
82	0.000146159
83	0.000143779
84	0.000141244
85	0.000138555
86	0.000135789
87	0.000132995
88	0.000130184
89	0.000127367
90	0.000124548
91	0.00012169
92	0.000118858
93	0.000116049
94	0.000113271
95	0.000110536
96	0.000107836
97	0.000105181
98	0.000102578
99	0.000100019
100	9.75113e-05
101	9.50796e-05
102	9.26947e-05
103	9.03532e-05
104	8.8061e-05
105	8.5817e-05
106	8.36175e-05
107	8.14659e-05
108	7.93634e-05
109	7.73068e-05
110	7.53003e-05
111	7.33392e-05
112	7.1429e-05
113	6.95652e-05
114	6.77502e-05
115	6.59794e-05
116	6.42542e-05
117	6.25747e-05
118	6.09397e-05
119	5.93464e-05
120	5.77967e-05
121	5.62896e-05
122	5.48226e-05
123	5.33968e-05
124	5.2013e-05
125	5.06675e-05
126	4.9371e-05
127	4.81115e-05
128	4.68858e-05
129	4.56944e-05
130	4.45347e-05
131	4.34066e-05
132	4.23083e-05
133	4.12395e-05
134	4.02007e-05
135	3.91889e-05
136	3.82058e-05
137	3.72496e-05
138	3.63209e-05
139	3.54177e-05
140	3.45402e-05
141	3.36885e-05
142	3.2861e-05
143	3.20575e-05
144	3.12782e-05
145	3.05214e-05
146	2.97871e-05
147	2.90744e-05
148	2.83824e-05
149	2.77107e-05
150	2.70593e-05
151	2.64268e-05
152	2.58118e-05
153	2.52144e-05
154	2.46343e-05
155	2.40705e-05
156	2.35221e-05
157	2.29894e-05
158	2.24712e-05
159	2.19679e-05
160	2.14784e-05
161	2.10025e-05
162	2.05395e-05
163	2.00892e-05
164	1.96515e-05
165	1.9226e-05
166	1.88117e-05
167	1.84088e-05
168	1.80161e-05
169	1.76352e-05
170	1.72644e-05
171	1.69032e-05
172	1.6551e-05
173	1.62082e-05
174	1.58755e-05
175	1.55519e-05
176	1.52363e-05
177	1.4928e-05
178	1.46282e-05
179	1.43374e-05
180	1.40539e-05
181	1.37775e-05
182	1.35069e-05
183	1.32437e-05
184	1.2988e-05
185	1.27388e-05
186	1.2495e-05
187	1.22563e-05
188	1.20237e-05
189	1.17978e-05
190	1.15778e-05
191	1.13625e-05
192	1.11512e-05
193	1.09457e-05
194	1.07454e-05
195	1.05509e-05
196	1.0361e-05
197	1.01738e-05
198	9.99255e-06
199	9.8152e-06
200	9.64272e-06
201	9.47455e-06
202	9.30815e-06
203	9.14742e-06
204	8.98946e-06
205	8.83632e-06
206	8.68656e-06
207	8.53804e-06
208	8.39461e-06
209	8.25313e-06
210	8.11606e-06
211	7.98221e-06
212	7.8494e-06
213	7.72066e-06
214	7.59334e-06
215	7.4699e-06
216	7.3492e-06
217	7.22974e-06
218	7.1134e-06
219	6.9981e-06
220	6.88622e-06
221	6.77706e-06
222	6.66891e-06
223	6.56341e-06
224	6.45825e-06
225	6.35646e-06
226	6.25724e-06
227	6.1588e-06
228	6.06268e-06
229	5.96671e-06
230	5.87312e-06
231	5.78286e-06
232	5.69298e-06
233	5.60482e-06
234	5.51695e-06
235	5.43132e-06
236	5.34841e-06
237	5.26598e-06
238	5.1842e-06
239	5.1032e-06
240	5.02372e-06
241	4.9471e-06
242	4.87078e-06
243	4.79545e-06
244	4.7203e-06
245	4.64634e-06
246	4.57527e-06
247	4.50504e-06
248	4.43513e-06
249	4.36535e-06
250	4.2964e-06
251	4.22995e-06
252	4.16494e-06
253	4.09968e-06
254	4.03515e-06
255	3.9712e-06
256	3.90917e-06
257	3.84886e-06
258	3.78802e-06
259	3.72749e-06
260	3.66801e-06
261	3.61024e-06
262	3.55404e-06
263	3.4971e-06
264	3.4409e-06
265	3.38547e-06
266	3.33119e-06
267	3.27823e-06
268	3.22511e-06
269	3.17297e-06
270	3.12096e-06
271	3.06951e-06
272	3.01931e-06
273	2.96994e-06
274	2.9217e-06
275	2.87243e-06
276	2.82449e-06
277	2.77748e-06
278	2.73123e-06
279	2.68661e-06
280	2.63933e-06
281	2.59505e-06
282	2.55126e-06
283	2.50762e-06
284	2.4659e-06
285	2.42163e-06
286	2.38054e-06
287	2.33951e-06
288	2.29839e-06
289	2.25932e-06
290	2.21756e-06
291	2.17923e-06
292	2.14032e-06
293	2.10174e-06
294	2.06522e-06
295	2.02629e-06
296	1.98993e-06
297	1.95369e-06
298	1.91759e-06
299	1.88338e-06
300	1.84733e-06
301	1.81273e-06
302	1.77982e-06
303	1.74587e-06
304	1.71367e-06
305	1.68108e-06
306	1.64861e-06
307	1.61887e-06
308	1.58666e-06
309	1.55615e-06
310	1.52676e-06
311	1.49595e-06
312	1.46823e-06
313	1.43813e-06
314	1.40959e-06
315	1.38272e-06
316	1.35402e-06
317	1.32781e-06
318	1.30048e-06
319	1.27362e-06
320	1.24896e-06
321	1.22239e-06
322	1.19783e-06
323	1.17342e-06
324	1.14817e-06
325	1.12514e-06
326	1.10115e-06
327	1.07848e-06
328	1.05628e-06
329	1.03281e-06
330	1.01163e-06
331	9.89501e-07
332	9.69118e-07
333	9.48277e-07
334	9.27394e-07
335	9.07725e-07
336	8.87092e-07
337	8.68795e-07
338	8.494e-07
339	8.30541e-07
340	8.11796e-07
341	7.92686e-07
342	7.7621e-07
343	7.58135e-07
344	7.4109e-07
345	7.23918e-07
346	7.05847e-07
347	6.91325e-07
348	6.7494e-07
349	6.58855e-07
350	6.43656e-07
351	6.27013e-07
352	6.13703e-07
353	5.99167e-07
354	5.84039e-07
355	5.70578e-07
356	5.55551e-07
357	5.43378e-07
358	5.3038e-07
359	5.16203e-07
360	5.03657e-07
361	4.9018e-07
362	4.78378e-07
363	4.67604e-07
364	4.54046e-07
365	4.42764e-07
366	4.31081e-07
367	4.1957e-07
368	4.10629e-07
369	3.98263e-07
370	3.87724e-07
371	3.77885e-07
372	3.66772e-07
373	3.59557e-07
374	3.48628e-07
375	3.38577e-07
376	3.30426e-07
377	3.19733e-07
378	3.1388e-07
379	3.04686e-07
380	2.95085e-07
381	2.88517e-07
382	2.78316e-07
383	2.73254e-07
384	2.66016e-07
385	2.56762e-07
386	2.51678e-07
387	2.41599e-07
388	2.36987e-07
389	2.31386e-07
390	2.22512e-07
391	2.182e-07
392	2.09016e-07
393	2.04843e-07
394	2.00429e-07
395	1.92577e-07
396	1.87735e-07
397	1.80594e-07
398	1.76422e-07
399	1.73296e-07
400	1.6622e-07
401	1.61588e-07
402	1.56849e-07
403	1.51951e-07
404	1.49868e-07
405	1.44516e-07
406	1.39744e-07
407	1.36787e-07
408	1.3133e-07
409	1.29286e-07
410	1.25836e-07
411	1.20318e-07
412	1.18611e-07
413	1.12648e-07
414	1.11581e-07
415	1.09503e-07
416	1.03479e-07
417	1.02743e-07
418	9.67535e-08
419	9.65218e-08
420	9.50655e-08
421	8.94253e-08
422	8.85204e-08
423	8.36378e-08
424	8.30697e-08
425	8.22477e-08
426	7.79305e-08
427	7.68575e-08
428	7.33532e-08
429	7.25061e-08
430	7.16971e-08
431	6.93148e-08
432	6.77982e-08
433	6.53145e-08
434	6.37785e-08
435	6.33438e-08
436	6.24059e-08
437	6.02324e-08
438	5.83571e-08
439	5.65572e-08
440	5.65345e-08
441	5.56252e-08
442	5.34225e-08
443	5.21904e-08
444	5.00067e-08
445	5.06134e-08
446	5.01817e-08
447	4.7525e-08
448	4.75966e-08
449	4.5521e-08
450	4.61766e-08
451	4.56749e-08
452	4.34422e-08
453	4.36659e-08
454	4.18354e-08
455	4.20921e-08
456	4.18905e-08
457	3.98685e-08
458	3.97309e-08
459	3.73949e-08
460	3.75284e-08
461	3.75428e-08
462	3.62763e-08
463	3.58146e-08
464	3.31359e-08
465	3.35652e-08
466	3.3559e-08
467	3.30318e-08
468	3.23448e-08
469	2.99204e-08
470	3.05949e-08
471	3.07749e-08
472	3.0657e-08
473	3.01449e-08
474	2.86398e-08
475	2.90826e-08
476	2.95387e-08
477	2.96836e-08
478	2.95075e-08
479	2.87822e-08
480	2.89494e-08
481	2.94607e-08
482	2.94756e-08
483	2.93441e-08
484	2.90833e-08
485	2.86334e-08
486	2.90962e-08
487	2.91335e-08
488	2.88122e-08
489	2.8922e-08
490	2.74094e-08
491	2.82396e-08
492	2.81961e-08
493	2.76038e-08
494	2.81308e-08
495	2.62575e-08
496	2.76896e-08
497	2.7422e-08
498	2.61067e-08
499	2.76535e-08
500	2.53185e-08
501	2.7128e-08
502	2.68652e-08
503	2.51169e-08
504	2.69446e-08
505	2.45704e-08
506	2.59535e-08
507	2.55505e-08
508	2.38913e-08
509	2.53025e-08
510	2.35747e-08
511	2.43937e-08
512	2.42209e-08
513	2.29705e-08
514	2.44473e-08
515	2.29639e-08
516	2.30438e-08
517	2.32124e-08
518	2.22041e-08
519	2.36554e-08
520	2.22522e-08
521	2.23191e-08
522	2.31011e-08
523	2.21475e-08
524	2.31912e-08
525	2.24526e-08
526	2.24033e-08
527	2.36784e-08
528	2.27799e-08
529	2.324e-08
530	2.29346e-08
531	2.27207e-08
532	2.41923e-08
533	2.33864e-08
534	2.32614e-08
535	2.35646e-08
536	2.29146e-08
537	2.43159e-08
538	2.30772e-08
539	2.30134e-08
540	2.39632e-08
541	2.32242e-08
542	2.40929e-08
543	2.33923e-08
544	2.25825e-08
545	2.45843e-08
546	2.35214e-08
547	2.38028e-08
548	2.4323e-08
549	2.28401e-08
550	2.46317e-08
551	2.40017e-08
552	2.41588e-08
553	2.48288e-08
554	2.302e-08
555	2.43053e-08
556	2.36216e-08
557	2.40987e-08
558	2.43096e-08
559	2.2777e-08
560	2.40556e-08
561	2.29863e-08
562	2.41585e-08
563	2.38479e-08
564	2.25074e-08
565	2.35879e-08
566	2.22098e-08
567	2.38921e-08
568	2.33897e-08
569	2.26881e-08
570	2.37912e-08
571	2.1656e-08
572	2.45267e-08
573	2.3793e-08
574	2.36068e-08
575	2.46192e-08
576	2.22461e-08
577	2.55895e-08
578	2.49875e-08
579	2.47778e-08
580	2.52286e-08
581	2.34816e-08
582	2.62218e-08
583	2.60779e-08
584	2.49301e-08
585	2.56395e-08
586	2.45038e-08
587	2.63611e-08
588	2.69566e-08
589	2.50214e-08
590	2.61066e-08
591	2.51593e-08
592	2.57819e-08
593	2.77004e-08
594	2.56532e-08
595	2.62914e-08
596	2.55425e-08
597	2.52559e-08
598	2.79225e-08
599	2.58959e-08
600	2.62017e-08
601	2.58809e-08
602	2.45995e-08
603	2.76121e-08
604	2.58148e-08
605	2.55113e-08
606	2.59261e-08
607	2.35956e-08
608	2.71863e-08
609	2.5789e-08
610	2.46724e-08
611	2.58956e-08
612	2.30049e-08
613	2.66959e-08
614	2.563e-08
615	2.43398e-08
616	2.60147e-08
617	2.29284e-08
618	2.62719e-08
619	2.63439e-08
620	2.49645e-08
621	2.67378e-08
622	2.41084e-08
623	2.62497e-08
624	2.77594e-08
625	2.55692e-08
626	2.7488e-08
627	2.56347e-08
628	2.66492e-08
629	2.90957e-08
630	2.61253e-08
631	2.77443e-08
632	2.66025e-08
633	2.6197e-08
634	2.91917e-08
635	2.66711e-08
636	2.70507e-08
637	2.67087e-08
638	2.56169e-08
639	2.87934e-08
640	2.71371e-08
641	2.64004e-08
642	2.70242e-08
643	2.47175e-08
644	2.83464e-08
645	2.72788e-08
646	2.58762e-08
647	2.75023e-08
648	2.43983e-08
649	2.786e-08
650	2.75191e-08
651	2.5678e-08
652	2.76134e-08
653	2.41928e-08
654	2.69568e-08
655	2.74577e-08
656	2.51495e-08
657	2.73626e-08
658	2.41278e-08
659	2.57931e-08
660	2.75132e-08
661	2.49585e-08
662	2.67593e-08
663	2.44091e-08
664	2.54282e-08
665	2.78565e-08
666	2.4856e-08
667	2.61094e-08
668	2.5255e-08
669	2.48645e-08
670	2.82164e-08
671	2.5917e-08
672	2.60942e-08
673	2.64349e-08
674	2.49719e-08
675	2.83286e-08
676	2.71407e-08
677	2.59856e-08
678	2.75428e-08
679	2.46249e-08
680	2.78985e-08
681	2.77166e-08
682	2.53734e-08
683	2.74719e-08
684	2.40425e-08
685	2.6842e-08
686	2.74152e-08
687	2.45626e-08
688	2.70741e-08
689	2.34916e-08
690	2.59583e-08
691	2.73077e-08
692	2.44855e-08
693	2.68799e-08
694	2.40342e-08
695	2.55512e-08
696	2.78767e-08
697	2.54885e-08
698	2.65516e-08
699	2.4757e-08
700	2.52234e-08
701	2.7775e-08
702	2.51738e-08
703	2.58028e-08
704	2.5621e-08
705	2.45687e-08
706	2.71959e-08
707	2.56708e-08
708	2.51369e-08
709	2.63831e-08
710	2.39257e-08
711	2.65668e-08
712	2.66079e-08
713	2.4423e-08
714	2.67733e-08
715	2.35948e-08
716	2.62995e-08
717	2.74068e-08
718	2.42944e-08
719	2.69153e-08
720	2.37151e-08
721	2.62179e-08
722	2.78559e-08
723	2.48726e-08
724	2.69323e-08
725	2.41337e-08
726	2.6e-08
727	2.80188e-08
728	2.52308e-08
729	2.66217e-08
730	2.48921e-08
731	2.52128e-08
732	2.74781e-08
733	2.6107e-08
734	2.64536e-08
735	2.60834e-08
736	2.56158e-08
737	2.78574e-08
738	2.75053e-08
739	2.67964e-08
740	2.76236e-08
741	2.60068e-08
742	2.82771e-08
743	2.84335e-08
744	2.67674e-08
745	2.81577e-08
746	2.5697e-08
747	2.79063e-08
748	2.85176e-08
749	2.59592e-08
750	2.75576e-08
751	2.50318e-08
752	2.70268e-08
753	2.81163e-08
754	2.50975e-08
755	2.64771e-08
756	2.45095e-08
757	2.58059e-08
758	2.71149e-08
759	2.46662e-08
760	2.55905e-08
761	2.42691e-08
762	2.46732e-08
763	2.59045e-08
764	2.49551e-08
765	2.49253e-08
766	2.41786e-08
767	2.40464e-08
768	2.54484e-08
769	2.57104e-08
770	2.48721e-08
771	2.46203e-08
772	2.35373e-08
773	2.55209e-08
774	2.63749e-08
775	2.51765e-08
776	2.47401e-08
777	2.38792e-08
778	2.5664e-08
779	2.61773e-08
780	2.50385e-08
781	2.45449e-08
782	2.43126e-08
783	2.55425e-08
784	2.56142e-08
785	2.45853e-08
786	2.47415e-08
787	2.45443e-08
788	2.54996e-08
789	2.54166e-08
790	2.44781e-08
791	2.54485e-08
792	2.47435e-08
793	2.54322e-08
794	2.58739e-08
795	2.48984e-08
796	2.58096e-08
797	2.44219e-08
798	2.46262e-08
799	2.5556e-08
800	2.48213e-08
801	2.52938e-08
802	2.33785e-08
803	2.3758e-08
804	2.48822e-08
805	2.43425e-08
806	2.41737e-08
807	2.20471e-08
808	2.32849e-08
809	2.37328e-08
810	2.35619e-08
811	2.3326e-08
812	2.16608e-08
813	2.2985e-08
814	2.31235e-08
815	2.33472e-08
816	2.34615e-08
817	2.23281e-08
818	2.33989e-08
819	2.35811e-08
820	2.38916e-08
821	2.42033e-08
822	2.33342e-08
823	2.4022e-08
824	2.37036e-08
825	2.41071e-08
826	2.44038e-08
827	2.39389e-08
828	2.35136e-08
829	2.38424e-08
830	2.42146e-08
831	2.41702e-08
832	2.44768e-08
833	2.32419e-08
834	2.46937e-08
835	2.46602e-08
836	2.36607e-08
837	2.51875e-08
838	2.30185e-08
839	2.53243e-08
840	2.5163e-08
841	2.36279e-08
842	2.57197e-08
843	2.30395e-08
844	2.52524e-08
845	2.47032e-08
846	2.33023e-08
847	2.52146e-08
848	2.26685e-08
849	2.44426e-08
850	2.3709e-08
851	2.28394e-08
852	2.47969e-08
853	2.25901e-08
854	2.3247e-08
855	2.32577e-08
856	2.2318e-08
857	2.40087e-08
858	2.22111e-08
859	2.23945e-08
860	2.36945e-08
861	2.22868e-08
862	2.36494e-08
863	2.29117e-08
864	2.27492e-08
865	2.46509e-08
866	2.32893e-08
867	2.38996e-08
868	2.39474e-08
869	2.3524e-08
870	2.51932e-08
871	2.43544e-08
872	2.4174e-08
873	2.47735e-08
874	2.43486e-08
875	2.52637e-08
876	2.46791e-08
877	2.42939e-08
878	2.53868e-08
879	2.49694e-08
880	2.53776e-08
881	2.49568e-08
882	2.43729e-08
883	2.55996e-08
884	2.54577e-08
885	2.55005e-08
886	2.56088e-08
887	2.46161e-08
888	2.58018e-08
889	2.56436e-08
890	2.59453e-08
891	2.60613e-08
892	2.45943e-08
893	2.58805e-08
894	2.53226e-08
895	2.59236e-08
896	2.55849e-08
897	2.43432e-08
898	2.58403e-08
899	2.45365e-08
900	2.57695e-08
901	2.52369e-08
902	2.40095e-08
903	2.54063e-08
904	2.34941e-08
905	2.56912e-08
906	2.49374e-08
907	2.41172e-08
908	2.53922e-08
909	2.29291e-08
910	2.61322e-08
911	2.51287e-08
912	2.44156e-08
913	2.56334e-08
914	2.30749e-08
915	2.66133e-08
916	2.57683e-08
917	2.49055e-08
918	2.62393e-08
919	2.35459e-08
920	2.70829e-08
921	2.6364e-08
922	2.5192e-08
923	2.64238e-08
924	2.39544e-08
925	2.65236e-08
926	2.65683e-08
927	2.52184e-08
928	2.6435e-08
929	2.43816e-08
930	2.63453e-08
931	2.7475e-08
932	2.50842e-08
933	2.65642e-08
934	2.51093e-08
935	2.54727e-08
936	2.7957e-08
937	2.54202e-08
938	2.64898e-08
939	2.56663e-08
940	2.51359e-08
941	2.79555e-08
942	2.56487e-08
943	2.56441e-08
944	2.54451e-08
945	2.40606e-08
946	2.71158e-08
947	2.55262e-08
948	2.47097e-08
949	2.52988e-08
950	2.29616e-08
951	2.64024e-08
952	2.52697e-08
953	2.39679e-08
954	2.55478e-08
955	2.23054e-08
956	2.57883e-08
957	2.57209e-08
958	2.38725e-08
959	2.60805e-08
960	2.26852e-08
961	2.53696e-08
962	2.6527e-08
963	2.4154e-08
964	2.65268e-08
965	2.37412e-08
966	2.52543e-08
967	2.7443e-08
968	2.47273e-08
969	2.65677e-08
970	2.49336e-08
971	2.53578e-08
972	2.82655e-08
973	2.55966e-08
974	2.62238e-08
975	2.59064e-08
976	2.5003e-08
977	2.8156e-08
978	2.62101e-08
979	2.58055e-08
980	2.66019e-08
981	2.45152e-08
982	2.77225e-08
983	2.69698e-08
984	2.5511e-08
985	2.72833e-08
986	2.42912e-08
987	2.75587e-08
988	2.76694e-08
989	2.54009e-08
990	2.7774e-08
991	2.42313e-08
992	2.69752e-08
993	2.77703e-08
994	2.49455e-08
995	2.73694e-08
996	2.38569e-08
997	2.58202e-08
998	2.75269e-08
999	2.46473e-08
1000	2.63066e-08
1001	2.38724e-08
1002	2.46144e-08
1003	2.7138e-08
1004	2.44014e-08
1005	2.52407e-08
1006	2.43716e-08
1007	2.39892e-08
1008	2.69948e-08
1009	2.47691e-08
1010	2.48674e-08
1011	2.58856e-08
1012	2.39411e-08
1013	2.71449e-08
1014	2.65105e-08
1015	2.51353e-08
1016	2.70996e-08
1017	2.41007e-08
1018	2.70719e-08
1019	2.74916e-08
1020	2.4559e-08
1021	2.70297e-08
1022	2.35426e-08
1023	2.60792e-08
1024	2.70824e-08
1025	2.38855e-08
1026	2.62246e-08
1027	2.28086e-08
1028	2.48965e-08
1029	2.65669e-08
1030	2.38272e-08
1031	2.54555e-08
1032	2.30369e-08
1033	2.38794e-08
1034	2.65009e-08
1035	2.44017e-08
1036	2.5292e-08
1037	2.43456e-08
1038	2.40721e-08
1039	2.66229e-08
1040	2.48516e-08
1041	2.48481e-08
1042	2.53795e-08
1043	2.36815e-08
1044	2.61439e-08
1045	2.53886e-08
1046	2.40003e-08
1047	2.58679e-08
1048	2.30521e-08
1049	2.56266e-08
1050	2.61397e-08
1051	2.34618e-08
1052	2.57298e-08
1053	2.26623e-08
1054	2.50832e-08
1055	2.64279e-08
1056	2.32032e-08
1057	2.53669e-08
1058	2.26129e-08
1059	2.47894e-08
1060	2.66534e-08
1061	2.3858e-08
1062	2.54704e-08
1063	2.35976e-08
1064	2.46931e-08
1065	2.66941e-08
1066	2.47186e-08
1067	2.54969e-08
1068	2.45427e-08
1069	2.40555e-08
1070	2.61507e-08
1071	2.57689e-08
1072	2.51069e-08
1073	2.52437e-08
1074	2.4133e-08
1075	2.61819e-08
1076	2.63261e-08
1077	2.49655e-08
1078	2.56632e-08
1079	2.39038e-08
1080	2.59516e-08
1081	2.63522e-08
1082	2.46551e-08
1083	2.57952e-08
1084	2.40068e-08
1085	2.60599e-08
1086	2.68956e-08
1087	2.47578e-08
1088	2.59874e-08
1089	2.43528e-08
1090	2.59369e-08
1091	2.68775e-08
1092	2.44351e-08
1093	2.56938e-08
1094	2.45182e-08
1095	2.53575e-08
1096	2.64603e-08
1097	2.48195e-08
1098	2.54467e-08
1099	2.43074e-08
1100	2.45977e-08
1101	2.57309e-08
1102	2.52289e-08
1103	2.50334e-08
1104	2.41117e-08
1105	2.39681e-08
1106	2.548e-08
1107	2.59389e-08
1108	2.51533e-08
1109	2.43816e-08
1110	2.39253e-08
1111	2.56929e-08
1112	2.68253e-08
1113	2.57596e-08
1114	2.48246e-08
1115	2.5144e-08
1116	2.63941e-08
1117	2.68601e-08
1118	2.619e-08
1119	2.52906e-08
1120	2.5865e-08
1121	2.65846e-08
1122	2.64604e-08
1123	2.61821e-08
1124	2.55932e-08
1125	2.58823e-08
1126	2.64029e-08
1127	2.62492e-08
1128	2.59214e-08
1129	2.62913e-08
1130	2.5751e-08
1131	2.61969e-08
1132	2.67127e-08
1133	2.62301e-08
1134	2.72949e-08
1135	2.56051e-08
1136	2.61478e-08
1137	2.69225e-08
1138	2.60565e-08
1139	2.69055e-08
1140	2.45304e-08
1141	2.57709e-08
1142	2.64009e-08
1143	2.51826e-08
1144	2.60428e-08
1145	2.35964e-08
1146	2.53575e-08
1147	2.54128e-08
1148	2.42934e-08
1149	2.53454e-08
1150	2.31094e-08
1151	2.4778e-08
1152	2.45661e-08
1153	2.38167e-08
1154	2.52377e-08
1155	2.31493e-08
1156	2.45956e-08
1157	2.41732e-08
1158	2.41639e-08
1159	2.55585e-08
1160	2.42877e-08
1161	2.44079e-08
1162	2.44474e-08
1163	2.48889e-08
1164	2.55625e-08
1165	2.46678e-08
1166	2.40753e-08
1167	2.52393e-08
1168	2.49627e-08
1169	2.49563e-08
1170	2.49541e-08
1171	2.38723e-08
1172	2.57753e-08
1173	2.48427e-08
1174	2.41612e-08
1175	2.52292e-08
1176	2.35267e-08
1177	2.55955e-08
1178	2.42398e-08
1179	2.34389e-08
1180	2.53701e-08
1181	2.32564e-08
1182	2.49856e-08
1183	2.3866e-08
1184	2.28083e-08
1185	2.5089e-08
1186	2.29579e-08
1187	2.37828e-08
1188	2.36705e-08
1189	2.21404e-08
1190	2.43175e-08
1191	2.2476e-08
1192	2.26177e-08
1193	2.363e-08
1194	2.16171e-08
1195	2.32647e-08
1196	2.22262e-08
1197	2.21436e-08
1198	2.34795e-08
1199	2.14469e-08
1200	2.26137e-08
1201	2.20382e-08
1202	2.25452e-08
1203	2.33196e-08
1204	2.1865e-08
1205	2.30885e-08
1206	2.27445e-08
1207	2.40043e-08
1208	2.39441e-08
1209	2.31396e-08
1210	2.44211e-08
1211	2.36185e-08
1212	2.52932e-08
1213	2.45019e-08
1214	2.43332e-08
1215	2.51133e-08
1216	2.35344e-08
1217	2.58171e-08
1218	2.46897e-08
1219	2.47077e-08
1220	2.48398e-08
1221	2.33485e-08
1222	2.52581e-08
1223	2.47288e-08
1224	2.48497e-08
1225	2.46529e-08
1226	2.35308e-08
1227	2.55778e-08
1228	2.57108e-08
1229	2.45466e-08
1230	2.48968e-08
1231	2.44056e-08
1232	2.55518e-08
1233	2.63712e-08
1234	2.47229e-08
1235	2.5117e-08
1236	2.46015e-08
1237	2.47304e-08
1238	2.6572e-08
1239	2.46787e-08
1240	2.50065e-08
1241	2.45182e-08
1242	2.39151e-08
1243	2.65053e-08
1244	2.45043e-08
1245	2.48123e-08
1246	2.44518e-08
1247	2.30423e-08
1248	2.62414e-08
1249	2.45518e-08
1250	2.42682e-08
1251	2.47369e-08
1252	2.25494e-08
1253	2.63472e-08
1254	2.51163e-08
1255	2.41767e-08
1256	2.55965e-08
1257	2.27521e-08
1258	2.66113e-08
1259	2.58986e-08
1260	2.45553e-08
1261	2.63572e-08
1262	2.33201e-08
1263	2.59931e-08
1264	2.65982e-08
1265	2.49902e-08
1266	2.63371e-08
1267	2.39138e-08
1268	2.55477e-08
1269	2.72339e-08
1270	2.43359e-08
1271	2.59796e-08
1272	2.45317e-08
1273	2.45817e-08
1274	2.74434e-08
1275	2.46107e-08
1276	2.54874e-08
1277	2.49241e-08
1278	2.40474e-08
1279	2.71213e-08
1280	2.50809e-08
1281	2.48358e-08
1282	2.49199e-08
1283	2.31326e-08
1284	2.65993e-08
1285	2.49878e-08
1286	2.39783e-08
1287	2.4907e-08
1288	2.20968e-08
1289	2.57176e-08
1290	2.47159e-08
1291	2.30773e-08
1292	2.47578e-08
1293	2.14312e-08
1294	2.4478e-08
1295	2.44466e-08
1296	2.26358e-08
1297	2.4557e-08
1298	2.15362e-08
1299	2.35232e-08
1300	2.4983e-08
1301	2.29923e-08
1302	2.51e-08
1303	2.28985e-08
1304	2.43768e-08
1305	2.68354e-08
1306	2.39414e-08
1307	2.58648e-08
1308	2.48646e-08
1309	2.44679e-08
1310	2.79496e-08
1311	2.53853e-08
1312	2.58073e-08
1313	2.57522e-08
1314	2.42486e-08
1315	2.76965e-08
1316	2.60445e-08
1317	2.50276e-08
1318	2.60584e-08
1319	2.33781e-08
1320	2.70383e-08
1321	2.61716e-08
1322	2.43867e-08
1323	2.61066e-08
1324	2.28705e-08
1325	2.60422e-08
1326	2.62863e-08
1327	2.40247e-08
1328	2.63276e-08
1329	2.28611e-08
1330	2.5388e-08
1331	2.63687e-08
1332	2.39111e-08
1333	2.59814e-08
1334	2.30761e-08
1335	2.42937e-08
1336	2.64419e-08
1337	2.38145e-08
1338	2.54821e-08
1339	2.37199e-08
1340	2.40518e-08
1341	2.68252e-08
1342	2.40836e-08
1343	2.48673e-08
1344	2.45792e-08
1345	2.3368e-08
1346	2.70256e-08
1347	2.50108e-08
1348	2.46098e-08
1349	2.58837e-08
1350	2.34933e-08
1351	2.72582e-08
1352	2.6785e-08
1353	2.5109e-08
1354	2.72552e-08
1355	2.43098e-08
1356	2.75442e-08
1357	2.78783e-08
1358	2.53881e-08
1359	2.79262e-08
1360	2.44562e-08
1361	2.70953e-08
1362	2.81789e-08
1363	2.53886e-08
1364	2.77815e-08
1365	2.4509e-08
1366	2.62302e-08
1367	2.81737e-08
1368	2.57384e-08
1369	2.72372e-08
1370	2.52162e-08
1371	2.58883e-08
1372	2.85461e-08
1373	2.60299e-08
1374	2.69923e-08
1375	2.63869e-08
1376	2.59375e-08
1377	2.87976e-08
1378	2.66553e-08
1379	2.66955e-08
1380	2.7762e-08
1381	2.54073e-08
1382	2.85447e-08
1383	2.77347e-08
1384	2.61162e-08
1385	2.79889e-08
1386	2.50305e-08
1387	2.77982e-08
1388	2.82674e-08
1389	2.53886e-08
1390	2.77585e-08
1391	2.4446e-08
1392	2.69024e-08
1393	2.8014e-08
1394	2.49035e-08
1395	2.72512e-08
1396	2.39905e-08
1397	2.61781e-08
1398	2.78985e-08
1399	2.53471e-08
1400	2.70432e-08
1401	2.46449e-08
1402	2.59339e-08
1403	2.84074e-08
1404	2.62773e-08
1405	2.7276e-08
1406	2.63136e-08
1407	2.62498e-08
1408	2.88213e-08
1409	2.74595e-08
1410	2.75647e-08
1411	2.78278e-08
1412	2.66196e-08
1413	2.88118e-08
1414	2.81541e-08
1415	2.69837e-08
1416	2.84035e-08
1417	2.59395e-08
1418	2.83624e-08
1419	2.87581e-08
1420	2.63382e-08
1421	2.83172e-08
1422	2.54021e-08
1423	2.78726e-08
1424	2.89823e-08
1425	2.60466e-08
1426	2.78506e-08
1427	2.51516e-08
1428	2.70924e-08
1429	2.86392e-08
1430	2.53179e-08
1431	2.68554e-08
1432	2.48564e-08
1433	2.57987e-08
1434	2.73071e-08
1435	2.51929e-08
1436	2.57688e-08
1437	2.44175e-08
1438	2.46316e-08
1439	2.58318e-08
1440	2.51233e-08
1441	2.47529e-08
1442	2.41461e-08
1443	2.33199e-08
1444	2.50238e-08
1445	2.56288e-08
1446	2.45864e-08
1447	2.44654e-08
1448	2.35506e-08
1449	2.56347e-08
1450	2.64547e-08
1451	2.55401e-08
1452	2.52395e-08
1453	2.4502e-08
1454	2.63936e-08
1455	2.68793e-08
1456	2.56836e-08
1457	2.57852e-08
1458	2.52649e-08
1459	2.66696e-08
1460	2.67977e-08
1461	2.53875e-08
1462	2.6124e-08
1463	2.54435e-08
1464	2.64368e-08
1465	2.65978e-08
1466	2.54177e-08
1467	2.63699e-08
1468	2.51006e-08
1469	2.55225e-08
1470	2.61863e-08
1471	2.51976e-08
1472	2.59596e-08
1473	2.42741e-08
1474	2.47447e-08
1475	2.57526e-08
1476	2.53206e-08
1477	2.54945e-08
1478	2.32703e-08
1479	2.38675e-08
1480	2.47307e-08
1481	2.46204e-08
1482	2.41008e-08
1483	2.23952e-08
1484	2.35084e-08
1485	2.38709e-08
1486	2.37992e-08
1487	2.3555e-08
1488	2.21488e-08
1489	2.29248e-08
1490	2.31649e-08
1491	2.34492e-08
1492	2.3475e-08
1493	2.26274e-08
1494	2.33865e-08
1495	2.36734e-08
1496	2.39997e-08
1497	2.44184e-08
1498	2.38132e-08
1499	2.43011e-08
1500	2.42646e-08
1501	2.48816e-08
1502	2.51461e-08
1503	2.51672e-08
1504	2.44255e-08
1505	2.49712e-08
1506	2.53212e-08
1507	2.48301e-08
1508	2.54637e-08
1509	2.38445e-08
1510	2.52029e-08
1511	2.52321e-08
1512	2.36915e-08
1513	2.52389e-08
1514	2.28681e-08
1515	2.49044e-08
1516	2.46825e-08
1517	2.2989e-08
1518	2.47366e-08
1519	2.21235e-08
1520	2.41607e-08
1521	2.36368e-08
1522	2.24636e-08
1523	2.42401e-08
1524	2.18938e-08
1525	2.32949e-08
1526	2.26322e-08
1527	2.18347e-08
1528	2.365e-08
1529	2.15369e-08
1530	2.19138e-08
1531	2.22211e-08
1532	2.12056e-08
1533	2.26204e-08
1534	2.09585e-08
1535	2.09015e-08
1536	2.21693e-08
1537	2.07121e-08
1538	2.15876e-08
1539	2.09358e-08
1540	2.04532e-08
1541	2.23214e-08
1542	2.10444e-08
1543	2.11036e-08
1544	2.15121e-08
1545	2.07543e-08
1546	2.24927e-08
1547	2.16526e-08
1548	2.15e-08
1549	2.26669e-08
1550	2.22877e-08
1551	2.32117e-08
1552	2.25335e-08
1553	2.22125e-08
1554	2.37821e-08
1555	2.30015e-08
1556	2.3511e-08
1557	2.33819e-08
1558	2.23947e-08
1559	2.3831e-08
1560	2.32829e-08
1561	2.35187e-08
1562	2.37869e-08
1563	2.24292e-08
1564	2.37737e-08
1565	2.31135e-08
1566	2.35367e-08
1567	2.38862e-08
1568	2.21505e-08
1569	2.40169e-08
1570	2.27299e-08
1571	2.40114e-08
1572	2.39993e-08
1573	2.23568e-08
1574	2.41037e-08
1575	2.22258e-08
1576	2.39409e-08
1577	2.36454e-08
1578	2.20307e-08
1579	2.35493e-08
1580	2.14697e-08
1581	2.38044e-08
1582	2.30785e-08
1583	2.21928e-08
1584	2.33415e-08
1585	2.08434e-08
1586	2.37051e-08
1587	2.28427e-08
1588	2.22591e-08
1589	2.30988e-08
1590	2.09101e-08
1591	2.35558e-08
1592	2.32393e-08
1593	2.2835e-08
1594	2.34163e-08
1595	2.19919e-08
1596	2.44007e-08
1597	2.47551e-08
1598	2.3516e-08
1599	2.45308e-08
1600	2.36027e-08
1601	2.51421e-08
1602	2.6155e-08
1603	2.42114e-08
1604	2.53706e-08
1605	2.4692e-08
1606	2.48503e-08
1607	2.70476e-08
1608	2.50087e-08
1609	2.56018e-08
1610	2.52765e-08
1611	2.44975e-08
1612	2.73532e-08
1613	2.53759e-08
1614	2.56672e-08
1615	2.58743e-08
1616	2.40493e-08
1617	2.75294e-08
1618	2.59692e-08
1619	2.54939e-08
1620	2.6374e-08
1621	2.38803e-08
1622	2.76277e-08
1623	2.63473e-08
1624	2.50731e-08
1625	2.64724e-08
1626	2.34859e-08
1627	2.71315e-08
1628	2.63398e-08
1629	2.48277e-08
1630	2.67546e-08
1631	2.34859e-08
1632	2.6519e-08
1633	2.68439e-08
1634	2.50899e-08
1635	2.68295e-08
1636	2.39915e-08
1637	2.57423e-08
1638	2.73592e-08
1639	2.48997e-08
1640	2.68091e-08
1641	2.49372e-08
1642	2.57757e-08
1643	2.84809e-08
1644	2.56557e-08
1645	2.72385e-08
1646	2.64267e-08
1647	2.60956e-08
1648	2.93241e-08
1649	2.71719e-08
1650	2.73405e-08
1651	2.73693e-08
1652	2.61312e-08
1653	2.91812e-08
1654	2.76476e-08
1655	2.68645e-08
1656	2.77205e-08
1657	2.52227e-08
1658	2.86639e-08
1659	2.78409e-08
1660	2.63181e-08
1661	2.79537e-08
1662	2.47215e-08
1663	2.79532e-08
1664	2.79292e-08
1665	2.5798e-08
1666	2.80201e-08
1667	2.46439e-08
1668	2.73019e-08
1669	2.82258e-08
1670	2.57254e-08
1671	2.79881e-08
1672	2.48235e-08
1673	2.61578e-08
1674	2.80671e-08
1675	2.54283e-08
1676	2.70443e-08
1677	2.49172e-08
1678	2.57251e-08
1679	2.81853e-08
1680	2.52968e-08
1681	2.59635e-08
1682	2.52298e-08
1683	2.44699e-08
1684	2.75056e-08
1685	2.53385e-08
1686	2.50889e-08
1687	2.59133e-08
1688	2.39579e-08
1689	2.69441e-08
1690	2.63247e-08
1691	2.48845e-08
1692	2.68192e-08
1693	2.38539e-08
1694	2.69457e-08
1695	2.74615e-08
1696	2.48114e-08
1697	2.73936e-08
1698	2.40199e-08
1699	2.68122e-08
1700	2.78925e-08
1701	2.48498e-08
1702	2.73091e-08
1703	2.39119e-08
1704	2.60668e-08
1705	2.773e-08
1706	2.48777e-08
1707	2.65259e-08
1708	2.3997e-08
1709	2.49987e-08
1710	2.735e-08
1711	2.51327e-08
1712	2.60161e-08
1713	2.48447e-08
1714	2.48715e-08
1715	2.73626e-08
1716	2.57272e-08
1717	2.59233e-08
1718	2.6211e-08
1719	2.49295e-08
1720	2.71515e-08
1721	2.6464e-08
1722	2.52707e-08
1723	2.68972e-08
1724	2.41958e-08
1725	2.66645e-08
1726	2.71613e-08
1727	2.45285e-08
1728	2.67045e-08
1729	2.34749e-08
1730	2.58622e-08
1731	2.6997e-08
1732	2.37903e-08
1733	2.5729e-08
1734	2.28352e-08
1735	2.49171e-08
1736	2.67193e-08
1737	2.36348e-08
1738	2.53257e-08
1739	2.32746e-08
1740	2.44703e-08
1741	2.64103e-08
1742	2.45658e-08
1743	2.54787e-08
1744	2.44554e-08
1745	2.47825e-08
1746	2.66549e-08
1747	2.63404e-08
1748	2.60317e-08
1749	2.60156e-08
1750	2.51188e-08
1751	2.70773e-08
1752	2.74492e-08
1753	2.61971e-08
1754	2.65037e-08
1755	2.48672e-08
1756	2.68744e-08
1757	2.72437e-08
1758	2.56449e-08
1759	2.61091e-08
1760	2.45525e-08
1761	2.64761e-08
1762	2.70084e-08
1763	2.50677e-08
1764	2.60928e-08
1765	2.48851e-08
1766	2.6483e-08
1767	2.70018e-08
1768	2.48718e-08
1769	2.60087e-08
1770	2.48333e-08
1771	2.57343e-08
1772	2.65038e-08
1773	2.48276e-08
1774	2.54441e-08
1775	2.41294e-08
1776	2.43797e-08
1777	2.51339e-08
1778	2.4402e-08
1779	2.42231e-08
1780	2.28948e-08
1781	2.27469e-08
1782	2.3899e-08
1783	2.40622e-08
1784	2.33623e-08
1785	2.20546e-08
1786	2.18993e-08
1787	2.32683e-08
1788	2.40702e-08
1789	2.30271e-08
1790	2.22053e-08
1791	2.26337e-08
1792	2.38735e-08
1793	2.44452e-08
1794	2.39348e-08
1795	2.31337e-08
1796	2.40116e-08
1797	2.46805e-08
1798	2.45462e-08
1799	2.44494e-08
1800	2.37136e-08
1801	2.41828e-08
1802	2.45047e-08
1803	2.43165e-08
1804	2.40893e-08
1805	2.42752e-08
1806	2.39979e-08
1807	2.41619e-08
1808	2.45078e-08
1809	2.41421e-08
1810	2.50865e-08
1811	2.35445e-08
1812	2.42101e-08
1813	2.51439e-08
1814	2.43006e-08
1815	2.5341e-08
1816	2.30357e-08
1817	2.45455e-08
1818	2.5082e-08
1819	2.36606e-08
1820	2.46469e-08
1821	2.21814e-08
1822	2.40962e-08
1823	2.41183e-08
1824	2.27659e-08
1825	2.38935e-08
1826	2.14183e-08
1827	2.31997e-08
1828	2.26545e-08
1829	2.18271e-08
1830	2.30788e-08
1831	2.08475e-08
1832	2.22307e-08
1833	2.14529e-08
1834	2.14502e-08
1835	2.27146e-08
1836	2.13274e-08
1837	2.13509e-08
1838	2.15946e-08
1839	2.21578e-08
1840	2.29526e-08
1841	2.22041e-08
1842	2.1846e-08
1843	2.34712e-08
1844	2.30309e-08
1845	2.32638e-08
1846	2.35017e-08
1847	2.24458e-08
1848	2.47023e-08
1849	2.3513e-08
1850	2.30198e-08
1851	2.44372e-08
1852	2.25166e-08
1853	2.47304e-08
1854	2.33766e-08
1855	2.23272e-08
1856	2.46612e-08
1857	2.24427e-08
1858	2.40828e-08
1859	2.3352e-08
1860	2.20607e-08
1861	2.46627e-08
1862	2.29354e-08
1863	2.38578e-08
1864	2.41791e-08
1865	2.26472e-08
1866	2.49232e-08
1867	2.31265e-08
1868	2.34303e-08
1869	2.45908e-08
1870	2.26084e-08
1871	2.41953e-08
1872	2.30007e-08
1873	2.30456e-08
1874	2.43541e-08
1875	2.20305e-08
1876	2.33484e-08
1877	2.23717e-08
1878	2.28089e-08
1879	2.36595e-08
1880	2.17928e-08
1881	2.32797e-08
1882	2.23542e-08
1883	2.36285e-08
1884	2.37283e-08
1885	2.25271e-08
1886	2.41699e-08
1887	2.3076e-08
1888	2.46736e-08
1889	2.44734e-08
1890	2.40941e-08
1891	2.53801e-08
1892	2.37649e-08
1893	2.60029e-08
1894	2.5586e-08
1895	2.54435e-08
1896	2.59092e-08
1897	2.41953e-08
1898	2.61572e-08
1899	2.58727e-08
1900	2.57749e-08
1901	2.59668e-08
1902	2.45803e-08
1903	2.65416e-08
1904	2.66392e-08
1905	2.55376e-08
1906	2.59674e-08
1907	2.52431e-08
1908	2.6448e-08
1909	2.7122e-08
1910	2.57137e-08
1911	2.61822e-08
1912	2.58822e-08
1913	2.62655e-08
1914	2.78594e-08
1915	2.60393e-08
1916	2.61776e-08
1917	2.59667e-08
1918	2.52622e-08
1919	2.7615e-08
1920	2.56521e-08
1921	2.56581e-08
1922	2.56539e-08
1923	2.42979e-08
1924	2.70749e-08
1925	2.55579e-08
1926	2.49403e-08
1927	2.53082e-08
1928	2.34184e-08
1929	2.65687e-08
1930	2.54225e-08
1931	2.44534e-08
1932	2.5664e-08
1933	2.30119e-08
1934	2.63495e-08
1935	2.60743e-08
1936	2.44845e-08
1937	2.64871e-08
1938	2.3374e-08
1939	2.6408e-08
1940	2.71224e-08
1941	2.5201e-08
1942	2.70843e-08
1943	2.42237e-08
1944	2.60415e-08
1945	2.75019e-08
1946	2.53098e-08
1947	2.67002e-08
1948	2.45112e-08
1949	2.57012e-08
1950	2.77303e-08
1951	2.49809e-08
1952	2.60501e-08
1953	2.51479e-08
1954	2.50009e-08
1955	2.80109e-08
1956	2.5713e-08
1957	2.58438e-08
1958	2.59581e-08
1959	2.47894e-08
1960	2.78127e-08
1961	2.63587e-08
1962	2.55761e-08
1963	2.66254e-08
1964	2.41868e-08
1965	2.718e-08
1966	2.68112e-08
1967	2.49408e-08
1968	2.67129e-08
1969	2.33114e-08
1970	2.61857e-08
1971	2.65407e-08
1972	2.38423e-08
1973	2.62124e-08
1974	2.24749e-08
1975	2.49116e-08
1976	2.62508e-08
1977	2.32567e-08
1978	2.55524e-08
1979	2.24991e-08
1980	2.39961e-08
1981	2.63329e-08
1982	2.40478e-08
1983	2.52134e-08
1984	2.35691e-08
1985	2.44731e-08
1986	2.72408e-08
1987	2.4989e-08
1988	2.57057e-08
1989	2.57347e-08
1990	2.492e-08
1991	2.77398e-08
1992	2.64206e-08
1993	2.59977e-08
1994	2.71517e-08
1995	2.49566e-08
1996	2.75691e-08
1997	2.75889e-08
1998	2.55766e-08
1999	2.78065e-08
2000	2.46987e-08
2001	2.75371e-08
2002	2.85682e-08
2003	2.55318e-08
2004	2.79696e-08
2005	2.45912e-08
2006	2.71044e-08
2007	2.84644e-08
2008	2.54883e-08
2009	2.73393e-08
2010	2.43603e-08
2011	2.61979e-08
2012	2.80159e-08
2013	2.51511e-08
2014	2.62932e-08
2015	2.4378e-08
2016	2.44751e-08
2017	2.66532e-08
2018	2.51075e-08
2019	2.52717e-08
2020	2.46329e-08
2021	2.40018e-08
2022	2.60303e-08
2023	2.52268e-08
2024	2.4444e-08
2025	2.51947e-08
2026	2.34119e-08
2027	2.55789e-08
2028	2.56395e-08
2029	2.39086e-08
2030	2.55691e-08
2031	2.3032e-08
2032	2.55179e-08
2033	2.63249e-08
2034	2.38284e-08
2035	2.58315e-08
2036	2.3344e-08
2037	2.56948e-08
2038	2.70533e-08
2039	2.42514e-08
2040	2.58414e-08
2041	2.37896e-08
2042	2.52987e-08
2043	2.68058e-08
2044	2.44372e-08
2045	2.5467e-08
2046	2.41015e-08
2047	2.45703e-08
2048	2.5772e-08
2049	2.47563e-08
2050	2.47616e-08
2051	2.40616e-08
2052	2.37048e-08
2053	2.50412e-08
2054	2.5289e-08
2055	2.42793e-08
2056	2.41743e-08
2057	2.30758e-08
2058	2.50846e-08
2059	2.5757e-08
2060	2.45885e-08
2061	2.43241e-08
2062	2.32902e-08
2063	2.51265e-08
2064	2.55969e-08
2065	2.43708e-08
2066	2.41791e-08
2067	2.36844e-08
2068	2.4951e-08
2069	2.50546e-08
2070	2.36995e-08
2071	2.41528e-08
2072	2.36758e-08
2073	2.45981e-08
2074	2.46788e-08
2075	2.34372e-08
2076	2.43831e-08
2077	2.3377e-08
2078	2.41627e-08
2079	2.47698e-08
2080	2.38172e-08
2081	2.47042e-08
2082	2.34232e-08
2083	2.38393e-08
2084	2.51412e-08
2085	2.4574e-08
2086	2.51321e-08
2087	2.33341e-08
2088	2.39043e-08
2089	2.51598e-08
2090	2.50571e-08
2091	2.47095e-08
2092	2.27611e-08
2093	2.3912e-08
2094	2.4496e-08
2095	2.4481e-08
2096	2.40698e-08
2097	2.24903e-08
2098	2.35488e-08
2099	2.38807e-08
2100	2.4208e-08
2101	2.40587e-08
2102	2.29557e-08
2103	2.38428e-08
2104	2.42336e-08
2105	2.4401e-08
2106	2.47484e-08
2107	2.39732e-08
2108	2.44865e-08
2109	2.43016e-08
2110	2.46907e-08
2111	2.49178e-08
2112	2.46201e-08
2113	2.41057e-08
2114	2.44376e-08
2115	2.48595e-08
2116	2.47154e-08
2117	2.52425e-08
2118	2.37541e-08
2119	2.5087e-08
2120	2.51155e-08
2121	2.39963e-08
2122	2.55074e-08
2123	2.32922e-08
2124	2.53047e-08
2125	2.52848e-08
2126	2.37173e-08
2127	2.56227e-08
2128	2.3111e-08
2129	2.52208e-08
2130	2.4981e-08
2131	2.3715e-08
2132	2.56644e-08
2133	2.348e-08
2134	2.53165e-08
2135	2.4761e-08
2136	2.41464e-08
2137	2.61098e-08
2138	2.42494e-08
2139	2.49465e-08
2140	2.48253e-08
2141	2.42066e-08
2142	2.58535e-08
2143	2.40003e-08
2144	2.4219e-08
2145	2.51564e-08
2146	2.40266e-08
2147	2.51218e-08
2148	2.41913e-08
2149	2.39284e-08
2150	2.56196e-08
2151	2.42097e-08
2152	2.45655e-08
2153	2.45145e-08
2154	2.37823e-08
2155	2.55854e-08
2156	2.46683e-08
2157	2.44234e-08
2158	2.49112e-08
2159	2.43863e-08
2160	2.53314e-08
2161	2.46126e-08
2162	2.39599e-08
2163	2.5138e-08
2164	2.4394e-08
2165	2.47899e-08
2166	2.44127e-08
2167	2.34132e-08
2168	2.48658e-08
2169	2.41942e-08
2170	2.41757e-08
2171	2.45247e-08
2172	2.3189e-08
2173	2.4332e-08
2174	2.41522e-08
2175	2.42752e-08
2176	2.45342e-08
2177	2.3229e-08
2178	2.44824e-08
2179	2.42687e-08
2180	2.48666e-08
2181	2.46568e-08
2182	2.37434e-08
2183	2.51155e-08
2184	2.43975e-08
2185	2.55139e-08
2186	2.50607e-08
2187	2.41238e-08
2188	2.50669e-08
2189	2.38268e-08
2190	2.57803e-08
2191	2.4875e-08
2192	2.43362e-08
2193	2.51037e-08
2194	2.30449e-08
2195	2.58953e-08
2196	2.48184e-08
2197	2.43727e-08
2198	2.52715e-08
2199	2.27303e-08
2200	2.60376e-08
2201	2.5105e-08
2202	2.42647e-08
2203	2.56413e-08
2204	2.28169e-08
2205	2.63816e-08
2206	2.56424e-08
2207	2.45153e-08
2208	2.58217e-08
2209	2.31602e-08
2210	2.58382e-08
2211	2.59177e-08
2212	2.449e-08
2213	2.56801e-08
2214	2.34575e-08
2215	2.52466e-08
2216	2.64885e-08
2217	2.38172e-08
2218	2.53213e-08
2219	2.38118e-08
2220	2.4042e-08
2221	2.66725e-08
2222	2.40506e-08
2223	2.50577e-08
2224	2.42681e-08
2225	2.36719e-08
2226	2.66196e-08
2227	2.45962e-08
2228	2.46391e-08
2229	2.47025e-08
2230	2.3404e-08
2231	2.68544e-08
2232	2.55091e-08
2233	2.46739e-08
2234	2.55753e-08
2235	2.31282e-08
2236	2.67796e-08
2237	2.59058e-08
2238	2.4491e-08
2239	2.62665e-08
2240	2.29395e-08
2241	2.628e-08
2242	2.64309e-08
2243	2.44442e-08
2244	2.66463e-08
2245	2.3257e-08
2246	2.57921e-08
2247	2.71428e-08
2248	2.46619e-08
2249	2.66243e-08
2250	2.40383e-08
2251	2.55208e-08
2252	2.78794e-08
2253	2.49869e-08
2254	2.66422e-08
2255	2.53955e-08
2256	2.55255e-08
2257	2.85547e-08
2258	2.59758e-08
2259	2.62983e-08
2260	2.61178e-08
2261	2.48708e-08
2262	2.80195e-08
2263	2.61678e-08
2264	2.53001e-08
2265	2.62084e-08
2266	2.3667e-08
2267	2.68723e-08
2268	2.62125e-08
2269	2.42969e-08
2270	2.6011e-08
2271	2.27414e-08
2272	2.57814e-08
2273	2.5947e-08
2274	2.35055e-08
2275	2.58898e-08
2276	2.24475e-08
2277	2.51833e-08
2278	2.62875e-08
2279	2.3805e-08
2280	2.6244e-08
2281	2.31729e-08
2282	2.4851e-08
2283	2.69999e-08
2284	2.45257e-08
2285	2.60041e-08
2286	2.40705e-08
2287	2.4804e-08
2288	2.73683e-08
2289	2.45868e-08
2290	2.53296e-08
2291	2.48821e-08
2292	2.39554e-08
2293	2.7024e-08
2294	2.49858e-08
2295	2.47029e-08
2296	2.59801e-08
2297	2.35069e-08
2298	2.66037e-08
2299	2.62025e-08
2300	2.44745e-08
2301	2.66136e-08
2302	2.34554e-08
2303	2.6272e-08
2304	2.68244e-08
2305	2.38512e-08
2306	2.63569e-08
2307	2.28563e-08
2308	2.52696e-08
2309	2.63979e-08
2310	2.3241e-08
2311	2.55531e-08
2312	2.22559e-08
2313	2.40624e-08
2314	2.58885e-08
2315	2.32718e-08
2316	2.46773e-08
2317	2.25416e-08
2318	2.28964e-08
2319	2.55836e-08
2320	2.34832e-08
2321	2.43496e-08
2322	2.38743e-08
2323	2.34576e-08
2324	2.60829e-08
2325	2.47412e-08
2326	2.46334e-08
2327	2.58537e-08
2328	2.39296e-08
2329	2.67228e-08
2330	2.64146e-08
2331	2.48984e-08
2332	2.69789e-08
2333	2.41986e-08
2334	2.67561e-08
2335	2.75207e-08
2336	2.46174e-08
2337	2.69085e-08
2338	2.37651e-08
2339	2.61319e-08
2340	2.7427e-08
2341	2.43113e-08
2342	2.62223e-08
2343	2.34962e-08
2344	2.53248e-08
2345	2.72359e-08
2346	2.42256e-08
2347	2.56664e-08
2348	2.39443e-08
2349	2.46991e-08
2350	2.67253e-08
2351	2.506e-08
2352	2.54788e-08
2353	2.47655e-08
2354	2.39468e-08
2355	2.60792e-08
2356	2.59358e-08
2357	2.50974e-08
2358	2.53928e-08
2359	2.41331e-08
2360	2.61616e-08
2361	2.63344e-08
2362	2.49074e-08
2363	2.57207e-08
2364	2.38496e-08
2365	2.59573e-08
2366	2.65134e-08
2367	2.47454e-08
2368	2.59066e-08
2369	2.41653e-08
2370	2.61902e-08
2371	2.72096e-08
2372	2.50626e-08
2373	2.65514e-08
2374	2.52166e-08
2375	2.7025e-08
2376	2.81993e-08
2377	2.61357e-08
2378	2.75043e-08
2379	2.64944e-08
2380	2.74797e-08
2381	2.86344e-08
2382	2.72993e-08
2383	2.78498e-08
2384	2.67263e-08
2385	2.69876e-08
2386	2.80468e-08
2387	2.77117e-08
2388	2.72921e-08
2389	2.62487e-08
2390	2.5972e-08
2391	2.73285e-08
2392	2.77399e-08
2393	2.68401e-08
2394	2.57802e-08
2395	2.5163e-08
2396	2.68532e-08
2397	2.78771e-08
2398	2.67655e-08
2399	2.59119e-08
2400	2.61519e-08
2401	2.722e-08
2402	2.75333e-08
2403	2.69706e-08
2404	2.59099e-08
2405	2.64615e-08
2406	2.71086e-08
2407	2.6867e-08
2408	2.65317e-08
2409	2.60067e-08
2410	2.60351e-08
2411	2.64339e-08
2412	2.60882e-08
2413	2.55702e-08
2414	2.60607e-08
2415	2.5081e-08
2416	2.54683e-08
2417	2.58466e-08
2418	2.52736e-08
2419	2.64836e-08
2420	2.45798e-08
2421	2.53384e-08
2422	2.6274e-08
2423	2.5494e-08
2424	2.65069e-08
2425	2.42945e-08
2426	2.5925e-08
2427	2.66082e-08
2428	2.54324e-08
2429	2.64646e-08
2430	2.41122e-08
2431	2.59066e-08
2432	2.58884e-08
2433	2.47306e-08
2434	2.5855e-08
2435	2.36447e-08
2436	2.5015e-08
2437	2.46618e-08
2438	2.38618e-08
2439	2.51243e-08
2440	2.30749e-08
2441	2.40265e-08
2442	2.36223e-08
2443	2.34497e-08
2444	2.45902e-08
2445	2.34678e-08
2446	2.31947e-08
2447	2.35238e-08
2448	2.38409e-08
2449	2.42085e-08
2450	2.36205e-08
2451	2.28014e-08
2452	2.39771e-08
2453	2.36899e-08
2454	2.33963e-08
2455	2.37197e-08
2456	2.24295e-08
2457	2.42887e-08
2458	2.3379e-08
2459	2.26419e-08
2460	2.38965e-08
2461	2.21595e-08
2462	2.39963e-08
2463	2.27231e-08
2464	2.18739e-08
2465	2.37241e-08
2466	2.18552e-08
2467	2.31228e-08
2468	2.22374e-08
2469	2.1187e-08
2470	2.36038e-08
2471	2.18107e-08
2472	2.26336e-08
2473	2.31549e-08
2474	2.15298e-08
2475	2.38628e-08
2476	2.25563e-08
2477	2.27086e-08
2478	2.40313e-08
2479	2.18902e-08
2480	2.35096e-08
2481	2.26152e-08
2482	2.27365e-08
2483	2.38335e-08
2484	2.18864e-08
2485	2.30325e-08
2486	2.24199e-08
2487	2.32383e-08
2488	2.35229e-08
2489	2.22131e-08
2490	2.32988e-08
2491	2.2762e-08
2492	2.39705e-08
2493	2.35245e-08
2494	2.3034e-08
2495	2.41921e-08
2496	2.31315e-08
2497	2.51187e-08
2498	2.41597e-08
2499	2.41668e-08
2500	2.46834e-08
2501	2.30464e-08
2502	2.53959e-08
2503	2.4476e-08
2504	2.46141e-08
2505	2.44102e-08
2506	2.31631e-08
2507	2.5084e-08
2508	2.47467e-08
2509	2.42928e-08
2510	2.42434e-08
2511	2.33061e-08
2512	2.50122e-08
2513	2.53288e-08
2514	2.3775e-08
2515	2.41834e-08
2516	2.36549e-08
2517	2.44566e-08
2518	2.56204e-08
2519	2.40167e-08
2520	2.45019e-08
2521	2.41301e-08
2522	2.41979e-08
2523	2.63652e-08
2524	2.45053e-08
2525	2.49346e-08
2526	2.4446e-08
2527	2.35658e-08
2528	2.63688e-08
2529	2.44166e-08
2530	2.46727e-08
2531	2.45008e-08
2532	2.2691e-08
2533	2.61289e-08
2534	2.43682e-08
2535	2.39451e-08
2536	2.46096e-08
2537	2.20618e-08
2538	2.59156e-08
2539	2.46217e-08
2540	2.34455e-08
2541	2.47894e-08
2542	2.18864e-08
2543	2.55593e-08
2544	2.51218e-08
2545	2.36868e-08
2546	2.54018e-08
2547	2.25343e-08
2548	2.47434e-08
2549	2.55814e-08
2550	2.37482e-08
2551	2.51842e-08
2552	2.30801e-08
2553	2.42212e-08
2554	2.62214e-08
2555	2.3335e-08
2556	2.49305e-08
2557	2.3634e-08
2558	2.33173e-08
2559	2.62362e-08
2560	2.35793e-08
2561	2.4326e-08
2562	2.37911e-08
2563	2.27265e-08
2564	2.59192e-08
2565	2.41481e-08
2566	2.38805e-08
2567	2.43529e-08
2568	2.24871e-08
2569	2.63338e-08
2570	2.49516e-08
2571	2.41403e-08
2572	2.53781e-08
2573	2.273e-08
2574	2.64281e-08
2575	2.58022e-08
2576	2.42469e-08
2577	2.61229e-08
2578	2.28528e-08
2579	2.58842e-08
2580	2.60285e-08
2581	2.42177e-08
2582	2.60737e-08
2583	2.3182e-08
2584	2.48573e-08
2585	2.64941e-08
2586	2.41009e-08
2587	2.60747e-08
2588	2.40166e-08
2589	2.48028e-08
2590	2.73519e-08
2591	2.4449e-08
2592	2.60312e-08
2593	2.52114e-08
2594	2.45424e-08
2595	2.7938e-08
2596	2.5656e-08
2597	2.56274e-08
2598	2.57811e-08
2599	2.38769e-08
2600	2.75919e-08
2601	2.60257e-08
2602	2.47582e-08
2603	2.59115e-08
2604	2.30967e-08
2605	2.66565e-08
2606	2.59153e-08
2607	2.4007e-08
2608	2.58398e-08
2609	2.25189e-08
2610	2.56362e-08
2611	2.58546e-08
2612	2.37951e-08
2613	2.60023e-08
2614	2.27664e-08
2615	2.53033e-08
2616	2.66437e-08
2617	2.4705e-08
2618	2.68107e-08
2619	2.44782e-08
2620	2.59694e-08
2621	2.84902e-08
2622	2.58016e-08
2623	2.77123e-08
2624	2.65091e-08
2625	2.65193e-08
2626	2.95872e-08
2627	2.7002e-08
2628	2.77113e-08
2629	2.76665e-08
2630	2.62331e-08
2631	2.9695e-08
2632	2.78055e-08
2633	2.71286e-08
2634	2.83464e-08
2635	2.5781e-08
2636	2.9307e-08
2637	2.87781e-08
2638	2.67571e-08
2639	2.87623e-08
2640	2.56642e-08
2641	2.8653e-08
2642	2.90628e-08
2643	2.65089e-08
2644	2.88457e-08
2645	2.53168e-08
2646	2.7815e-08
2647	2.8724e-08
2648	2.60568e-08
2649	2.82301e-08
2650	2.50198e-08
2651	2.63945e-08
2652	2.83994e-08
2653	2.59923e-08
2654	2.74278e-08
2655	2.53895e-08
2656	2.60541e-08
2657	2.86293e-08
2658	2.59162e-08
2659	2.67603e-08
2660	2.62112e-08
2661	2.54807e-08
2662	2.85859e-08
2663	2.64159e-08
2664	2.636e-08
2665	2.75573e-08
2666	2.52873e-08
2667	2.85023e-08
2668	2.79089e-08
2669	2.63365e-08
2670	2.83598e-08
2671	2.54178e-08
2672	2.83076e-08
2673	2.88942e-08
2674	2.5925e-08
2675	2.83986e-08
2676	2.49821e-08
2677	2.74501e-08
2678	2.85804e-08
2679	2.53368e-08
2680	2.75738e-08
2681	2.42045e-08
2682	2.6256e-08
2683	2.80631e-08
2684	2.52408e-08
2685	2.67168e-08
2686	2.42863e-08
2687	2.51089e-08
2688	2.75471e-08
2689	2.53925e-08
2690	2.62344e-08
2691	2.52838e-08
2692	2.50766e-08
2693	2.73751e-08
2694	2.59831e-08
2695	2.59203e-08
2696	2.62658e-08
2697	2.49148e-08
2698	2.70149e-08
2699	2.64738e-08
2700	2.52043e-08
2701	2.66912e-08
2702	2.41023e-08
2703	2.64822e-08
2704	2.68661e-08
2705	2.43707e-08
2706	2.63691e-08
2707	2.34105e-08
2708	2.57471e-08
2709	2.68809e-08
2710	2.39817e-08
2711	2.57431e-08
2712	2.32645e-08
2713	2.53215e-08
2714	2.72014e-08
2715	2.42188e-08
2716	2.59742e-08
2717	2.43523e-08
2718	2.53225e-08
2719	2.69857e-08
2720	2.52997e-08
2721	2.58978e-08
2722	2.47778e-08
2723	2.49825e-08
2724	2.62692e-08
2725	2.58929e-08
2726	2.53688e-08
2727	2.48364e-08
2728	2.38043e-08
2729	2.55126e-08
2730	2.61059e-08
2731	2.48096e-08
2732	2.47088e-08
2733	2.35006e-08
2734	2.54145e-08
2735	2.60296e-08
2736	2.48557e-08
2737	2.45502e-08
2738	2.37533e-08
2739	2.55146e-08
2740	2.59884e-08
2741	2.45446e-08
2742	2.4872e-08
2743	2.42512e-08
2744	2.55813e-08
2745	2.57366e-08
2746	2.42275e-08
2747	2.5111e-08
2748	2.4339e-08
2749	2.52708e-08
2750	2.5644e-08
2751	2.43857e-08
2752	2.5254e-08
2753	2.39664e-08
2754	2.43087e-08
2755	2.51737e-08
2756	2.42176e-08
2757	2.46781e-08
2758	2.32165e-08
2759	2.35982e-08
2760	2.48795e-08
2761	2.48241e-08
2762	2.50043e-08
2763	2.3193e-08
2764	2.39951e-08
2765	2.52122e-08
2766	2.54786e-08
2767	2.48988e-08
2768	2.34537e-08
2769	2.45388e-08
2770	2.50593e-08
2771	2.5302e-08
2772	2.47517e-08
2773	2.35553e-08
2774	2.43882e-08
2775	2.4662e-08
2776	2.46823e-08
2777	2.45641e-08
2778	2.35504e-08
2779	2.41689e-08
2780	2.41959e-08
2781	2.41744e-08
2782	2.43469e-08
2783	2.36679e-08
2784	2.37673e-08
2785	2.36883e-08
2786	2.4148e-08
2787	2.419e-08
2788	2.45204e-08
2789	2.35079e-08
2790	2.40259e-08
2791	2.43181e-08
2792	2.36673e-08
2793	2.45512e-08
2794	2.26168e-08
2795	2.41796e-08
2796	2.42586e-08
2797	2.26485e-08
2798	2.41991e-08
2799	2.16945e-08
2800	2.3687e-08
2801	2.34967e-08
2802	2.17423e-08
2803	2.34314e-08
2804	2.07597e-08
2805	2.27258e-08
2806	2.2155e-08
2807	2.10957e-08
2808	2.28826e-08
2809	2.06146e-08
2810	2.22411e-08
2811	2.17692e-08
2812	2.13394e-08
2813	2.34207e-08
2814	2.16635e-08
2815	2.22534e-08
2816	2.26198e-08
2817	2.2193e-08
2818	2.36073e-08
2819	2.22339e-08
2820	2.21304e-08
2821	2.36004e-08
2822	2.25664e-08
2823	2.31021e-08
2824	2.27478e-08
2825	2.17034e-08
2826	2.37334e-08
2827	2.2697e-08
2828	2.23644e-08
2829	2.31401e-08
2830	2.19869e-08
2831	2.38648e-08
2832	2.25519e-08
2833	2.19849e-08
2834	2.36433e-08
2835	2.26541e-08
2836	2.37869e-08
2837	2.30545e-08
2838	2.21374e-08
2839	2.42515e-08
2840	2.28587e-08
2841	2.34492e-08
2842	2.3434e-08
2843	2.19976e-08
2844	2.39456e-08
2845	2.26514e-08
2846	2.29137e-08
2847	2.36089e-08
2848	2.16643e-08
2849	2.34685e-08
2850	2.20784e-08
2851	2.24986e-08
2852	2.33228e-08
2853	2.09887e-08
2854	2.29314e-08
2855	2.14605e-08
2856	2.26767e-08
2857	2.30369e-08
2858	2.1177e-08
2859	2.32113e-08
2860	2.17371e-08
2861	2.3566e-08
2862	2.36421e-08
2863	2.22478e-08
2864	2.40178e-08
2865	2.26146e-08
2866	2.46855e-08
2867	2.43791e-08
2868	2.37035e-08
2869	2.49366e-08
2870	2.30981e-08
2871	2.55709e-08
2872	2.50145e-08
2873	2.44269e-08
2874	2.51883e-08
2875	2.33601e-08
2876	2.55684e-08
2877	2.54325e-08
2878	2.5031e-08
2879	2.53856e-08
2880	2.4148e-08
2881	2.58525e-08
2882	2.62543e-08
2883	2.50223e-08
2884	2.57326e-08
2885	2.50161e-08
2886	2.6244e-08
2887	2.71255e-08
2888	2.5328e-08
2889	2.61025e-08
2890	2.57014e-08
2891	2.5584e-08
2892	2.77131e-08
2893	2.57636e-08
2894	2.61491e-08
2895	2.60751e-08
2896	2.50283e-08
2897	2.7847e-08
2898	2.57334e-08
2899	2.57262e-08
2900	2.61499e-08
2901	2.41493e-08
2902	2.75736e-08
2903	2.59058e-08
2904	2.52337e-08
2905	2.62627e-08
2906	2.38471e-08
2907	2.77399e-08
2908	2.65895e-08
2909	2.54017e-08
2910	2.70715e-08
2911	2.42255e-08
2912	2.80633e-08
2913	2.76019e-08
2914	2.58996e-08
2915	2.8117e-08
2916	2.46745e-08
2917	2.77109e-08
2918	2.81748e-08
2919	2.60528e-08
2920	2.81513e-08
2921	2.48466e-08
2922	2.6664e-08
2923	2.81651e-08
2924	2.59001e-08
2925	2.7446e-08
2926	2.50836e-08
2927	2.63367e-08
2928	2.84735e-08
2929	2.5482e-08
2930	2.66787e-08
2931	2.56517e-08
2932	2.55415e-08
2933	2.86622e-08
2934	2.63123e-08
2935	2.63372e-08
2936	2.63702e-08
2937	2.51056e-08
2938	2.8011e-08
2939	2.64909e-08
2940	2.54879e-08
2941	2.65054e-08
2942	2.40615e-08
2943	2.69761e-08
2944	2.65355e-08
2945	2.46019e-08
2946	2.6357e-08
2947	2.2985e-08
2948	2.58344e-08
2949	2.61569e-08
2950	2.35035e-08
2951	2.60226e-08
2952	2.24249e-08
2953	2.49814e-08
2954	2.63618e-08
2955	2.34515e-08
2956	2.59099e-08
2957	2.27877e-08
2958	2.47576e-08
2959	2.69546e-08
2960	2.46126e-08
2961	2.59073e-08
2962	2.40152e-08
2963	2.48776e-08
2964	2.74533e-08
2965	2.51776e-08
2966	2.59256e-08
2967	2.55471e-08
2968	2.50701e-08
2969	2.74534e-08
2970	2.60179e-08
2971	2.57511e-08
2972	2.66171e-08
2973	2.46156e-08
2974	2.70079e-08
2975	2.69648e-08
2976	2.51683e-08
2977	2.72783e-08
2978	2.42038e-08
2979	2.67519e-08
2980	2.77027e-08
2981	2.48225e-08
2982	2.72064e-08
2983	2.39194e-08
2984	2.63572e-08
2985	2.75807e-08
2986	2.44997e-08
2987	2.62642e-08
2988	2.3258e-08
2989	2.505e-08
2990	2.68727e-08
2991	2.37666e-08
2992	2.51318e-08
2993	2.3079e-08
2994	2.37852e-08
2995	2.55409e-08
2996	2.38649e-08
2997	2.42686e-08
2998	2.33495e-08
2999	2.29321e-08
3000	2.48404e-08
3001	2.46489e-08
3002	2.41294e-08
3003	2.44351e-08
3004	2.33871e-08
3005	2.54534e-08
3006	2.58017e-08
3007	2.46603e-08
3008	2.56928e-08
3009	2.39348e-08
3010	2.63559e-08
3011	2.71007e-08
3012	2.53457e-08
3013	2.67391e-08
3014	2.48304e-08
3015	2.70733e-08
3016	2.80544e-08
3017	2.55533e-08
3018	2.70491e-08
3019	2.54075e-08
3020	2.69635e-08
3021	2.79584e-08
3022	2.5607e-08
3023	2.66838e-08
3024	2.53753e-08
3025	2.59843e-08
3026	2.69064e-08
3027	2.56453e-08
3028	2.59577e-08
3029	2.46802e-08
3030	2.50339e-08
3031	2.60437e-08
3032	2.59482e-08
3033	2.5254e-08
3034	2.42437e-08
3035	2.3785e-08
3036	2.50348e-08
3037	2.55928e-08
3038	2.43931e-08
3039	2.34081e-08
3040	2.27341e-08
3041	2.42317e-08
3042	2.48707e-08
3043	2.36188e-08
3044	2.28132e-08
3045	2.29179e-08
3046	2.3918e-08
3047	2.39931e-08
3048	2.34325e-08
3049	2.27248e-08
3050	2.31873e-08
3051	2.39965e-08
3052	2.37788e-08
3053	2.34066e-08
3054	2.35887e-08
3055	2.35723e-08
3056	2.43012e-08
3057	2.43528e-08
3058	2.39552e-08
3059	2.50274e-08
3060	2.39753e-08
3061	2.45839e-08
3062	2.5259e-08
3063	2.4584e-08
3064	2.57684e-08
3065	2.37949e-08
3066	2.44362e-08
3067	2.54597e-08
3068	2.45243e-08
3069	2.5209e-08
3070	2.28564e-08
3071	2.43942e-08
3072	2.49922e-08
3073	2.4017e-08
3074	2.46692e-08
3075	2.24436e-08
3076	2.42207e-08
3077	2.42508e-08
3078	2.35847e-08
3079	2.45524e-08
3080	2.24866e-08
3081	2.39648e-08
3082	2.35121e-08
3083	2.32694e-08
3084	2.3976e-08
3085	2.24821e-08
3086	2.2924e-08
3087	2.24043e-08
3088	2.29575e-08
3089	2.34373e-08
3090	2.26251e-08
3091	2.22731e-08
3092	2.25307e-08
3093	2.27633e-08
3094	2.3088e-08
3095	2.25083e-08
3096	2.18545e-08
3097	2.32899e-08
3098	2.28745e-08
3099	2.25547e-08
3100	2.33744e-08
3101	2.18134e-08
3102	2.41523e-08
3103	2.32371e-08
3104	2.23577e-08
3105	2.45365e-08
3106	2.22056e-08
3107	2.46543e-08
3108	2.36677e-08
3109	2.25851e-08
3110	2.50457e-08
3111	2.24564e-08
3112	2.42819e-08
3113	2.37124e-08
3114	2.25721e-08
3115	2.47925e-08
3116	2.27227e-08
3117	2.34195e-08
3118	2.39486e-08
3119	2.24389e-08
3120	2.42938e-08
3121	2.26788e-08
3122	2.28313e-08
3123	2.436e-08
3124	2.24925e-08
3125	2.37431e-08
3126	2.31082e-08
3127	2.32658e-08
3128	2.50326e-08
3129	2.30333e-08
3130	2.41244e-08
3131	2.37316e-08
3132	2.39754e-08
3133	2.48803e-08
3134	2.31714e-08
3135	2.43876e-08
3136	2.34624e-08
3137	2.45607e-08
3138	2.45876e-08
3139	2.35799e-08
3140	2.4584e-08
3141	2.34291e-08
3142	2.44874e-08
3143	2.43503e-08
3144	2.43804e-08
3145	2.46486e-08
3146	2.37113e-08
3147	2.54276e-08
3148	2.51885e-08
3149	2.48804e-08
3150	2.52243e-08
3151	2.45085e-08
3152	2.61224e-08
3153	2.61428e-08
3154	2.5424e-08
3155	2.58103e-08
3156	2.55832e-08
3157	2.63945e-08
3158	2.72427e-08
3159	2.59559e-08
3160	2.59914e-08
3161	2.60016e-08
3162	2.61027e-08
3163	2.72491e-08
3164	2.56922e-08
3165	2.53655e-08
3166	2.56602e-08
3167	2.49256e-08
3168	2.68084e-08
3169	2.52755e-08
3170	2.49e-08
3171	2.56332e-08
3172	2.37121e-08
3173	2.66365e-08
3174	2.52086e-08
3175	2.48903e-08
3176	2.59171e-08
3177	2.33854e-08
3178	2.6871e-08
3179	2.56612e-08
3180	2.4611e-08
3181	2.58937e-08
3182	2.29646e-08
3183	2.65566e-08
3184	2.55601e-08
3185	2.40209e-08
3186	2.56988e-08
3187	2.24731e-08
3188	2.59771e-08
3189	2.55392e-08
3190	2.3717e-08
3191	2.5623e-08
3192	2.24242e-08
3193	2.49471e-08
3194	2.56926e-08
3195	2.39365e-08
3196	2.54226e-08
3197	2.30355e-08
3198	2.47264e-08
3199	2.6525e-08
3200	2.38053e-08
3201	2.55951e-08
3202	2.42129e-08
3203	2.45807e-08
3204	2.74596e-08
3205	2.49069e-08
3206	2.58229e-08
3207	2.54032e-08
3208	2.47271e-08
3209	2.7748e-08
3210	2.57365e-08
3211	2.545e-08
3212	2.56783e-08
3213	2.39477e-08
3214	2.71425e-08
3215	2.59399e-08
3216	2.47216e-08
3217	2.60052e-08
3218	2.3233e-08
3219	2.64648e-08
3220	2.62657e-08
3221	2.43938e-08
3222	2.64536e-08
3223	2.30861e-08
3224	2.60967e-08
3225	2.68478e-08
3226	2.42603e-08
3227	2.68379e-08
3228	2.32617e-08
3229	2.54701e-08
3230	2.70589e-08
3231	2.41714e-08
3232	2.61306e-08
3233	2.34782e-08
3234	2.45082e-08
3235	2.69437e-08
3236	2.42793e-08
3237	2.51753e-08
3238	2.38971e-08
3239	2.39348e-08
3240	2.66177e-08
3241	2.41653e-08
3242	2.42823e-08
3243	2.45945e-08
3244	2.30739e-08
3245	2.60148e-08
3246	2.49898e-08
3247	2.40326e-08
3248	2.56287e-08
3249	2.31179e-08
3250	2.61077e-08
3251	2.65116e-08
3252	2.42664e-08
3253	2.6729e-08
3254	2.35702e-08
3255	2.64963e-08
3256	2.74503e-08
3257	2.45016e-08
3258	2.69882e-08
3259	2.35573e-08
3260	2.60259e-08
3261	2.75217e-08
3262	2.44643e-08
3263	2.64498e-08
3264	2.35954e-08
3265	2.52775e-08
3266	2.74831e-08
3267	2.49874e-08
3268	2.61924e-08
3269	2.48367e-08
3270	2.50241e-08
3271	2.75191e-08
3272	2.60351e-08
3273	2.64136e-08
3274	2.64212e-08
3275	2.55325e-08
3276	2.76543e-08
3277	2.67881e-08
3278	2.58551e-08
3279	2.71042e-08
3280	2.4666e-08
3281	2.69843e-08
3282	2.71264e-08
3283	2.48617e-08
3284	2.68369e-08
3285	2.37369e-08
3286	2.61083e-08
3287	2.69307e-08
3288	2.38405e-08
3289	2.58206e-08
3290	2.28986e-08
3291	2.50902e-08
3292	2.64722e-08
3293	2.35861e-08
3294	2.5117e-08
3295	2.29095e-08
3296	2.43665e-08
3297	2.61184e-08
3298	2.39058e-08
3299	2.49944e-08
3300	2.38437e-08
3301	2.43081e-08
3302	2.58879e-08
3303	2.50593e-08
3304	2.50931e-08
3305	2.47166e-08
3306	2.387e-08
3307	2.56098e-08
3308	2.59634e-08
3309	2.49825e-08
3310	2.51305e-08
3311	2.38315e-08
3312	2.58271e-08
3313	2.61917e-08
3314	2.48358e-08
3315	2.51928e-08
3316	2.3777e-08
3317	2.576e-08
3318	2.62209e-08
3319	2.46994e-08
3320	2.52991e-08
3321	2.42956e-08
3322	2.59181e-08
3323	2.6522e-08
3324	2.4595e-08
3325	2.57226e-08
3326	2.46803e-08
3327	2.57841e-08
3328	2.63429e-08
3329	2.46907e-08
3330	2.55824e-08
3331	2.44609e-08
3332	2.48695e-08
3333	2.56927e-08
3334	2.45627e-08
3335	2.49227e-08
3336	2.35405e-08
3337	2.34999e-08
3338	2.45755e-08
3339	2.43933e-08
3340	2.39436e-08
3341	2.24744e-08
3342	2.26019e-08
3343	2.38836e-08
3344	2.43174e-08
3345	2.35715e-08
3346	2.22709e-08
3347	2.27349e-08
3348	2.3946e-08
3349	2.47678e-08
3350	2.40936e-08
3351	2.32301e-08
3352	2.41734e-08
3353	2.49717e-08
3354	2.51396e-08
3355	2.50074e-08
3356	2.39517e-08
3357	2.4742e-08
3358	2.50799e-08
3359	2.49721e-08
3360	2.50537e-08
3361	2.45544e-08
3362	2.46466e-08
3363	2.47892e-08
3364	2.49659e-08
3365	2.48056e-08
3366	2.53756e-08
3367	2.43126e-08
3368	2.48289e-08
3369	2.5593e-08
3370	2.51792e-08
3371	2.62887e-08
3372	2.42771e-08
3373	2.57706e-08
3374	2.62782e-08
3375	2.50501e-08
3376	2.63544e-08
3377	2.39218e-08
3378	2.58928e-08
3379	2.60435e-08
3380	2.46245e-08
3381	2.5994e-08
3382	2.34425e-08
3383	2.53219e-08
3384	2.4998e-08
3385	2.37869e-08
3386	2.52918e-08
3387	2.28699e-08
3388	2.44751e-08
3389	2.38667e-08
3390	2.34157e-08
3391	2.50897e-08
3392	2.33057e-08
3393	2.40923e-08
3394	2.39696e-08
3395	2.40303e-08
3396	2.55183e-08
3397	2.41612e-08
3398	2.40278e-08
3399	2.52284e-08
3400	2.50266e-08
3401	2.54315e-08
3402	2.5139e-08
3403	2.43349e-08
3404	2.63866e-08
3405	2.53732e-08
3406	2.5286e-08
3407	2.58082e-08
3408	2.44838e-08
3409	2.66283e-08
3410	2.50675e-08
3411	2.4475e-08
3412	2.58744e-08
3413	2.42132e-08
3414	2.58475e-08
3415	2.47158e-08
3416	2.36146e-08
3417	2.58644e-08
3418	2.41116e-08
3419	2.48793e-08
3420	2.47824e-08
3421	2.32382e-08
3422	2.54096e-08
3423	2.38399e-08
3424	2.39843e-08
3425	2.48466e-08
3426	2.30257e-08
3427	2.44079e-08
3428	2.34802e-08
3429	2.34232e-08
3430	2.41418e-08
3431	2.21909e-08
3432	2.34708e-08
3433	2.25671e-08
3434	2.29694e-08
3435	2.31958e-08
3436	2.1546e-08
3437	2.31335e-08
3438	2.18956e-08
3439	2.3297e-08
3440	2.2951e-08
3441	2.18325e-08
3442	2.35093e-08
3443	2.19909e-08
3444	2.41809e-08
3445	2.3467e-08
3446	2.30848e-08
3447	2.46224e-08
3448	2.24839e-08
3449	2.55487e-08
3450	2.46e-08
3451	2.40679e-08
3452	2.52332e-08
3453	2.25571e-08
3454	2.57202e-08
3455	2.48678e-08
3456	2.3984e-08
3457	2.50028e-08
3458	2.24881e-08
3459	2.52448e-08
3460	2.49077e-08
3461	2.40685e-08
3462	2.47224e-08
3463	2.28092e-08
3464	2.53146e-08
3465	2.53982e-08
3466	2.38196e-08
3467	2.49903e-08
3468	2.38219e-08
3469	2.50018e-08
3470	2.65383e-08
3471	2.42555e-08
3472	2.53945e-08
3473	2.44196e-08
3474	2.42706e-08
3475	2.67887e-08
3476	2.44095e-08
3477	2.50495e-08
3478	2.43629e-08
3479	2.35127e-08
3480	2.63023e-08
3481	2.42421e-08
3482	2.40643e-08
3483	2.39833e-08
3484	2.23522e-08
3485	2.57354e-08
3486	2.42426e-08
3487	2.34411e-08
3488	2.44443e-08
3489	2.19076e-08
3490	2.56399e-08
3491	2.49603e-08
3492	2.3618e-08
3493	2.55467e-08
3494	2.23223e-08
3495	2.57398e-08
3496	2.61766e-08
3497	2.4338e-08
3498	2.63617e-08
3499	2.3327e-08
3500	2.52657e-08
3501	2.68298e-08
3502	2.44337e-08
3503	2.62161e-08
3504	2.3943e-08
3505	2.50944e-08
3506	2.74734e-08
3507	2.44697e-08
3508	2.58584e-08
3509	2.48731e-08
3510	2.45711e-08
3511	2.77962e-08
3512	2.55004e-08
3513	2.56001e-08
3514	2.55851e-08
3515	2.43999e-08
3516	2.776e-08
3517	2.62372e-08
3518	2.54433e-08
3519	2.64958e-08
3520	2.40318e-08
3521	2.74671e-08
3522	2.68591e-08
3523	2.51772e-08
3524	2.69726e-08
3525	2.36677e-08
3526	2.67482e-08
3527	2.68987e-08
3528	2.44753e-08
3529	2.67057e-08
3530	2.30379e-08
3531	2.54791e-08
3532	2.64629e-08
3533	2.37845e-08
3534	2.59745e-08
3535	2.28437e-08
3536	2.41994e-08
3537	2.63771e-08
3538	2.38453e-08
3539	2.53937e-08
3540	2.36804e-08
3541	2.44313e-08
3542	2.72345e-08
3543	2.47187e-08
3544	2.54982e-08
3545	2.54247e-08
3546	2.44869e-08
3547	2.78277e-08
3548	2.60003e-08
3549	2.557e-08
3550	2.68517e-08
3551	2.43324e-08
3552	2.74642e-08
3553	2.68868e-08
3554	2.49951e-08
3555	2.6915e-08
3556	2.36841e-08
3557	2.65016e-08
3558	2.69358e-08
3559	2.40916e-08
3560	2.66054e-08
3561	2.31031e-08
3562	2.55512e-08
3563	2.66912e-08
3564	2.38413e-08
3565	2.62624e-08
3566	2.31355e-08
3567	2.50143e-08
3568	2.69728e-08
3569	2.44512e-08
3570	2.58484e-08
3571	2.37695e-08
3572	2.42374e-08
3573	2.68346e-08
3574	2.4443e-08
3575	2.52014e-08
3576	2.47154e-08
3577	2.38743e-08
3578	2.6569e-08
3579	2.47202e-08
3580	2.44526e-08
3581	2.55784e-08
3582	2.31939e-08
3583	2.60617e-08
3584	2.56763e-08
3585	2.39725e-08
3586	2.61849e-08
3587	2.32538e-08
3588	2.60091e-08
3589	2.69105e-08
3590	2.41135e-08
3591	2.66634e-08
3592	2.35673e-08
3593	2.6141e-08
3594	2.75375e-08
3595	2.45023e-08
3596	2.66577e-08
3597	2.37624e-08
3598	2.57322e-08
3599	2.76705e-08
3600	2.48562e-08
3601	2.62048e-08
3602	2.41922e-08
3603	2.47478e-08
3604	2.70057e-08
3605	2.52475e-08
3606	2.55896e-08
3607	2.51037e-08
3608	2.44604e-08
3609	2.67963e-08
3610	2.61789e-08
3611	2.55134e-08
3612	2.62758e-08
3613	2.48575e-08
3614	2.71195e-08
3615	2.71927e-08
3616	2.56028e-08
3617	2.70946e-08
3618	2.47722e-08
3619	2.70511e-08
3620	2.77072e-08
3621	2.52204e-08
3622	2.71416e-08
3623	2.45995e-08
3624	2.67683e-08
3625	2.79759e-08
3626	2.52828e-08
3627	2.67254e-08
3628	2.46657e-08
3629	2.62605e-08
3630	2.7844e-08
3631	2.51315e-08
3632	2.64178e-08
3633	2.50162e-08
3634	2.57308e-08
3635	2.72098e-08
3636	2.59042e-08
3637	2.62618e-08
3638	2.55689e-08
3639	2.581e-08
3640	2.72461e-08
3641	2.7328e-08
3642	2.68684e-08
3643	2.65866e-08
3644	2.57156e-08
3645	2.77034e-08
3646	2.85649e-08
3647	2.72373e-08
3648	2.6935e-08
3649	2.60354e-08
3650	2.78486e-08
3651	2.85105e-08
3652	2.74457e-08
3653	2.67303e-08
3654	2.63143e-08
3655	2.77362e-08
3656	2.80963e-08
3657	2.70492e-08
3658	2.69606e-08
3659	2.66949e-08
3660	2.77474e-08
3661	2.77592e-08
3662	2.674e-08
3663	2.74951e-08
3664	2.6839e-08
3665	2.76215e-08
3666	2.77792e-08
3667	2.6674e-08
3668	2.75679e-08
3669	2.60322e-08
3670	2.62851e-08
3671	2.69191e-08
3672	2.5837e-08
3673	2.65808e-08
3674	2.44952e-08
3675	2.49342e-08
3676	2.58256e-08
3677	2.50797e-08
3678	2.52877e-08
3679	2.29209e-08
3680	2.39872e-08
3681	2.46741e-08
3682	2.4074e-08
3683	2.43104e-08
3684	2.22499e-08
3685	2.38856e-08
3686	2.41117e-08
3687	2.38516e-08
3688	2.43186e-08
3689	2.2766e-08
3690	2.39511e-08
3691	2.41064e-08
3692	2.42082e-08
3693	2.46285e-08
3694	2.36018e-08
3695	2.40125e-08
3696	2.40489e-08
3697	2.42215e-08
3698	2.45843e-08
3699	2.40646e-08
3700	2.37515e-08
3701	2.39196e-08
3702	2.42849e-08
3703	2.44707e-08
3704	2.42191e-08
3705	2.32753e-08
3706	2.45041e-08
3707	2.44801e-08
3708	2.37771e-08
3709	2.47804e-08
3710	2.31996e-08
3711	2.49797e-08
3712	2.46552e-08
3713	2.316e-08
3714	2.50857e-08
3715	2.27407e-08
3716	2.44704e-08
3717	2.37482e-08
3718	2.21399e-08
3719	2.40864e-08
3720	2.1776e-08
3721	2.31481e-08
3722	2.24069e-08
3723	2.13027e-08
3724	2.31001e-08
3725	2.12759e-08
3726	2.18486e-08
3727	2.17824e-08
3728	2.07982e-08
3729	2.2458e-08
3730	2.08251e-08
3731	2.11238e-08
3732	2.21591e-08
3733	2.06586e-08
3734	2.20114e-08
3735	2.12501e-08
3736	2.12631e-08
3737	2.29543e-08
3738	2.10973e-08
3739	2.24603e-08
3740	2.19896e-08
3741	2.21416e-08
3742	2.34177e-08
3743	2.1831e-08
3744	2.28172e-08
3745	2.22149e-08
3746	2.28761e-08
3747	2.31226e-08
3748	2.24972e-08
3749	2.26477e-08
3750	2.25471e-08
3751	2.27844e-08
3752	2.2746e-08
3753	2.32588e-08
3754	2.25791e-08
3755	2.28685e-08
3756	2.38685e-08
3757	2.34437e-08
3758	2.36606e-08
3759	2.31152e-08
3760	2.3453e-08
3761	2.42509e-08
3762	2.44296e-08
3763	2.40258e-08
3764	2.36926e-08
3765	2.37412e-08
3766	2.42435e-08
3767	2.49444e-08
3768	2.39345e-08
3769	2.37623e-08
3770	2.37417e-08
3771	2.36924e-08
3772	2.49979e-08
3773	2.378e-08
3774	2.35835e-08
3775	2.34443e-08
3776	2.29013e-08
3777	2.50808e-08
3778	2.3855e-08
3779	2.37001e-08
3780	2.39804e-08
3781	2.23101e-08
3782	2.54596e-08
3783	2.40202e-08
3784	2.38916e-08
3785	2.46346e-08
3786	2.22304e-08
3787	2.5909e-08
3788	2.46638e-08
3789	2.42703e-08
3790	2.52533e-08
3791	2.27266e-08
3792	2.60207e-08
3793	2.53537e-08
3794	2.46211e-08
3795	2.53861e-08
3796	2.33678e-08
3797	2.58706e-08
3798	2.59326e-08
3799	2.41239e-08
3800	2.54447e-08
3801	2.39437e-08
3802	2.52447e-08
3803	2.66822e-08
3804	2.43482e-08
3805	2.55057e-08
3806	2.44079e-08
3807	2.4318e-08
3808	2.70465e-08
3809	2.47862e-08
3810	2.54179e-08
3811	2.47409e-08
3812	2.39004e-08
3813	2.67681e-08
3814	2.46459e-08
3815	2.47478e-08
3816	2.46195e-08
3817	2.26564e-08
3818	2.61077e-08
3819	2.42744e-08
3820	2.37386e-08
3821	2.43902e-08
3822	2.18919e-08
3823	2.55645e-08
3824	2.41908e-08
3825	2.29903e-08
3826	2.43432e-08
3827	2.14171e-08
3828	2.49628e-08
3829	2.41895e-08
3830	2.30525e-08
3831	2.47301e-08
3832	2.21582e-08
3833	2.45972e-08
3834	2.54319e-08
3835	2.39693e-08
3836	2.57872e-08
3837	2.38248e-08
3838	2.52882e-08
3839	2.7467e-08
3840	2.4653e-08
3841	2.65916e-08
3842	2.53185e-08
3843	2.49764e-08
3844	2.81325e-08
3845	2.53408e-08
3846	2.63348e-08
3847	2.56868e-08
3848	2.44128e-08
3849	2.78493e-08
3850	2.5953e-08
3851	2.54904e-08
3852	2.58302e-08
3853	2.3712e-08
3854	2.75004e-08
3855	2.60062e-08
3856	2.48162e-08
3857	2.60193e-08
3858	2.32526e-08
3859	2.6865e-08
3860	2.61848e-08
3861	2.4674e-08
3862	2.62645e-08
3863	2.3085e-08
3864	2.60372e-08
3865	2.61634e-08
3866	2.45854e-08
3867	2.6085e-08
3868	2.34984e-08
3869	2.51877e-08
3870	2.66459e-08
3871	2.43978e-08
3872	2.61739e-08
3873	2.43237e-08
3874	2.50283e-08
3875	2.76403e-08
3876	2.48293e-08
3877	2.64359e-08
3878	2.56998e-08
3879	2.49044e-08
3880	2.84934e-08
3881	2.63119e-08
3882	2.67152e-08
3883	2.70279e-08
3884	2.53497e-08
3885	2.93085e-08
3886	2.79197e-08
3887	2.69969e-08
3888	2.79471e-08
3889	2.55625e-08
3890	2.93143e-08
3891	2.84379e-08
3892	2.67682e-08
3893	2.84766e-08
3894	2.53689e-08
3895	2.86973e-08
3896	2.85657e-08
3897	2.66866e-08
3898	2.84505e-08
3899	2.5332e-08
3900	2.75915e-08
3901	2.85382e-08
3902	2.6875e-08
3903	2.82981e-08
3904	2.59559e-08
3905	2.75183e-08
3906	2.94546e-08
3907	2.68775e-08
3908	2.86053e-08
3909	2.70703e-08
3910	2.70689e-08
3911	2.98852e-08
3912	2.7032e-08
3913	2.77349e-08
3914	2.73168e-08
3915	2.58911e-08
3916	2.9263e-08
3917	2.70306e-08
3918	2.64421e-08
3919	2.70419e-08
3920	2.45217e-08
3921	2.80596e-08
3922	2.6876e-08
3923	2.51156e-08
3924	2.67043e-08
3925	2.35735e-08
3926	2.68418e-08
3927	2.66156e-08
3928	2.43683e-08
3929	2.65463e-08
3930	2.31877e-08
3931	2.60371e-08
3932	2.67981e-08
3933	2.4436e-08
3934	2.68457e-08
3935	2.36435e-08
3936	2.56981e-08
3937	2.7324e-08
3938	2.50686e-08
3939	2.67323e-08
3940	2.43823e-08
3941	2.54392e-08
3942	2.78747e-08
3943	2.52074e-08
3944	2.63278e-08
3945	2.53065e-08
3946	2.5059e-08
3947	2.8041e-08
3948	2.55241e-08
3949	2.58649e-08
3950	2.65027e-08
3951	2.45405e-08
3952	2.76079e-08
3953	2.66038e-08
3954	2.54594e-08
3955	2.72282e-08
3956	2.43416e-08
3957	2.72342e-08
3958	2.74662e-08
3959	2.47256e-08
3960	2.70557e-08
3961	2.35685e-08
3962	2.61124e-08
3963	2.70581e-08
3964	2.38036e-08
3965	2.62375e-08
3966	2.26943e-08
3967	2.47296e-08
3968	2.63419e-08
3969	2.32961e-08
3970	2.50181e-08
3971	2.22831e-08
3972	2.34627e-08
3973	2.57852e-08
3974	2.34218e-08
3975	2.44144e-08
3976	2.3117e-08
3977	2.31456e-08
3978	2.58548e-08
3979	2.42736e-08
3980	2.47938e-08
3981	2.51814e-08
3982	2.4213e-08
3983	2.6851e-08
3984	2.61695e-08
3985	2.52344e-08
3986	2.69365e-08
3987	2.44264e-08
3988	2.71094e-08
3989	2.74591e-08
3990	2.50963e-08
3991	2.7249e-08
3992	2.41512e-08
3993	2.66348e-08
3994	2.77233e-08
3995	2.45267e-08
3996	2.65968e-08
3997	2.36101e-08
3998	2.57855e-08
3999	2.74086e-08
4000	2.43349e-08
4001	2.57878e-08
4002	2.36498e-08
4003	2.49635e-08
4004	2.68703e-08
4005	2.46257e-08
4006	2.54335e-08
4007	2.42181e-08
4008	2.43179e-08
4009	2.59712e-08
4010	2.52221e-08
4011	2.47822e-08
4012	2.45931e-08
4013	2.35445e-08
4014	2.54793e-08
4015	2.57462e-08
4016	2.4545e-08
4017	2.48927e-08
4018	2.3352e-08
4019	2.53707e-08
4020	2.57625e-08
4021	2.4233e-08
4022	2.48032e-08
4023	2.3306e-08
4024	2.53715e-08
4025	2.6108e-08
4026	2.45173e-08
4027	2.5434e-08
4028	2.44119e-08
4029	2.63262e-08
4030	2.72046e-08
4031	2.53004e-08
4032	2.665e-08
4033	2.5705e-08
4034	2.69566e-08
4035	2.78144e-08
4036	2.61407e-08
4037	2.69726e-08
4038	2.58235e-08
4039	2.62557e-08
4040	2.70693e-08
4041	2.62057e-08
4042	2.62499e-08
4043	2.4988e-08
4044	2.48916e-08
4045	2.60662e-08
4046	2.60814e-08
4047	2.53227e-08
4048	2.40912e-08
4049	2.38241e-08
4050	2.51688e-08
4051	2.58625e-08
4052	2.48302e-08
4053	2.37315e-08
4054	2.3825e-08
4055	2.49904e-08
4056	2.54949e-08
4057	2.4529e-08
4058	2.35969e-08
4059	2.42549e-08
4060	2.48443e-08
4061	2.47367e-08
4062	2.4489e-08
4063	2.36019e-08
4064	2.41306e-08
4065	2.44331e-08
4066	2.411e-08
4067	2.39356e-08
4068	2.37777e-08
4069	2.37132e-08
4070	2.37589e-08
4071	2.39667e-08
4072	2.35937e-08
4073	2.44407e-08
4074	2.32148e-08
4075	2.38006e-08
4076	2.4689e-08
4077	2.41882e-08
4078	2.52866e-08
4079	2.33442e-08
4080	2.47196e-08
4081	2.5663e-08
4082	2.45772e-08
4083	2.57165e-08
4084	2.34412e-08
4085	2.54353e-08
4086	2.57338e-08
4087	2.45359e-08
4088	2.56891e-08
4089	2.3127e-08
4090	2.51248e-08
4091	2.47805e-08
4092	2.39786e-08
4093	2.51879e-08
4094	2.2903e-08
4095	2.45483e-08
4096	2.38105e-08
4097	2.37885e-08
4098	2.48323e-08
4099	2.33583e-08
4100	2.36276e-08
4101	2.35719e-08
4102	2.41573e-08
4103	2.48198e-08
4104	2.38917e-08
4105	2.33059e-08
4106	2.45647e-08
4107	2.39749e-08
4108	2.42351e-08
4109	2.407e-08
4110	2.30402e-08
4111	2.51691e-08
4112	2.37812e-08
4113	2.33743e-08
4114	2.45142e-08
4115	2.24942e-08
4116	2.48329e-08
4117	2.32851e-08
4118	2.22412e-08
4119	2.46402e-08
4120	2.2183e-08
4121	2.41984e-08
4122	2.33852e-08
4123	2.22031e-08
4124	2.48126e-08
4125	2.28992e-08
4126	2.42173e-08
4127	2.43949e-08
4128	2.30621e-08
4129	2.56415e-08
4130	2.37103e-08
4131	2.44099e-08
4132	2.56461e-08
4133	2.36808e-08
4134	2.54863e-08
4135	2.40891e-08
4136	2.42266e-08
4137	2.57468e-08
4138	2.35516e-08
4139	2.48567e-08
4140	2.39653e-08
4141	2.43808e-08
4142	2.55141e-08
4143	2.36979e-08
4144	2.51226e-08
4145	2.42722e-08
4146	2.53921e-08
4147	2.55321e-08
4148	2.43219e-08
4149	2.58177e-08
4150	2.47081e-08
4151	2.60963e-08
4152	2.57855e-08
4153	2.52278e-08
4154	2.62579e-08
4155	2.46256e-08
4156	2.64271e-08
4157	2.59088e-08
4158	2.57917e-08
4159	2.59372e-08
4160	2.43631e-08
4161	2.60778e-08
4162	2.56881e-08
4163	2.54017e-08
4164	2.53121e-08
4165	2.40307e-08
4166	2.57222e-08
4167	2.55571e-08
4168	2.44702e-08
4169	2.46662e-08
4170	2.40822e-08
4171	2.50119e-08
4172	2.5651e-08
4173	2.43383e-08
4174	2.44936e-08
4175	2.44438e-08
4176	2.48127e-08
4177	2.62763e-08
4178	2.48461e-08
4179	2.49416e-08
4180	2.51402e-08
4181	2.4507e-08
4182	2.68231e-08
4183	2.50573e-08
4184	2.49737e-08
4185	2.52749e-08
4186	2.38005e-08
4187	2.6557e-08
4188	2.51942e-08
4189	2.46082e-08
4190	2.51874e-08
4191	2.32838e-08
4192	2.63919e-08
4193	2.53771e-08
4194	2.43355e-08
4195	2.55758e-08
4196	2.29369e-08
4197	2.62837e-08
4198	2.59712e-08
4199	2.44097e-08
4200	2.62748e-08
4201	2.30476e-08
4202	2.59754e-08
4203	2.64508e-08
4204	2.43979e-08
4205	2.61761e-08
4206	2.30883e-08
4207	2.49108e-08
4208	2.62478e-08
4209	2.4037e-08
4210	2.53723e-08
4211	2.31202e-08
4212	2.42573e-08
4213	2.61947e-08
4214	2.3412e-08
4215	2.45015e-08
4216	2.34618e-08
4217	2.32884e-08
4218	2.62843e-08
4219	2.40021e-08
4220	2.43601e-08
4221	2.44097e-08
4222	2.33486e-08
4223	2.65351e-08
4224	2.51314e-08
4225	2.46755e-08
4226	2.57905e-08
4227	2.35745e-08
4228	2.67691e-08
4229	2.64526e-08
4230	2.48244e-08
4231	2.65988e-08
4232	2.33707e-08
4233	2.63869e-08
4234	2.68106e-08
4235	2.42322e-08
4236	2.66495e-08
4237	2.29927e-08
4238	2.56016e-08
4239	2.69702e-08
4240	2.40025e-08
4241	2.62854e-08
4242	2.31217e-08
4243	2.46697e-08
4244	2.68819e-08
4245	2.45403e-08
4246	2.56685e-08
4247	2.39306e-08
4248	2.47551e-08
4249	2.73189e-08
4250	2.48889e-08
4251	2.54216e-08
4252	2.51444e-08
4253	2.42404e-08
4254	2.68551e-08
4255	2.53524e-08
4256	2.4918e-08
4257	2.59991e-08
4258	2.37347e-08
4259	2.63074e-08
4260	2.62419e-08
4261	2.4243e-08
4262	2.64451e-08
4263	2.32702e-08
4264	2.59968e-08
4265	2.69232e-08
4266	2.39245e-08
4267	2.64513e-08
4268	2.32122e-08
4269	2.58126e-08
4270	2.71696e-08
4271	2.43392e-08
4272	2.65192e-08
4273	2.37562e-08
4274	2.60223e-08
4275	2.81698e-08
4276	2.55398e-08
4277	2.715e-08
4278	2.53619e-08
4279	2.59095e-08
4280	2.81842e-08
4281	2.65498e-08
4282	2.69358e-08
4283	2.63044e-08
4284	2.58161e-08
4285	2.78558e-08
4286	2.70507e-08
4287	2.64071e-08
4288	2.70675e-08
4289	2.5404e-08
4290	2.74859e-08
4291	2.7467e-08
4292	2.58108e-08
4293	2.73043e-08
4294	2.48276e-08
4295	2.72978e-08
4296	2.79654e-08
4297	2.54569e-08
4298	2.73562e-08
4299	2.46769e-08
4300	2.6838e-08
4301	2.79699e-08
4302	2.50508e-08
4303	2.64519e-08
4304	2.42366e-08
4305	2.56969e-08
4306	2.70833e-08
4307	2.44845e-08
4308	2.55624e-08
4309	2.40298e-08
4310	2.45222e-08
4311	2.56533e-08
4312	2.44235e-08
4313	2.45802e-08
4314	2.37557e-08
4315	2.37012e-08
4316	2.50224e-08
4317	2.51779e-08
4318	2.43987e-08
4319	2.42681e-08
4320	2.32601e-08
4321	2.5356e-08
4322	2.6132e-08
4323	2.50487e-08
4324	2.49653e-08
4325	2.40677e-08
4326	2.6012e-08
4327	2.65969e-08
4328	2.55659e-08
4329	2.51419e-08
4330	2.46837e-08
4331	2.614e-08
4332	2.63237e-08
4333	2.50899e-08
4334	2.54789e-08
4335	2.51092e-08
4336	2.62744e-08
4337	2.63525e-08
4338	2.51644e-08
4339	2.60963e-08
4340	2.52778e-08
4341	2.60192e-08
4342	2.65755e-08
4343	2.56711e-08
4344	2.66476e-08
4345	2.53607e-08
4346	2.57023e-08
4347	2.67688e-08
4348	2.6007e-08
4349	2.64284e-08
4350	2.45253e-08
4351	2.48235e-08
4352	2.59416e-08
4353	2.56227e-08
4354	2.53037e-08
4355	2.32218e-08
4356	2.41696e-08
4357	2.47801e-08
4358	2.47291e-08
4359	2.42406e-08
4360	2.26269e-08
4361	2.36693e-08
4362	2.39164e-08
4363	2.42508e-08
4364	2.41202e-08
4365	2.29141e-08
4366	2.3912e-08
4367	2.42843e-08
4368	2.44554e-08
4369	2.48502e-08
4370	2.40577e-08
4371	2.49626e-08
4372	2.49406e-08
4373	2.55078e-08
4374	2.58456e-08
4375	2.55355e-08
4376	2.54018e-08
4377	2.57422e-08
4378	2.61765e-08
4379	2.61647e-08
4380	2.66113e-08
4381	2.52861e-08
4382	2.65643e-08
4383	2.66375e-08
4384	2.56515e-08
4385	2.71177e-08
4386	2.49299e-08
4387	2.69103e-08
4388	2.69624e-08
4389	2.52611e-08
4390	2.71474e-08
4391	2.47023e-08
4392	2.69001e-08
4393	2.67399e-08
4394	2.51904e-08
4395	2.70114e-08
4396	2.45976e-08
4397	2.62297e-08
4398	2.55912e-08
4399	2.45931e-08
4400	2.64718e-08
4401	2.44253e-08
4402	2.51651e-08
4403	2.49557e-08
4404	2.41581e-08
4405	2.57478e-08
4406	2.3809e-08
4407	2.38907e-08
4408	2.47133e-08
4409	2.34175e-08
4410	2.45339e-08
4411	2.34259e-08
4412	2.31561e-08
4413	2.47072e-08
4414	2.32099e-08
4415	2.39e-08
4416	2.34813e-08
4417	2.307e-08
4418	2.47439e-08
4419	2.37051e-08
4420	2.37696e-08
4421	2.41487e-08
4422	2.36842e-08
4423	2.48566e-08
4424	2.42825e-08
4425	2.37198e-08
4426	2.48929e-08
4427	2.42161e-08
4428	2.46905e-08
4429	2.43755e-08
4430	2.32928e-08
4431	2.50185e-08
4432	2.42507e-08
4433	2.42231e-08
4434	2.46772e-08
4435	2.31173e-08
4436	2.45462e-08
4437	2.41409e-08
4438	2.41854e-08
4439	2.45787e-08
4440	2.31866e-08
4441	2.44756e-08
4442	2.41944e-08
4443	2.46298e-08
4444	2.43981e-08
4445	2.33594e-08
4446	2.4442e-08
4447	2.36259e-08
4448	2.46355e-08
4449	2.41039e-08
4450	2.31364e-08
4451	2.38748e-08
4452	2.27217e-08
4453	2.45981e-08
4454	2.36513e-08
4455	2.30943e-08
4456	2.3612e-08
4457	2.17404e-08
4458	2.44017e-08
4459	2.32565e-08
4460	2.29114e-08
4461	2.36583e-08
4462	2.13208e-08
4463	2.45473e-08
4464	2.36579e-08
4465	2.30155e-08
4466	2.42965e-08
4467	2.18155e-08
4468	2.53432e-08
4469	2.47817e-08
4470	2.39372e-08
4471	2.50988e-08
4472	2.2905e-08
4473	2.55719e-08
4474	2.57864e-08
4475	2.42835e-08
4476	2.55161e-08
4477	2.38821e-08
4478	2.54096e-08
4479	2.70399e-08
4480	2.4525e-08
4481	2.58777e-08
4482	2.45959e-08
4483	2.45844e-08
4484	2.73349e-08
4485	2.47978e-08
4486	2.54686e-08
4487	2.47507e-08
4488	2.3931e-08
4489	2.69262e-08
4490	2.50563e-08
4491	2.48988e-08
4492	2.49928e-08
4493	2.32987e-08
4494	2.67336e-08
4495	2.52832e-08
4496	2.42146e-08
4497	2.51033e-08
4498	2.23261e-08
4499	2.60156e-08
4500	2.50638e-08
4501	2.34418e-08
4502	2.51815e-08
4503	2.17535e-08
4504	2.49201e-08
4505	2.4981e-08
4506	2.30462e-08
4507	2.50496e-08
4508	2.18751e-08
4509	2.38586e-08
4510	2.54692e-08
4511	2.31871e-08
4512	2.52241e-08
4513	2.29636e-08
4514	2.43731e-08
4515	2.69075e-08
4516	2.40376e-08
4517	2.58158e-08
4518	2.48931e-08
4519	2.47157e-08
4520	2.81618e-08
4521	2.58101e-08
4522	2.61327e-08
4523	2.61487e-08
4524	2.49131e-08
4525	2.83317e-08
4526	2.67983e-08
4527	2.59485e-08
4528	2.70125e-08
4529	2.44414e-08
4530	2.79353e-08
4531	2.72173e-08
4532	2.5453e-08
4533	2.72147e-08
4534	2.39459e-08
4535	2.70625e-08
4536	2.70982e-08
4537	2.48382e-08
4538	2.71657e-08
4539	2.36656e-08
4540	2.62316e-08
4541	2.71886e-08
4542	2.46346e-08
4543	2.68174e-08
4544	2.36987e-08
4545	2.49543e-08
4546	2.70341e-08
4547	2.44142e-08
4548	2.59864e-08
4549	2.40772e-08
4550	2.4605e-08
4551	2.72326e-08
4552	2.43932e-08
4553	2.50867e-08
4554	2.46349e-08
4555	2.35123e-08
4556	2.68702e-08
4557	2.47498e-08
4558	2.43678e-08
4559	2.55826e-08
4560	2.31356e-08
4561	2.65743e-08
4562	2.60419e-08
4563	2.4319e-08
4564	2.63838e-08
4565	2.34077e-08
4566	2.65749e-08
4567	2.69705e-08
4568	2.4448e-08
4569	2.70094e-08
4570	2.35977e-08
4571	2.62283e-08
4572	2.72873e-08
4573	2.43786e-08
4574	2.67983e-08
4575	2.35089e-08
4576	2.52853e-08
4577	2.71351e-08
4578	2.46341e-08
4579	2.60302e-08
4580	2.40836e-08
4581	2.46811e-08
4582	2.74263e-08
4583	2.49419e-08
4584	2.58181e-08
4585	2.53126e-08
4586	2.47334e-08
4587	2.77945e-08
4588	2.58449e-08
4589	2.57192e-08
4590	2.69846e-08
4591	2.45258e-08
4592	2.76077e-08
4593	2.70022e-08
4594	2.52383e-08
4595	2.73218e-08
4596	2.4315e-08
4597	2.70368e-08
4598	2.77222e-08
4599	2.46289e-08
4600	2.70751e-08
4601	2.36773e-08
4602	2.60295e-08
4603	2.72048e-08
4604	2.39531e-08
4605	2.61676e-08
4606	2.29853e-08
4607	2.49639e-08
4608	2.68607e-08
4609	2.43146e-08
4610	2.58036e-08
4611	2.36484e-08
4612	2.43327e-08
4613	2.71604e-08
4614	2.53362e-08
4615	2.61033e-08
4616	2.56488e-08
4617	2.52751e-08
4618	2.8013e-08
4619	2.69247e-08
4620	2.67111e-08
4621	2.74463e-08
4622	2.59065e-08
4623	2.8461e-08
4624	2.80597e-08
4625	2.66074e-08
4626	2.84294e-08
4627	2.58394e-08
4628	2.83052e-08
4629	2.89705e-08
4630	2.6462e-08
4631	2.8715e-08
4632	2.57313e-08
4633	2.80971e-08
4634	2.94522e-08
4635	2.65271e-08
4636	2.83765e-08
4637	2.58655e-08
4638	2.77907e-08
4639	2.94197e-08
4640	2.64528e-08
4641	2.79664e-08
4642	2.61956e-08
4643	2.69963e-08
4644	2.8664e-08
4645	2.68287e-08
4646	2.72227e-08
4647	2.62581e-08
4648	2.60219e-08
4649	2.7558e-08
4650	2.72547e-08
4651	2.64834e-08
4652	2.6283e-08
4653	2.51402e-08
4654	2.70153e-08
4655	2.74935e-08
4656	2.61853e-08
4657	2.63506e-08
4658	2.50123e-08
4659	2.70085e-08
4660	2.75982e-08
4661	2.64193e-08
4662	2.65897e-08
4663	2.55379e-08
4664	2.73948e-08
4665	2.80175e-08
4666	2.63268e-08
4667	2.71633e-08
4668	2.62837e-08
4669	2.76743e-08
4670	2.79655e-08
4671	2.62307e-08
4672	2.72357e-08
4673	2.61614e-08
4674	2.70563e-08
4675	2.75973e-08
4676	2.61705e-08
4677	2.69208e-08
4678	2.55065e-08
4679	2.58864e-08
4680	2.67892e-08
4681	2.57736e-08
4682	2.60439e-08
4683	2.44848e-08
4684	2.48311e-08
4685	2.58764e-08
4686	2.5824e-08
4687	2.56614e-08
4688	2.36039e-08
4689	2.42112e-08
4690	2.50086e-08
4691	2.51182e-08
4692	2.4323e-08
4693	2.2878e-08
4694	2.35391e-08
4695	2.40128e-08
4696	2.42727e-08
4697	2.37538e-08
4698	2.26905e-08
4699	2.33272e-08
4700	2.36887e-08
4701	2.36323e-08
4702	2.35949e-08
4703	2.28249e-08
4704	2.31352e-08
4705	2.33471e-08
4706	2.34497e-08
4707	2.36495e-08
4708	2.32961e-08
4709	2.31394e-08
4710	2.33583e-08
4711	2.39436e-08
4712	2.40648e-08
4713	2.46731e-08
4714	2.34933e-08
4715	2.43283e-08
4716	2.47855e-08
4717	2.40292e-08
4718	2.52388e-08
4719	2.32426e-08
4720	2.48176e-08
4721	2.50018e-08
4722	2.339e-08
4723	2.50177e-08
4724	2.2619e-08
4725	2.4446e-08
4726	2.43053e-08
4727	2.27773e-08
4728	2.43372e-08
4729	2.21555e-08
4730	2.36422e-08
4731	2.32879e-08
4732	2.23289e-08
4733	2.42672e-08
4734	2.24554e-08
4735	2.32224e-08
4736	2.29293e-08
4737	2.23701e-08
4738	2.41119e-08
4739	2.22945e-08
4740	2.226e-08
4741	2.26866e-08
4742	2.19522e-08
4743	2.31776e-08
4744	2.19529e-08
4745	2.15852e-08
4746	2.28271e-08
4747	2.17487e-08
4748	2.21101e-08
4749	2.16777e-08
4750	2.09189e-08
4751	2.25401e-08
4752	2.16456e-08
4753	2.1317e-08
4754	2.193e-08
4755	2.09693e-08
4756	2.24786e-08
4757	2.16709e-08
4758	2.13001e-08
4759	2.27899e-08
4760	2.21463e-08
4761	2.29429e-08
4762	2.27639e-08
4763	2.18198e-08
4764	2.41261e-08
4765	2.30734e-08
4766	2.34015e-08
4767	2.40301e-08
4768	2.2443e-08
4769	2.42816e-08
4770	2.36897e-08
4771	2.36252e-08
4772	2.44432e-08
4773	2.27226e-08
4774	2.39687e-08
4775	2.36193e-08
4776	2.38954e-08
4777	2.43015e-08
4778	2.28786e-08
4779	2.42476e-08
4780	2.36083e-08
4781	2.48887e-08
4782	2.4721e-08
4783	2.36745e-08
4784	2.48727e-08
4785	2.37048e-08
4786	2.53685e-08
4787	2.46684e-08
4788	2.39437e-08
4789	2.49116e-08
4790	2.28959e-08
4791	2.55467e-08
4792	2.44126e-08
4793	2.3923e-08
4794	2.48312e-08
4795	2.20531e-08
4796	2.53023e-08
4797	2.41213e-08
4798	2.35228e-08
4799	2.43391e-08
4800	2.18126e-08
4801	2.47966e-08
4802	2.43084e-08
4803	2.36162e-08
4804	2.43022e-08
4805	2.26037e-08
4806	2.51735e-08
4807	2.53625e-08
4808	2.38334e-08
4809	2.50159e-08
4810	2.38864e-08
4811	2.54784e-08
4812	2.6763e-08
4813	2.47107e-08
4814	2.59246e-08
4815	2.50409e-08
4816	2.49458e-08
4817	2.74248e-08
4818	2.51058e-08
4819	2.57484e-08
4820	2.5005e-08
4821	2.42523e-08
4822	2.70552e-08
4823	2.49775e-08
4824	2.52609e-08
4825	2.50106e-08
4826	2.33561e-08
4827	2.67127e-08
4828	2.49152e-08
4829	2.45685e-08
4830	2.52786e-08
4831	2.29296e-08
4832	2.68058e-08
4833	2.54418e-08
4834	2.43576e-08
4835	2.5734e-08
4836	2.27543e-08
4837	2.62484e-08
4838	2.55561e-08
4839	2.42022e-08
4840	2.58614e-08
4841	2.30346e-08
4842	2.52634e-08
4843	2.61516e-08
4844	2.439e-08
4845	2.59837e-08
4846	2.37796e-08
4847	2.50572e-08
4848	2.71245e-08
4849	2.41313e-08
4850	2.59643e-08
4851	2.46907e-08
4852	2.44601e-08
4853	2.76233e-08
4854	2.49793e-08
4855	2.59625e-08
4856	2.55337e-08
4857	2.45163e-08
4858	2.79981e-08
4859	2.63814e-08
4860	2.60391e-08
4861	2.64825e-08
4862	2.44988e-08
4863	2.83652e-08
4864	2.68872e-08
4865	2.56385e-08
4866	2.68694e-08
4867	2.39807e-08
4868	2.76331e-08
4869	2.69902e-08
4870	2.53726e-08
4871	2.71994e-08
4872	2.40113e-08
4873	2.70756e-08
4874	2.74288e-08
4875	2.5684e-08
4876	2.75867e-08
4877	2.47505e-08
4878	2.66551e-08
4879	2.84128e-08
4880	2.63066e-08
4881	2.82133e-08
4882	2.61039e-08
4883	2.71149e-08
4884	2.94898e-08
4885	2.64332e-08
4886	2.7926e-08
4887	2.69611e-08
4888	2.62487e-08
4889	2.94548e-08
4890	2.71329e-08
4891	2.72761e-08
4892	2.73582e-08
4893	2.55535e-08
4894	2.90171e-08
4895	2.73905e-08
4896	2.62789e-08
4897	2.73433e-08
4898	2.47119e-08
4899	2.83792e-08
4900	2.76878e-08
4901	2.58764e-08
4902	2.77047e-08
4903	2.45494e-08
4904	2.78035e-08
4905	2.80379e-08
4906	2.5919e-08
4907	2.82066e-08
4908	2.48401e-08
4909	2.743e-08
4910	2.84377e-08
4911	2.61409e-08
4912	2.82549e-08
4913	2.5325e-08
4914	2.65941e-08
4915	2.86973e-08
4916	2.61031e-08
4917	2.76952e-08
4918	2.58644e-08
4919	2.63844e-08
4920	2.89729e-08
4921	2.61774e-08
4922	2.68941e-08
4923	2.65123e-08
4924	2.53997e-08
4925	2.86346e-08
4926	2.64291e-08
4927	2.61097e-08
4928	2.73077e-08
4929	2.48754e-08
4930	2.80645e-08
4931	2.73738e-08
4932	2.54642e-08
4933	2.73458e-08
4934	2.40672e-08
4935	2.68886e-08
4936	2.71745e-08
4937	2.4319e-08
4938	2.67937e-08
4939	2.31606e-08
4940	2.56235e-08
4941	2.66071e-08
4942	2.34309e-08
4943	2.58293e-08
4944	2.23212e-08
4945	2.42213e-08
4946	2.6006e-08
4947	2.32669e-08
4948	2.49566e-08
4949	2.2668e-08
4950	2.33806e-08
4951	2.60136e-08
4952	2.39612e-08
4953	2.50125e-08
4954	2.42643e-08
4955	2.42795e-08
4956	2.69181e-08
4957	2.52879e-08
4958	2.55134e-08
4959	2.62232e-08
4960	2.46783e-08
4961	2.71744e-08
4962	2.65168e-08
4963	2.52056e-08
4964	2.70852e-08
4965	2.42469e-08
4966	2.68009e-08
4967	2.73899e-08
4968	2.45861e-08
4969	2.68709e-08
4970	2.36917e-08
4971	2.60987e-08
4972	2.74484e-08
4973	2.418e-08
4974	2.61372e-08
4975	2.32996e-08
4976	2.53444e-08
4977	2.73294e-08
4978	2.42623e-08
4979	2.57532e-08
4980	2.36115e-08
4981	2.4448e-08
4982	2.62805e-08
4983	2.43091e-08
4984	2.48981e-08
4985	2.38336e-08
4986	2.34723e-08
4987	2.53692e-08
4988	2.50238e-08
4989	2.42888e-08
4990	2.41751e-08
4991	2.31118e-08
4992	2.49972e-08
4993	2.52137e-08
4994	2.39089e-08
4995	2.44181e-08
4996	2.27683e-08
4997	2.49233e-08
4998	2.54609e-08
4999	2.38964e-08
5000	2.47319e-08
