11	21.435
12	31.3124
13	36.5602
14	41.5212
15	50.7643
16	59.9418
17	68.9386
18	77.174
19	92.3747
20	110.293
21	124.249
22	136.815
23	143.023
24	143.981
25	140.171
26	132.236
27	128.116
28	125.895
29	134.654
30	139.18
31	143.803
32	145.554
33	148.181
34	158.488
35	176.803
36	173.915
37	186.414
38	195.488
39	206.936
40	215.815
41	220.494
42	221.693
43	221.56
44	222.966
45	247.206
46	271.104
47	287.777
48	308.302
49	319.794
50	332.323
51	340.48
52	344.904
53	346.369
54	348.545
55	357.342
56	365.955
57	371.16
58	373.393
59	373.839
60	374.194
61	373.372
62	378.631
63	409.639
64	500.719
65	377.86
66	405.181
67	499.172
68	381.186
69	407.891
70	502.953
71	386.575
72	410.074
73	505.625
74	405.117
75	412.912
76	506.174
77	432.548
78	438.919
79	505.404
80	444.115
81	443.719
82	505.042
83	439.505
84	435.812
85	506.02
86	437.151
87	441.579
88	508.558
89	443.902
90	445.19
91	512.299
92	453.249
94	515.191
95	451.883
97	516.618
98	456.735
99	456.333
100	517.075
101	453.446
103	516.142
104	461.401
105	464.033
106	513.102
107	467.971
108	469.376
109	509.184
110	470.967
111	471.036
112	504.305
113	469.91
114	469.352
115	499.118
116	477.262
117	479.284
118	494.07
119	479.718
120	479.036
121	490.039
122	570.081
124	484.216
125	527.329
126	487.411
127	489.082
128	505.324
129	491.854
130	493.019
131	494.011
132	569.111
133	495.396
134	495.821
135	519.448
136	496.461
137	496.653
139	499.712
140	500.513
141	500.634
142	551.511
143	499.1
144	497.749
145	505.844
146	494.728
147	493.241
148	491.782
149	557.046
150	488.902
151	487.459
152	509.619
154	483
155	487.048
156	562.723
157	481.404
158	481.325
159	516.672
160	480.928
161	480.617
162	495.673
163	479.807
164	479.34
165	485.265
166	564.048
167	477.672
168	477.003
169	517.883
170	476.013
171	475.769
172	493.207
173	475.302
174	475.094
175	479.751
176	556.182
178	474.451
179	510.141
180	474.259
181	474.193
182	486.396
183	561.514
184	474.096
185	474.091
186	512.03
187	474.152
188	474.226
189	487.788
190	564.04
191	474.612
192	474.761
193	517.229
194	475.061
195	475.219
196	496.196
197	475.544
198	475.718
199	486.649
200	567.351
202	476.187
203	522.692
204	476.335
205	476.391
206	499.168
207	476.475
208	476.502
209	486.647
210	566.128
211	476.538
212	476.551
214	476.573
215	476.556
216	496.492
217	476.48
218	476.432
219	484.469
220	563.616
221	476.301
222	476.26
223	518.608
224	476.171
225	476.122
226	496.585
227	475.964
228	475.877
229	487.568
230	569.604
231	475.647
232	475.586
233	528.043
234	475.475
235	475.427
236	506.784
238	475.389
239	495.067
240	475.457
241	475.517
242	488.215
243	570.069
244	475.82
245	475.948
246	525.115
247	476.213
248	476.346
250	476.609
251	476.73
252	488.606
253	568.609
254	476.967
255	477.019
256	522.385
257	477.087
258	477.107
259	498.804
260	477.108
262	487.831
263	569.034
264	477.004
265	476.955
266	526.89
267	476.844
268	476.763
269	506.797
270	476.614
271	476.548
272	496.593
274	476.416
275	490.537
276	573.207
277	476.312
278	476.289
279	528.115
280	476.266
281	476.265
282	504.066
283	476.282
284	476.304
285	491.113
286	571.806
287	476.399
288	476.445
289	525.039
290	476.595
291	476.668
292	500.798
293	476.854
294	476.942
295	488.74
296	569.451
298	477.299
299	525.925
300	477.426
301	477.475
302	505.789
303	477.542
304	477.56
305	496.606
306	477.573
307	477.567
308	491.25
310	477.509
311	477.474
312	529.714
313	477.384
314	477.332
315	505.614
316	477.22
317	477.166
318	492.687
319	477.07
320	477.025
322	566.944
323	476.918
324	476.891
325	523.197
326	476.848
327	476.837
328	500.803
329	476.842
330	476.85
331	490.383
332	572.467
334	476.923
335	529.989
336	477.011
337	477.032
338	509.249
339	477.087
340	477.149
341	498.302
342	477.248
343	477.245
344	491.713
345	574.603
346	477.309
347	477.363
348	529.344
349	477.321
350	477.271
351	505.227
352	477.311
353	477.339
354	492.412
355	573.56
356	477.182
358	526.718
359	477.145
360	477.079
361	502.698
362	477.003
363	476.992
364	491.036
365	572.762
366	476.852
367	476.853
368	529.443
370	476.782
371	509.042
372	476.788
373	476.817
374	498.912
375	476.763
376	476.758
377	493.02
378	476.856
379	476.858
380	488.655
382	476.857
383	476.916
384	527.101
385	476.895
386	476.879
387	503.573
388	476.946
389	476.935
390	491.775
391	572.908
392	476.88
393	476.905
394	526.016
395	476.823
396	476.779
397	502.367
398	476.789
399	476.758
400	492.283
401	574.95
402	476.655
403	476.66
404	532.123
405	476.564
406	476.534
407	510.375
408	476.566
409	476.54
410	498.608
411	476.476
412	476.507
413	491.493
414	574.355
415	476.514
416	476.505
418	476.581
419	476.596
420	505.037
421	476.597
422	476.631
423	492.233
424	573.363
425	476.663
426	476.676
427	526.605
428	476.738
430	502.643
431	476.701
432	476.735
433	491.223
434	573.207
435	476.686
436	476.674
437	530.062
438	476.722
439	476.694
440	509.518
442	476.642
443	499.071
444	476.645
445	476.602
446	492.707
447	476.608
448	476.634
449	488.428
450	571.363
451	476.579
452	476.612
454	476.641
455	476.614
456	504.177
457	476.645
458	476.684
459	491.858
460	573.024
461	476.674
462	476.707
463	526.546
464	476.739
465	476.72
466	502.924
467	476.751
468	476.777
469	492.173
470	574.813
471	476.731
472	476.754
473	531.958
474	476.756
475	476.723
476	510.779
477	476.732
478	476.744
479	499.27
480	476.678
481	476.668
482	492.31
483	575.358
484	476.683
485	476.642
486	529.894
487	476.663
488	476.689
489	505.565
490	476.633
491	476.622
492	492.669
493	476.687
494	476.683
495	485.793
496	567.174
497	476.675
498	476.707
499	523.837
500	476.689
502	502.311
503	476.742
504	476.735
505	493.246
506	476.713
507	476.738
508	490.495
509	575.186
510	476.717
511	476.711
512	532.774
514	476.734
515	509.491
516	476.69
517	476.71
518	496.512
519	476.705
520	476.67
521	489.132
522	571.153
523	476.697
524	476.68
525	526.416
526	476.637
527	476.659
528	502.968
529	476.666
530	476.639
531	490.838
532	571.887
533	476.683
534	476.674
535	526.743
536	476.648
538	505.298
539	476.693
540	476.67
541	496.446
542	476.697
543	476.721
544	492.418
545	576.77
546	476.681
547	476.706
548	532.521
549	476.712
550	476.682
551	508.587
552	476.696
553	476.713
554	495.358
555	476.661
556	476.652
557	488
558	569.747
559	476.669
560	476.637
562	476.649
563	476.666
564	502.401
565	476.617
566	476.612
567	490.748
568	572.254
569	476.647
570	476.617
571	528.225
572	476.637
574	507.498
575	476.634
576	476.631
577	498.005
578	476.681
579	476.672
580	492.661
581	476.647
582	476.677
583	488.997
584	572.205
585	476.66
586	476.655
587	528.328
588	476.706
589	476.69
590	504.987
591	476.65
592	476.675
593	492.597
594	476.677
595	476.641
596	486.058
598	476.675
599	476.659
600	524.392
601	476.612
602	476.632
603	502.866
604	476.64
605	476.61
606	493.685
607	476.624
608	476.646
609	490.734
610	575.266
611	476.601
612	476.628
613	532.61
614	476.643
615	476.616
616	509.218
617	476.639
618	476.662
619	496.276
620	476.624
621	476.625
622	488.886
623	570.954
624	476.659
625	476.623
626	526.427
627	476.65
628	476.68
629	503.206
630	476.627
631	476.61
632	491.325
634	476.648
635	476.616
636	527.849
637	476.619
638	476.637
639	506.482
640	476.595
641	476.587
642	497.219
643	476.626
644	476.611
645	492.484
646	576.486
647	476.604
648	476.627
649	531.822
650	476.586
651	476.582
652	507.729
653	476.636
654	476.626
655	494.673
656	476.598
658	487.545
659	569.291
660	476.613
661	476.609
662	525.193
663	476.659
664	476.647
665	502.411
666	476.612
667	476.635
668	491.261
670	476.611
671	476.602
672	529.784
673	476.645
674	476.629
675	509.085
676	476.589
677	476.61
678	498.633
679	476.615
680	476.585
681	492.251
682	575.52
683	476.624
684	476.612
685	530.274
686	476.579
687	476.604
688	506.108
689	476.618
690	476.593
691	493.363
692	476.618
694	486.557
695	568.224
696	476.606
697	476.633
698	524.674
699	476.647
700	476.621
701	502.645
702	476.643
703	476.665
704	493.008
705	476.622
706	476.617
707	489.804
708	574.247
709	476.644
710	476.613
711	532.217
712	476.628
713	476.646
714	509.204
715	476.597
716	476.59
718	476.632
719	476.615
720	489.238
721	571.347
722	476.602
723	476.623
724	526.721
725	476.581
726	476.577
727	503.348
728	476.627
730	491.307
731	572.626
732	476.614
733	476.638
734	527.272
735	476.602
736	476.601
737	505.445
738	476.654
739	476.642
740	496.342
741	476.613
742	476.641
743	492.279
744	576.57
745	476.623
746	476.619
747	532.396
748	476.667
749	476.652
750	508.537
751	476.616
752	476.642
753	495.401
754	476.648
755	476.617
756	488.082
757	569.958
758	476.657
759	476.641
760	525.699
761	476.605
762	476.631
763	502.759
764	476.639
765	476.608
766	491.269
767	572.935
768	476.653
769	476.639
770	528.97
771	476.602
772	476.628
773	508.3
774	476.642
775	476.614
776	498.36
778	476.653
779	492.526
780	476.611
781	476.607
782	488.553
783	571.601
784	476.639
785	476.605
786	527.789
787	476.627
788	476.654
790	476.607
791	476.596
792	492.323
793	573.718
794	476.635
795	476.606
796	527.392
797	476.621
798	476.645
799	503.79
800	476.606
802	493.005
803	476.649
804	476.638
805	489.377
806	573.633
807	476.633
808	476.658
809	532.11
810	476.62
811	476.616
812	509.762
813	476.666
814	476.655
815	497.372
816	476.624
817	476.65
818	490.057
819	572.378
820	476.632
821	476.626
822	527.463
823	476.673
824	476.66
825	503.813
826	476.624
827	476.647
828	491.538
829	572.749
830	476.624
831	476.617
832	526.728
833	476.661
834	476.646
835	504.18
836	476.606
838	494.626
839	476.635
840	476.605
841	491.406
842	576.039
843	476.643
844	476.63
845	533.003
846	476.596
847	476.621
848	509.563
850	476.604
851	496.528
852	476.628
853	476.65
854	489.098
855	571.155
856	476.608
857	476.635
858	526.48
859	476.647
860	476.62
862	476.643
863	476.667
864	491.243
865	572.589
866	476.622
867	476.646
868	527.551
869	476.654
870	476.627
871	506.196
872	476.646
873	476.668
874	497.135
875	476.624
876	476.62
877	492.793
878	476.666
879	476.65
880	489.461
881	573.041
882	476.642
883	476.664
884	529.235
885	476.62
886	476.615
887	505.721
888	476.664
889	476.65
890	493.156
891	476.614
892	476.64
893	486.365
894	567.964
895	476.621
896	476.617
898	476.662
899	476.645
900	502.355
901	476.609
902	476.635
903	492.559
904	476.643
905	476.61
906	489.556
907	574.034
908	476.65
910	532.224
911	476.598
912	476.623
913	509.373
914	476.636
915	476.605
916	496.68
917	476.621
918	476.646
919	489.481
920	571.627
922	476.635
923	526.856
924	476.645
925	476.616
926	503.44
927	476.646
928	476.674
929	491.327
930	572.63
931	476.624
932	476.655
934	476.669
935	476.637
936	505.451
937	476.661
938	476.689
939	496.174
940	476.64
941	476.629
942	492.195
943	576.491
944	476.675
945	476.643
946	532.259
947	476.651
948	476.674
949	508.348
950	476.638
951	476.63
952	495.251
953	476.67
954	476.657
955	487.934
956	569.73
958	476.671
959	525.488
960	476.626
961	476.62
962	502.491
963	476.669
964	476.655
965	490.997
966	572.591
967	476.644
968	476.668
970	476.625
971	476.618
972	507.816
973	476.666
974	476.654
975	498.279
976	476.619
977	476.644
978	492.792
979	476.653
980	476.625
982	572.036
983	476.669
984	476.657
985	528.247
986	476.624
987	476.649
988	504.875
989	476.66
990	476.633
991	492.573
992	476.654
994	486.053
995	567.696
996	476.632
997	476.657
998	524.495
999	476.668
1000	476.64
1001	503.11
1002	476.661
1003	476.683
1004	494.023
1005	476.641
1006	476.637
1007	491.03
1008	575.587
1009	476.67
1010	476.642
1011	532.661
1012	476.661
1013	476.682
1014	509.256
1015	476.638
1016	476.633
1017	496.328
1018	476.679
1019	476.664
1020	488.996
1021	571.089
1022	476.651
1023	476.672
1024	526.553
1025	476.626
1026	476.62
1027	503.259
1028	476.665
1030	491.309
1031	572.652
1032	476.635
1033	476.656
1034	527.679
1035	476.61
1036	476.604
1037	506.148
1038	476.651
1039	476.636
1040	496.925
1042	476.627
1043	492.401
1044	576.474
1045	476.608
1046	476.604
1047	531.937
1048	476.655
1049	476.642
1050	507.781
1051	476.609
1052	476.637
1054	476.65
1055	476.62
1056	487.66
1057	569.447
1058	476.667
1059	476.654
1060	525.387
1061	476.619
1062	476.646
1063	502.505
1064	476.655
1065	476.625
1066	491.374
1067	573.429
1068	476.666
1069	476.651
1070	529.934
1071	476.613
1072	476.638
1073	509.135
1074	476.649
1075	476.618
1076	498.706
1077	476.631
1078	476.653
1079	492.475
1080	575.875
1081	476.605
1082	476.632
1083	530.646
1084	476.634
1085	476.6
1086	506.432
1087	476.626
1088	476.655
1090	476.603
1091	476.59
1092	486.564
1093	568.248
1094	476.635
1095	476.605
1096	524.618
1097	476.614
1098	476.636
1099	502.536
1100	476.599
1102	492.664
1103	476.637
1104	476.626
1105	489.545
1106	573.99
1107	476.613
1108	476.635
1109	532.428
1110	476.599
1111	476.596
1112	509.82
1114	476.624
1115	497.19
1116	476.6
1117	476.631
1118	489.924
1119	572.217
1120	476.602
1121	476.595
1122	527.279
1123	476.657
1124	476.648
1125	503.741
1126	476.605
1127	476.627
1128	491.557
1129	572.833
1130	476.62
1131	476.611
1132	527.001
1133	476.653
1134	476.642
1135	504.694
1136	476.61
1138	495.323
1139	476.636
1140	476.608
1141	491.753
1142	576.254
1143	476.647
1144	476.632
1145	532.755
1146	476.595
1147	476.619
1148	509.065
1149	476.625
1150	476.596
1151	496.007
1152	476.614
1153	476.635
1154	488.668
1155	570.658
1156	476.587
1157	476.611
1158	526.152
1159	476.619
1160	476.591
1162	476.612
1163	476.634
1164	491.023
1165	572.421
1166	476.586
1167	476.61
1168	527.965
1169	476.622
1170	476.595
1171	506.986
1172	476.617
1174	497.74
1175	476.598
1176	476.596
1177	492.909
1178	476.647
1179	476.632
1180	489.328
1181	572.796
1182	476.628
1183	476.652
1184	528.895
1185	476.611
1186	476.607
1187	505.339
1188	476.659
1189	476.646
1190	492.812
1191	476.614
1192	476.641
1193	486.158
1194	567.721
1195	476.624
1196	476.621
1198	476.67
1199	476.656
1200	502.444
1201	476.623
1202	476.649
1203	492.905
1204	476.659
1205	476.63
1206	490.046
1207	574.631
1208	476.673
1209	476.658
1210	532.672
1211	476.624
1212	476.651
1213	509.773
1214	476.66
1215	476.629
1216	497.089
1217	476.646
1218	476.671
1219	489.715
1220	571.887
1221	476.623
1222	476.648
1223	527.108
1224	476.656
1225	476.627
1226	503.637
1227	476.648
1228	476.673
1229	491.5
1230	572.805
1231	476.622
1232	476.651
1234	476.662
1235	476.629
1236	504.925
1237	476.651
1238	476.68
1239	495.551
1240	476.641
1241	476.632
1242	491.904
1243	576.3
1244	476.674
1245	476.647
1246	532.541
1247	476.668
1248	476.692
1249	508.794
1250	476.654
1251	476.65
1252	495.771
1253	476.699
1254	476.686
1255	488.448
1256	570.416
1258	476.704
1259	526.027
1260	476.66
1261	476.653
1262	502.912
1263	476.703
1264	476.692
1265	491.238
1266	572.753
1267	476.679
1268	476.698
1270	476.649
1271	476.646
1272	507.377
1273	476.701
1274	476.684
1275	497.956
1276	476.636
1277	476.661
1278	492.809
1279	476.678
1280	476.647
1281	489.075
1282	572.427
1283	476.679
1284	476.668
1285	528.606
1286	476.633
1287	476.654
1288	505.185
1289	476.66
1290	476.633
1291	492.775
1292	476.652
1294	486.17
1295	567.832
1296	476.624
1297	476.649
1298	524.492
1299	476.658
1300	476.629
1301	502.758
1302	476.65
1303	476.673
1304	493.318
1305	476.63
1306	476.625
1307	490.266
1308	574.837
1309	476.661
1310	476.633
1311	532.588
1312	476.653
1313	476.676
1314	509.455
1315	476.634
1316	476.629
1318	476.678
1319	476.663
1320	489.43
1321	571.6
1322	476.654
1323	476.676
1324	526.938
1325	476.632
1326	476.627
1327	503.565
1328	476.674
1330	491.5
1331	572.833
1332	476.647
1333	476.668
1334	527.446
1335	476.622
1336	476.617
1337	505.613
1338	476.661
1339	476.645
1340	496.375
1341	476.608
1342	476.632
1343	492.414
1344	576.794
1345	476.606
1346	476.6
1347	532.526
1348	476.646
1349	476.63
1350	508.77
1351	476.592
1352	476.618
1353	495.62
1354	476.626
1355	476.595
1356	488.26
1357	570.125
1358	476.638
1359	476.623
1360	525.743
1361	476.589
1362	476.615
1363	502.727
1364	476.626
1365	476.596
1366	491.157
1367	572.763
1368	476.642
1369	476.628
1370	528.673
1371	476.595
1372	476.622
1373	507.718
1374	476.632
1375	476.602
1376	498.076
1378	476.646
1379	492.891
1380	476.604
1381	476.597
1382	488.833
1383	572.071
1384	476.633
1385	476.602
1386	528.329
1387	476.621
1388	476.644
1390	476.601
1391	476.594
1392	492.661
1393	476.64
1394	476.627
1395	486.133
1396	567.832
1397	476.614
1398	476.637
1399	524.576
1400	476.592
1402	503.172
1403	476.629
1404	476.616
1405	493.992
1406	476.578
1407	476.601
1408	490.921
1409	575.528
1410	476.578
1411	476.57
1412	532.762
1413	476.615
1414	476.601
1415	509.545
1416	476.565
1417	476.589
1418	496.611
1419	476.598
1420	476.569
1421	489.214
1422	571.315
1423	476.611
1424	476.599
1425	526.685
1426	476.566
1427	476.592
1428	503.315
1429	476.603
1430	476.576
1431	491.361
1432	572.677
1433	476.622
1434	476.612
1435	527.513
1436	476.58
1438	505.994
1439	476.618
1440	476.591
1441	496.863
1442	476.614
1443	476.637
1444	492.561
1445	476.596
1446	476.59
1447	489.428
1448	573.096
1450	476.605
1451	529.431
1452	476.623
1453	476.641
1454	505.918
1455	476.598
1456	476.599
1457	493.402
1458	476.655
1459	476.637
1460	486.648
1462	476.621
1463	476.648
1464	524.801
1465	476.608
1466	476.599
1467	502.518
1468	476.643
1469	476.631
1470	492.38
1471	575.255
1472	476.621
1473	476.64
1474	532.384
1475	476.597
1476	476.594
1477	510.684
1478	476.64
1479	476.624
1480	498.817
1481	476.59
1482	476.617
1483	491.855
1484	574.717
1485	476.596
1486	476.593
1487	529.391
1488	476.644
1489	476.631
1490	505.341
1491	476.598
1492	476.627
1493	492.639
1494	476.639
1495	476.611
1496	485.965
1498	476.66
1499	476.648
1500	524.327
1501	476.616
1502	476.643
1503	503.065
1504	476.655
1505	476.627
1506	494.183
1507	476.649
1508	476.673
1510	575.972
1511	476.626
1512	476.653
1513	533.04
1514	476.662
1515	476.632
1516	509.544
1517	476.654
1518	476.678
1519	496.557
1520	476.635
1522	489.09
1523	571.121
1524	476.665
1525	476.634
1526	526.501
1527	476.653
1528	476.678
1529	503.172
1530	476.635
1531	476.627
1532	491.225
1534	476.66
1535	476.629
1536	527.528
1537	476.647
1538	476.669
1539	506.097
1540	476.625
1541	476.619
1542	496.997
1543	476.667
1544	476.653
1545	492.734
1546	476.617
1547	476.642
1548	489.65
1549	573.342
1550	476.624
1551	476.616
1552	529.549
1553	476.666
1554	476.654
1555	506.029
1556	476.621
1557	476.646
1558	493.406
1559	476.657
1560	476.631
1561	486.558
1562	568.208
1563	476.677
1564	476.665
1565	524.58
1566	476.633
1567	476.66
1568	502.187
1570	476.644
1571	491.974
1572	574.734
1573	476.687
1574	476.676
1575	531.965
1576	476.639
1577	476.662
1578	510.66
1579	476.673
1580	476.646
1582	476.664
1583	476.686
1584	491.933
1585	574.804
1586	476.638
1587	476.662
1588	529.47
1589	476.673
1590	476.643
1591	505.346
1592	476.664
1594	492.684
1595	476.637
1596	476.633
1597	486.005
1598	567.588
1599	476.673
1600	476.638
1601	524.499
1602	476.653
1603	476.678
1604	503.382
1605	476.632
1606	476.624
1607	494.492
1608	476.673
1609	476.658
1610	491.245
1611	575.668
1612	476.64
1613	476.665
1614	532.16
1615	476.625
1616	476.616
1617	508.434
1618	476.662
1619	476.651
1620	495.446
1621	476.621
1622	476.645
1623	488.165
1624	570.024
1625	476.628
1626	476.626
1627	525.76
1628	476.675
1630	502.761
1631	476.626
1632	476.654
1633	491.122
1634	572.662
1635	476.638
1636	476.635
1637	528.509
1638	476.68
1639	476.662
1640	507.631
1642	476.656
1643	497.897
1644	476.665
1645	476.63
1646	492.457
1647	576.103
1648	476.67
1649	476.657
1650	531.317
1651	476.618
1652	476.641
1654	476.649
1655	476.618
1656	494.125
1657	476.635
1658	476.656
1659	487.049
1660	568.759
1661	476.604
1662	476.63
1663	524.945
1664	476.635
1665	476.603
1666	502.393
1667	476.622
1668	476.645
1669	491.878
1670	574.326
1671	476.591
1672	476.617
1673	531.265
1674	476.625
1675	476.593
1676	510.11
1677	476.613
1678	476.637
1679	498.898
1680	476.594
1681	476.588
1682	492.14
1683	575.269
1684	476.626
1685	476.597
1686	529.919
1687	476.619
1688	476.645
1689	505.718
1690	476.605
1691	476.599
1692	492.923
1693	476.651
1694	476.64
1695	486.196
1696	567.793
1697	476.633
1698	476.658
1699	524.437
1700	476.617
1702	502.809
1703	476.66
1704	476.648
1705	493.604
1706	476.613
1707	476.637
1708	490.587
1709	575.134
1710	476.618
1711	476.611
1712	532.415
1714	476.645
1715	509.17
1716	476.61
1717	476.633
1718	496.226
1719	476.642
1720	476.613
1721	488.887
1722	570.884
1723	476.653
1724	476.64
1725	526.399
1726	476.604
1727	476.627
1728	503.221
1729	476.635
1730	476.607
1731	491.335
1732	572.74
1733	476.646
1734	476.633
1735	527.994
1736	476.597
1738	506.632
1739	476.629
1740	476.6
1741	497.246
1742	476.62
1743	476.642
1744	492.421
1745	576.3
1746	476.597
1747	476.622
1748	531.523
1749	476.634
1750	476.607
1751	507.57
1752	476.629
1753	476.655
1754	494.533
1755	476.617
1756	476.611
1757	487.357
1758	569.107
1759	476.647
1760	476.625
1762	476.653
1763	476.672
1764	502.369
1765	476.621
1766	476.619
1767	491.354
1768	573.423
1769	476.663
1770	476.631
1771	530.099
1772	476.645
1774	509.352
1775	476.63
1776	476.623
1777	498.914
1778	476.666
1779	476.652
1780	492.575
1781	476.619
1782	476.644
1783	488.282
1784	571.152
1785	476.619
1786	476.614
1787	527.385
1788	476.661
1789	476.646
1790	504.182
1791	476.614
1792	476.641
1793	492.044
1794	573.33
1795	476.608
1796	476.604
1798	476.659
1799	476.644
1800	503.707
1801	476.6
1802	476.625
1803	493.182
1804	476.639
1805	476.61
1806	489.84
1807	574.301
1808	476.649
1809	476.636
1810	532.64
1811	476.605
1812	476.632
1813	509.97
1814	476.642
1815	476.613
1816	497.413
1817	476.637
1818	476.662
1819	490.039
1820	572.286
1821	476.616
1822	476.644
1823	527.395
1824	476.656
1825	476.627
1826	503.809
1827	476.65
1828	476.674
1829	491.603
1830	572.851
1831	476.627
1832	476.654
1834	476.664
1835	476.633
1836	504.47
1837	476.652
1838	476.676
1839	495.06
1840	476.632
1841	476.625
1842	491.735
1843	576.375
1844	476.657
1845	476.627
1846	533.054
1847	476.646
1848	476.668
1849	509.473
1850	476.624
1851	476.618
1852	496.353
1853	476.666
1854	476.652
1855	488.865
1856	570.827
1858	476.662
1859	526.261
1860	476.618
1861	476.611
1862	502.966
1863	476.657
1864	476.644
1865	491.082
1866	572.406
1867	476.632
1868	476.656
1870	476.613
1871	476.606
1872	506.5
1873	476.657
1874	476.645
1875	497.345
1876	476.611
1877	476.637
1878	492.672
1879	476.649
1880	476.622
1881	489.213
1882	572.71
1883	476.668
1884	476.657
1885	528.999
1886	476.625
1887	476.65
1888	505.511
1889	476.663
1890	476.634
1891	493.004
1892	476.655
1894	486.271
1895	567.908
1896	476.633
1897	476.655
1898	524.428
1899	476.661
1900	476.631
1901	502.378
1902	476.659
1903	476.68
1904	492.705
1905	476.626
1906	476.621
1907	489.654
1908	574.122
1909	476.658
1910	476.622
1911	532.189
1912	476.641
1913	476.669
1914	509.317
1915	476.623
1916	476.61
1918	476.656
1919	476.647
1920	489.355
1921	571.499
1922	476.633
1923	476.651
1924	526.87
1925	476.613
1926	476.61
1927	503.526
1928	476.653
1930	491.49
1931	572.832
1932	476.634
1933	476.655
1934	527.501
1935	476.611
1936	476.606
1937	505.723
1938	476.662
1939	476.649
1940	496.451
1941	476.614
1942	476.64
1943	492.259
1944	576.448
1945	476.623
1946	476.624
1947	532.013
1948	476.68
1949	476.664
1950	508.098
1951	476.625
1952	476.656
1953	495
1954	476.676
1955	476.645
1956	487.781
1957	569.588
1958	476.686
1959	476.675
1960	525.391
1961	476.642
1962	476.666
1963	502.5
1964	476.675
1965	476.647
1966	491.1
1967	572.825
1968	476.688
1969	476.672
1970	529.074
1971	476.638
1972	476.664
1973	508.409
1974	476.67
1975	476.638
1976	498.506
1978	476.68
1979	492.669
1980	476.634
1981	476.627
1982	488.692
1983	571.772
1984	476.66
1985	476.628
1986	527.959
1987	476.647
1988	476.67
1990	476.626
1991	476.618
1992	492.39
1993	573.799
1994	476.653
1995	476.622
1996	527.429
1997	476.641
1998	476.665
1999	503.666
2000	476.622
2002	492.553
2003	476.665
2004	476.653
2005	488.807
2006	572.947
2007	476.646
2008	476.67
2009	531.859
2010	476.629
2011	476.624
2012	509.845
2013	476.674
2014	476.662
2015	497.639
2016	476.629
2017	476.655
2018	490.414
2019	572.841
2020	476.64
2021	476.633
2022	527.909
2023	476.681
2024	476.669
2025	504.239
2026	476.636
2027	476.66
2028	491.903
2029	573.263
2030	476.639
2031	476.632
2032	527.158
2033	476.679
2034	476.666
2035	504.324
2036	476.629
2038	494.48
2039	476.659
2040	476.629
2041	491.195
2042	575.764
2043	476.667
2044	476.653
2045	532.966
2046	476.615
2047	476.639
2048	509.473
2050	476.615
2051	496.496
2052	476.634
2053	476.656
2054	489.163
2055	571.232
2056	476.604
2057	476.627
2058	526.635
2059	476.639
2060	476.613
2062	476.632
2063	476.652
2064	491.287
2065	572.644
2066	476.605
2067	476.634
2068	527.445
2069	476.647
2070	476.616
2071	505.834
2072	476.635
2073	476.66
2074	496.686
2075	476.621
2076	476.616
2077	492.434
2078	576.669
2079	476.652
2080	476.625
2081	532.319
2082	476.646
2083	476.667
2084	508.3
2085	476.626
2086	476.622
2087	495.276
2088	476.671
2089	476.658
2090	488.001
2091	569.874
2092	476.644
2093	476.667
2094	525.623
2095	476.63
2096	476.627
2098	476.665
2099	476.645
2100	491.161
2101	572.798
2102	476.648
2103	476.672
2104	528.925
2105	476.615
2106	476.606
2107	508.28
2108	476.66
2110	498.571
2111	476.608
2112	476.629
2113	492.953
2114	476.642
2115	476.613
2116	489.1
2117	572.318
2118	476.648
2119	476.633
2120	528.383
2122	476.629
2123	504.917
2124	476.635
2125	476.604
2126	492.505
2127	573.876
2128	476.652
2129	476.638
2130	527.306
2131	476.604
2132	476.632
2134	476.644
2135	476.615
2136	492.318
2137	574.709
2138	476.662
2139	476.647
2140	531.437
2141	476.615
2142	476.643
2143	510.326
2144	476.653
2145	476.622
2146	498.966
2147	476.643
2148	476.668
2149	492.043
2150	575.107
2151	476.618
2152	476.644
2153	529.958
2154	476.653
2155	476.622
2156	505.83
2157	476.642
2158	476.666
2159	492.993
2160	476.622
2161	476.615
2162	486.196
2163	567.749
2164	476.648
2165	476.617
2166	524.356
2167	476.636
2168	476.659
2170	476.614
2171	476.606
2172	493.466
2173	476.653
2174	476.639
2175	490.531
2176	575.123
2177	476.626
2178	476.649
2179	532.703
2180	476.604
2182	509.534
2183	476.645
2184	476.632
2185	496.632
2186	476.598
2187	476.623
2188	489.254
2189	571.344
2190	476.608
2191	476.603
2192	526.745
2194	476.643
2195	503.428
2196	476.612
2197	476.639
2198	491.417
2199	572.812
2200	476.627
2201	476.62
2202	527.606
2203	476.671
2204	476.664
2205	506.161
2206	476.636
2207	476.66
2208	496.92
2209	476.666
2210	476.639
2211	492.603
2212	476.668
2213	476.693
2214	489.503
2215	573.143
2216	476.639
2217	476.666
2218	529.342
2219	476.678
2220	476.648
2221	505.833
2222	476.671
2223	476.695
2224	493.27
2225	476.646
2226	476.637
2227	486.548
2228	568.189
2230	476.651
2231	524.632
2232	476.659
2233	476.68
2234	502.421
2235	476.643
2236	476.637
2237	492.355
2238	575.265
2239	476.662
2240	476.635
2242	476.654
2243	476.673
2244	510.841
2245	476.627
2246	476.623
2247	498.841
2248	476.671
2249	476.655
2250	491.795
2251	574.654
2252	476.647
2254	529.308
2255	476.627
2256	476.623
2257	505.335
2258	476.675
2259	476.661
2260	492.72
2261	476.629
2262	476.657
2263	486.1
2264	567.75
2265	476.64
2266	476.637
2267	524.6
2268	476.687
2269	476.673
2270	503.475
2271	476.64
2272	476.667
2273	494.61
2274	476.677
2275	476.646
2276	491.374
2277	575.865
2278	476.69
2279	476.675
2280	532.436
2281	476.639
2282	476.665
2283	508.858
2284	476.673
2285	476.642
2286	495.824
2287	476.66
2288	476.684
2289	488.463
2290	570.412
2291	476.632
2292	476.657
2293	526.016
2294	476.664
2295	476.632
2296	502.926
2297	476.65
2298	476.673
2299	491.24
2300	572.759
2302	476.643
2303	528.406
2304	476.65
2305	476.617
2306	507.395
2307	476.634
2308	476.657
2309	497.963
2310	476.611
2311	476.603
2312	492.65
2314	476.637
2315	488.892
2316	572.152
2317	476.626
2318	476.65
2319	528.345
2320	476.608
2321	476.602
2322	504.936
2323	476.653
2324	476.641
2325	492.579
2326	476.608
2327	476.634
2328	485.97
2329	567.635
2330	476.618
2331	476.612
2332	524.3
2333	476.662
2334	476.651
2335	502.705
2336	476.616
2338	493.45
2339	476.65
2340	476.622
2341	490.529
2342	575.067
2343	476.662
2344	476.649
2345	532.52
2346	476.613
2347	476.636
2348	509.324
2349	476.645
2350	476.616
2351	496.437
2352	476.634
2353	476.655
2354	489.029
2355	571.089
2356	476.605
2357	476.629
2358	526.518
2359	476.639
2360	476.61
2362	476.621
2363	476.642
2364	491.295
2365	572.655
2366	476.597
2367	476.621
2368	527.636
2369	476.621
2370	476.588
2371	506.249
2372	476.615
2374	497.03
2375	476.589
2376	476.577
2377	492.503
2378	576.553
2379	476.622
2380	476.594
2381	531.879
2382	476.605
2383	476.627
2384	507.648
2385	476.593
2386	476.589
2387	494.57
2388	476.636
2389	476.624
2390	487.456
2391	569.234
2392	476.619
2393	476.641
2394	525.282
2395	476.606
2396	476.606
2398	476.649
2399	476.63
2400	491.451
2401	573.559
2402	476.636
2403	476.658
2404	530.115
2405	476.602
2406	476.594
2407	509.278
2408	476.652
2409	476.639
2410	498.686
2411	476.594
2412	476.617
2413	492.199
2414	575.365
2415	476.602
2416	476.595
2417	530.269
2418	476.637
2419	476.623
2420	506.108
2421	476.59
2422	476.615
2423	493.301
2424	476.621
2425	476.592
2426	486.41
2427	568.037
2428	476.633
2429	476.617
2430	524.391
2431	476.582
2432	476.609
2434	476.617
2435	476.587
2436	492.708
2437	476.606
2438	476.63
2439	489.754
2440	574.187
2441	476.581
2442	476.608
2443	532.449
2444	476.618
2445	476.589
2446	509.703
2447	476.612
2448	476.638
2449	497
2450	476.599
2451	476.594
2452	489.566
2453	571.761
2454	476.638
2455	476.61
2456	526.965
2458	476.659
2459	503.53
2460	476.622
2461	476.617
2462	491.42
2463	572.668
2464	476.657
2465	476.627
2466	527.077
2467	476.65
2468	476.674
2470	476.631
2471	476.626
2472	495.954
2473	476.675
2474	476.663
2475	492.169
2476	576.69
2477	476.651
2478	476.675
2479	532.673
2480	476.634
2481	476.627
2482	508.837
2483	476.674
2484	476.662
2485	495.691
2486	476.629
2487	476.653
2488	488.327
2489	570.188
2490	476.631
2491	476.625
2492	525.771
2494	476.66
2495	502.667
2496	476.622
2497	476.647
2498	490.904
2499	572.347
2500	476.627
2501	476.618
2502	528.039
2503	476.667
2504	476.658
2505	507.084
2506	476.625
2507	476.647
2508	497.745
2509	476.657
2510	476.629
2511	492.67
2512	476.654
2513	476.679
2514	488.923
2515	572.214
2516	476.634
2518	528.408
2519	476.675
2520	476.646
2521	504.993
2522	476.669
2523	476.697
2524	492.624
2525	476.658
2526	476.651
2527	486.092
2528	567.703
2530	476.664
2531	524.474
2532	476.681
2533	476.702
2534	503.092
2535	476.661
2536	476.658
2537	493.906
2538	476.703
2539	476.687
2540	490.833
2541	575.37
2542	476.678
2543	476.699
2544	532.403
2545	476.653
2546	476.645
2547	508.886
2548	476.694
2549	476.681
2550	496.073
2551	476.645
2552	476.669
2553	488.876
2554	570.885
2555	476.636
2556	476.635
2557	526.303
2558	476.69
2559	476.671
2560	502.965
2561	476.623
2562	476.651
2563	491.071
2564	572.418
2565	476.635
2566	476.626
2567	527.525
2568	476.669
2569	476.657
2570	506.247
2571	476.623
2572	476.647
2573	497.071
2574	476.655
2575	476.626
2576	492.539
2578	476.67
2579	489.222
2580	572.719
2581	476.623
2582	476.65
2583	528.953
2584	476.661
2585	476.631
2586	505.529
2587	476.653
2588	476.678
2590	476.636
2591	476.629
2592	486.367
2593	568.068
2594	476.667
2595	476.636
2596	524.524
2597	476.654
2598	476.678
2599	502.526
2600	476.634
2602	492.789
2603	476.672
2604	476.658
2605	489.697
2606	574.15
2607	476.644
2608	476.666
2609	532.31
2610	476.62
2611	476.612
2612	509.358
2613	476.658
2614	476.644
2615	496.525
2616	476.607
2617	476.63
2618	489.396
2619	571.555
2620	476.607
2621	476.599
2622	526.882
2623	476.645
2624	476.632
2625	503.435
2626	476.594
2627	476.617
2628	491.631
2629	572.976
2630	476.595
2631	476.588
2632	527.168
2633	476.634
2634	476.621
2635	505.709
2636	476.585
2638	496.708
2639	476.618
2640	476.59
2641	492.401
2642	576.527
2643	476.632
2644	476.621
2645	532.054
2646	476.587
2647	476.612
2648	508.083
2650	476.596
2651	495.055
2652	476.617
2653	476.639
2654	487.821
2655	569.649
2656	476.594
2657	476.618
2658	525.377
2659	476.628
2660	476.6
2662	476.619
2663	476.64
2664	491.148
2665	572.951
2666	476.591
2667	476.614
2668	529.227
2669	476.621
2670	476.592
2671	508.523
2672	476.61
2673	476.63
2674	498.54
2675	476.585
2676	476.58
2677	492.55
2678	476.625
2679	476.609
2680	488.51
2681	571.447
2682	476.598
2683	476.619
2684	527.744
2685	476.574
2686	476.57
2687	504.552
2688	476.617
2689	476.602
2690	492.318
2691	573.768
2692	476.592
2693	476.614
2694	527.382
2695	476.572
2696	476.568
2698	476.617
2699	476.603
2700	492.829
2701	476.57
2702	476.598
2703	489.183
2704	573.396
2705	476.581
2706	476.579
2707	532.063
2708	476.63
2710	509.741
2711	476.586
2712	476.615
2713	497.178
2714	476.628
2715	476.599
2716	490.005
2717	572.344
2718	476.648
2719	476.635
2720	527.503
2722	476.629
2723	503.843
2724	476.641
2725	476.611
2726	491.553
2727	572.827
2728	476.654
2729	476.643
2730	527.106
2731	476.608
2732	476.632
2734	476.635
2735	476.606
2736	495.489
2737	476.635
2738	476.656
2739	491.771
2740	576.088
2741	476.591
2742	476.625
2743	532.33
2744	476.642
2745	476.604
2746	508.613
2747	476.611
2748	476.64
2749	495.585
2750	476.606
2751	476.595
2752	488.277
2753	570.183
2754	476.624
2755	476.598
2756	525.866
2758	476.639
2759	502.755
2760	476.597
2761	476.593
2762	491.002
2763	572.48
2764	476.629
2765	476.601
2766	528.216
2767	476.625
2768	476.65
2770	476.608
2771	476.603
2772	497.983
2773	476.658
2774	476.648
2775	492.886
2776	476.616
2777	476.641
2778	489.366
2779	572.709
2780	476.628
2782	528.791
2783	476.673
2784	476.661
2785	505.284
2786	476.628
2787	476.654
2788	492.768
2789	476.664
2790	476.636
2791	486.047
2792	567.586
2794	476.665
2795	524.199
2796	476.63
2797	476.652
2798	502.329
2799	476.658
2800	476.631
2801	492.917
2802	476.652
2803	476.672
2804	490.049
2805	574.672
2806	476.622
2807	476.646
2808	532.774
2809	476.654
2810	476.623
2811	509.962
2812	476.642
2813	476.664
2814	497.183
2815	476.62
2816	476.615
2817	489.744
2818	571.957
2819	476.646
2820	476.619
2821	527.097
2822	476.638
2823	476.659
2824	503.569
2825	476.618
2826	476.616
2827	491.3
2828	572.509
2830	476.622
2831	526.825
2832	476.645
2833	476.668
2834	504.726
2835	476.627
2836	476.623
2837	495.545
2838	476.672
2839	476.659
2840	492.033
2842	476.655
2843	476.677
2844	532.845
2845	476.635
2846	476.632
2847	509.05
2848	476.683
2849	476.669
2850	496.019
2851	476.635
2852	476.662
2854	570.642
2855	476.641
2856	476.637
2857	526.218
2858	476.685
2859	476.671
2860	502.936
2861	476.635
2862	476.66
2863	491.187
2864	572.627
2865	476.638
2866	476.634
2867	527.956
2868	476.681
2869	476.666
2870	506.943
2871	476.627
2872	476.652
2873	497.742
2874	476.662
2875	476.63
2876	492.91
2877	476.65
2878	476.674
2879	489.34
2880	572.771
2881	476.616
2882	476.644
2883	528.925
2884	476.656
2885	476.619
2886	505.436
2887	476.639
2888	476.668
2890	476.623
2891	476.614
2892	486.327
2893	567.945
2894	476.658
2895	476.624
2896	524.511
2897	476.64
2898	476.67
2899	502.633
2900	476.634
2902	492.941
2903	476.668
2904	476.66
2905	489.923
2906	574.442
2907	476.652
2908	476.673
2909	532.535
2910	476.633
2911	476.629
2912	509.603
2914	476.662
2915	497.036
2916	476.626
2917	476.65
2918	489.67
2919	571.868
2920	476.633
2921	476.627
2922	527.115
2923	476.671
2924	476.655
2925	503.661
2926	476.621
2927	476.649
2928	491.525
2929	572.857
2930	476.624
2931	476.614
2932	527.228
2933	476.664
2934	476.653
2935	505.165
2936	476.613
2937	476.634
2938	495.845
2939	476.643
2940	476.615
2941	492.063
2942	576.459
2943	476.652
2944	476.638
2945	532.849
2946	476.604
2947	476.628
2948	508.919
2949	476.636
2950	476.608
2951	495.909
2952	476.629
2953	476.652
2954	488.59
2955	570.554
2956	476.607
2957	476.633
2958	526.142
2959	476.646
2960	476.619
2962	476.642
2963	476.666
2964	491.326
2965	572.852
2966	476.623
2967	476.648
2968	528.426
2969	476.661
2970	476.633
2971	507.4
2972	476.654
2974	497.932
2975	476.635
2976	476.631
2977	492.799
2978	476.679
2979	476.664
2980	489.046
2981	572.494
2982	476.655
2983	476.677
2984	528.691
2985	476.633
2986	476.628
2987	505.253
2988	476.675
2989	476.66
2990	492.816
2991	476.624
2992	476.649
2993	486.166
2994	567.821
2995	476.626
2996	476.621
2998	476.667
2999	476.651
3000	502.74
3001	476.613
3002	476.639
3003	493.288
3004	476.646
3005	476.614
3006	490.221
3007	574.73
3008	476.655
3009	476.639
3010	532.554
3011	476.603
3012	476.629
3013	509.4
3014	476.638
3015	476.608
3016	496.837
3017	476.628
3018	476.653
3019	489.491
3020	571.662
3021	476.607
3022	476.635
3023	526.926
3024	476.647
3025	476.618
3026	503.501
3027	476.641
3028	476.667
3029	491.508
3030	572.805
3031	476.621
3032	476.649
3034	476.665
3035	476.634
3036	505.732
3037	476.648
3038	476.673
3039	496.529
3040	476.64
3041	476.637
3042	492.497
3043	576.919
3044	476.66
3045	476.63
3046	532.702
3047	476.663
3048	476.688
3049	508.682
3050	476.631
3051	476.622
3052	495.554
3053	476.68
3054	476.671
3055	488.28
3056	570.153
3058	476.671
3059	525.876
3060	476.635
3061	476.627
3062	502.843
3063	476.666
3064	476.653
3065	491.174
3066	572.709
3067	476.643
3068	476.664
3070	476.618
3071	476.611
3072	507.713
3073	476.656
3074	476.642
3075	498.097
3076	476.608
3077	476.633
3078	492.74
3079	476.641
3080	476.613
3081	489.059
3082	572.275
3083	476.657
3084	476.646
3085	528.494
3086	476.612
3087	476.637
3088	505.102
3089	476.649
3090	476.623
3091	492.666
3092	476.647
3094	486.003
3095	567.605
3096	476.627
3097	476.653
3098	524.24
3099	476.662
3100	476.634
3101	502.669
3102	476.657
3103	476.68
3104	493.524
3105	476.637
3106	476.633
3107	490.697
3108	575.333
3109	476.665
3110	476.636
3111	532.978
3112	476.655
3113	476.677
3114	509.673
3115	476.633
3116	476.628
3118	476.674
3119	476.659
3120	489.276
3121	571.373
3122	476.65
3123	476.671
3124	526.672
3125	476.627
3126	476.623
3127	503.314
3128	476.669
3130	491.332
3131	572.605
3132	476.645
3133	476.665
3134	527.375
3135	476.62
3136	476.615
3137	505.678
3138	476.662
3139	476.647
3140	496.582
3141	476.61
3142	476.636
3143	492.381
3144	576.657
3145	476.615
3146	476.611
3147	532.285
3148	476.66
3149	476.647
3150	508.348
3151	476.613
3152	476.641
3153	495.26
3154	476.653
3155	476.624
3156	488.014
3157	569.855
3158	476.671
3159	476.658
3160	525.612
3161	476.625
3162	476.652
3163	502.64
3164	476.663
3165	476.633
3166	491.166
3167	572.864
3168	476.678
3169	476.663
3170	529.026
3171	476.628
3172	476.654
3173	508.204
3174	476.662
3175	476.631
3176	498.335
3178	476.674
3179	492.525
3180	476.629
3181	476.621
3182	488.566
3183	571.612
3184	476.659
3185	476.629
3186	527.845
3187	476.643
3188	476.664
3190	476.62
3191	476.617
3192	492.197
3193	573.586
3194	476.65
3195	476.614
3196	527.255
3197	476.64
3198	476.668
3199	503.646
3200	476.615
3202	492.705
3203	476.665
3204	476.656
3205	489.08
3206	573.281
3207	476.63
3208	476.658
3209	532.063
3210	476.627
3211	476.619
3212	509.773
3213	476.661
3214	476.651
3215	497.302
3216	476.625
3217	476.65
3218	490.04
3219	572.427
3220	476.632
3221	476.629
3222	527.521
3223	476.681
3224	476.668
3225	503.982
3226	476.635
3227	476.663
3228	491.751
3229	573.065
3230	476.645
3231	476.639
3232	527.295
3233	476.689
3234	476.677
3235	504.96
3236	476.64
3238	495.389
3239	476.672
3240	476.644
3241	491.657
3242	576.01
3243	476.683
3244	476.669
3245	532.291
3246	476.632
3247	476.656
3248	508.583
3250	476.633
3251	495.593
3252	476.651
3253	476.672
3254	488.262
3255	570.205
3256	476.621
3257	476.644
3258	525.83
3259	476.652
3260	476.623
3262	476.64
3263	476.661
3264	491.017
3265	572.472
3266	476.612
3267	476.636
3268	528.172
3269	476.644
3270	476.615
3271	507.154
3272	476.636
3273	476.658
3274	497.757
3275	476.615
3276	476.611
3277	492.598
3278	476.662
3279	476.648
3280	488.839
3281	572.026
3282	476.643
3283	476.667
3284	528.337
3285	476.627
3286	476.624
3287	505.025
3288	476.675
3289	476.661
3290	492.661
3291	476.629
3292	476.656
3293	486.076
3294	567.678
3295	476.637
3296	476.633
3298	476.682
3299	476.667
3300	503.048
3301	476.632
3302	476.657
3303	493.806
3304	476.665
3305	476.635
3306	490.697
3307	575.172
3308	476.676
3310	532.343
3311	476.623
3312	476.647
3313	509.048
3314	476.655
3315	476.625
3316	496.11
3317	476.647
3318	476.667
3319	488.752
3320	570.766
3322	476.638
3323	526.258
3324	476.649
3325	476.614
3326	503.038
3327	476.626
3328	476.652
3329	491.171
3330	572.51
3331	476.603
3332	476.626
3334	476.635
3335	476.607
3336	506.34
3337	476.627
3338	476.65
3339	497.205
3340	476.607
3341	476.6
3342	492.675
3343	476.652
3344	476.642
3345	489.327
3346	572.858
3347	476.635
3348	476.659
3349	529.093
3350	476.619
3351	476.614
3352	505.541
3353	476.666
3354	476.651
3355	492.995
3356	476.616
3358	486.282
3359	567.912
3360	476.628
3361	476.619
3362	524.42
3363	476.668
3364	476.659
3365	502.382
3366	476.622
3367	476.644
3368	492.643
3370	476.625
3371	489.588
3372	574.042
3373	476.662
3374	476.649
3375	532.257
3376	476.616
3377	476.639
3378	509.533
3379	476.644
3380	476.615
3382	476.635
3383	476.656
3384	489.554
3385	571.728
3386	476.604
3387	476.628
3388	526.996
3389	476.637
3390	476.608
3391	503.559
3392	476.626
3394	491.461
3395	572.733
3396	476.6
3397	476.624
3398	527.241
3399	476.633
3400	476.605
3401	505.406
3402	476.625
3403	476.647
3404	496.311
3405	476.605
3406	476.601
3407	492.35
3408	576.733
3409	476.636
3410	476.61
3411	532.72
3412	476.632
3413	476.653
3414	508.628
3415	476.613
3416	476.61
3417	495.411
3418	476.661
3419	476.647
3420	488.072
3421	569.904
3422	476.642
3423	476.664
3424	525.553
3425	476.62
3426	476.615
3427	502.504
3428	476.664
3430	490.861
3431	572.362
3432	476.64
3433	476.66
3434	528.201
3435	476.618
3436	476.615
3437	507.344
3438	476.662
3439	476.645
3440	497.893
3442	476.637
3443	492.638
3444	476.646
3445	476.614
3446	488.823
3447	572.178
3448	476.657
3449	476.643
3450	528.444
3451	476.606
3452	476.632
3454	476.646
3455	476.616
3456	492.694
3457	476.632
3458	476.657
3459	486.111
3460	567.779
3461	476.612
3462	476.641
3463	524.463
3464	476.65
3465	476.617
3466	502.955
3467	476.644
3468	476.672
3469	493.708
3470	476.625
3471	476.618
3472	490.623
3473	575.127
3474	476.671
3475	476.637
3476	532.523
3477	476.651
3478	476.681
3479	509.359
3480	476.65
3481	476.641
3482	496.378
3483	476.684
3484	476.676
3485	489.025
3486	571.102
3487	476.671
3488	476.692
3490	476.652
3491	476.648
3492	503.248
3493	476.694
3494	476.681
3495	491.341
3496	572.703
3497	476.671
3498	476.694
3499	527.871
3500	476.648
3502	506.485
3503	476.688
3504	476.675
3505	497.167
3506	476.637
3507	476.66
3508	492.454
3509	576.479
3510	476.637
3511	476.629
3512	531.881
3514	476.662
3515	507.799
3516	476.625
3517	476.648
3518	494.672
3519	476.656
3520	476.627
3521	487.523
3522	569.258
3523	476.668
3524	476.656
3525	525.217
3526	476.621
3527	476.645
3528	502.433
3529	476.656
3530	476.628
3531	491.275
3532	573.23
3533	476.672
3534	476.661
3535	529.875
3536	476.628
3537	476.654
3538	509.137
3539	476.665
3540	476.638
3541	498.63
3542	476.66
3543	476.683
3544	492.186
3545	575.514
3546	476.637
3547	476.662
3548	530.311
3549	476.673
3550	476.645
3551	506.157
3552	476.665
3553	476.686
3554	493.376
3555	476.643
3556	476.639
3557	486.548
3558	568.211
3559	476.67
3560	476.641
3562	476.659
3563	476.68
3564	502.733
3565	476.634
3566	476.628
3567	493.107
3568	476.674
3569	476.657
3570	490.033
3571	574.502
3572	476.643
3574	532.378
3575	476.618
3576	476.613
3577	509.292
3578	476.657
3579	476.641
3580	496.608
3581	476.603
3582	476.63
3583	489.274
3584	571.379
3585	476.605
3586	476.6
3587	526.739
3588	476.648
3589	476.634
3590	503.347
3591	476.599
3592	476.625
3593	491.339
3594	572.61
3595	476.606
3596	476.602
3598	476.652
3599	476.639
3600	505.5
3601	476.605
3602	476.632
3603	496.323
3604	476.643
3605	476.613
3606	492.309
3607	576.623
3608	476.659
3609	476.645
3610	532.422
3611	476.61
3612	476.637
3613	508.42
3614	476.647
3615	476.616
3616	495.3
3617	476.636
3618	476.659
3619	488.091
3620	569.962
3622	476.634
3623	525.774
3624	476.643
3625	476.612
3626	502.826
3627	476.63
3628	476.653
3629	491.366
3630	573.155
3631	476.6
3632	476.626
3634	476.632
3635	476.6
3636	508.445
3637	476.617
3638	476.64
3639	498.288
3640	476.594
3641	476.586
3642	492.34
3643	575.778
3644	476.621
3645	476.59
3646	530.775
3647	476.603
3648	476.626
3649	506.552
3650	476.584
3651	476.579
3652	493.653
3653	476.627
3654	476.61
3655	486.715
3656	568.357
3658	476.635
3659	524.676
3660	476.586
3661	476.575
3662	502.353
3663	476.63
3664	476.624
3665	492.218
3666	575.031
3667	476.607
3668	476.631
3669	532.072
3670	476.598
3671	476.593
3672	510.557
3673	476.637
3674	476.625
3675	498.78
3676	476.596
3677	476.621
3678	491.78
3679	574.683
3680	476.601
3681	476.596
3682	529.37
3683	476.645
3684	476.632
3685	505.287
3686	476.599
3687	476.623
3688	492.579
3689	476.633
3690	476.605
3691	485.923
3692	567.474
3694	476.633
3695	524.313
3696	476.598
3697	476.621
3698	502.989
3699	476.63
3700	476.601
3701	494.094
3702	476.62
3703	476.641
3704	491.067
3705	575.669
3706	476.591
3707	476.615
3708	532.675
3709	476.624
3710	476.596
3711	509.324
3712	476.617
3713	476.639
3714	496.332
3715	476.596
3716	476.593
3718	571.018
3719	476.63
3720	476.604
3721	526.491
3722	476.626
3723	476.65
3724	503.148
3725	476.611
3726	476.609
3727	491.23
3728	572.558
3730	476.622
3731	527.488
3732	476.646
3733	476.67
3734	506.15
3735	476.63
3736	476.628
3737	497.047
3738	476.677
3739	476.664
3740	492.682
3741	476.632
3742	476.658
3743	489.454
3744	573.048
3745	476.638
3746	476.634
3747	529.278
3748	476.682
3749	476.667
3750	505.733
3751	476.634
3752	476.661
3754	476.669
3755	476.638
3756	486.471
3757	568.104
3758	476.682
3759	476.667
3760	524.553
3761	476.631
3762	476.657
3763	502.45
3764	476.665
3765	476.634
3766	492.651
3767	476.651
3768	476.675
3769	489.539
3770	573.987
3771	476.623
3772	476.649
3773	532.335
3774	476.656
3775	476.626
3776	509.524
3778	476.67
3779	496.882
3780	476.627
3781	476.621
3782	489.576
3783	571.777
3784	476.661
3785	476.631
3786	527.029
3787	476.654
3788	476.68
3790	476.64
3791	476.632
3792	491.4
3793	572.716
3794	476.678
3795	476.651
3796	527.043
3797	476.67
3798	476.693
3799	504.869
3800	476.653
3801	476.65
3802	495.509
3803	476.701
3804	476.686
3805	491.937
3806	576.414
3807	476.674
3808	476.703
3809	532.664
3810	476.658
3811	476.646
3812	509.006
3813	476.693
3814	476.684
3815	495.911
3816	476.648
3817	476.668
3818	488.584
3819	570.588
3820	476.648
3821	476.641
3822	526.165
3823	476.684
3824	476.671
3825	503.092
3826	476.631
3827	476.654
3828	491.349
3829	572.853
3830	476.635
3831	476.628
3832	528.445
3833	476.667
3834	476.649
3835	507.389
3836	476.615
3838	497.86
3839	476.651
3840	476.615
3841	492.701
3842	476.631
3843	476.658
3844	489.074
3845	572.363
3846	476.61
3847	476.631
3848	528.488
3850	476.619
3851	505.109
3852	476.638
3853	476.659
3854	492.764
3855	476.619
3856	476.617
3857	486.183
3858	567.868
3859	476.651
3860	476.624
3862	476.645
3863	476.668
3864	502.875
3865	476.625
3866	476.62
3867	493.63
3868	476.668
3869	476.654
3870	490.576
3871	575.079
3872	476.643
3873	476.664
3874	532.407
3875	476.62
3876	476.615
3877	509.206
3878	476.661
3879	476.645
3880	496.266
3881	476.608
3882	476.633
3883	488.897
3884	570.94
3885	476.61
3886	476.604
3887	526.864
3888	476.649
3889	476.633
3890	503.443
3891	476.596
3892	476.621
3893	491.504
3894	572.927
3895	476.594
3896	476.588
3898	476.632
3899	476.616
3900	506.729
3901	476.579
3902	476.604
3903	497.355
3904	476.61
3905	476.579
3906	492.42
3907	576.286
3908	476.62
3910	531.535
3911	476.57
3912	476.597
3913	507.441
3914	476.608
3915	476.578
3916	494.381
3917	476.599
3918	476.624
3919	487.293
3920	569.011
3922	476.606
3923	525.084
3924	476.617
3925	476.588
3926	502.408
3927	476.609
3928	476.633
3929	491.396
3930	573.483
3931	476.585
3932	476.612
3934	476.621
3935	476.591
3936	509.45
3937	476.61
3938	476.633
3939	498.83
3940	476.59
3941	476.583
3942	492.306
3943	575.643
3944	476.617
3945	476.586
3946	530.444
3947	476.605
3948	476.628
3949	506.276
3950	476.585
3951	476.578
3952	493.476
3953	476.625
3954	476.612
3955	486.558
3956	568.192
3958	476.624
3959	524.606
3960	476.58
3961	476.573
3962	502.535
3963	476.62
3964	476.607
3965	492.777
3966	476.573
3967	476.597
3968	489.787
3970	476.578
3971	476.572
3972	532.331
3973	476.622
3974	476.61
3975	509.404
3976	476.577
3977	476.603
3978	496.594
3979	476.615
3980	476.589
3982	571.398
3983	476.636
3984	476.625
3985	526.83
3986	476.594
3987	476.619
3988	503.488
3989	476.632
3990	476.605
3991	491.48
3992	572.811
3994	476.638
3995	527.483
3996	476.604
3997	476.628
3998	505.744
3999	476.638
4000	476.609
4001	496.411
4002	476.629
4003	476.65
4004	492.165
4005	576.358
4006	476.6
4007	476.624
4008	531.982
4009	476.632
4010	476.604
4011	507.985
4012	476.622
4013	476.643
4014	495.076
4015	476.599
4016	476.592
4017	487.819
4018	569.607
4019	476.628
4020	476.602
4021	525.433
4022	476.619
4023	476.636
4024	502.477
4025	476.587
4026	476.587
4027	491.092
4028	572.829
4030	476.591
4031	529.106
4032	476.608
4033	476.635
4034	508.363
4035	476.597
4036	476.589
4037	498.561
4038	476.635
4039	476.625
4040	492.763
4042	476.621
4043	488.704
4044	571.801
4045	476.604
4046	476.601
4047	527.987
4048	476.655
4049	476.643
4050	504.601
4051	476.611
4052	476.637
4054	573.651
4055	476.62
4056	476.621
4057	527.272
4058	476.676
4059	476.658
4060	503.613
4061	476.617
4062	476.646
4063	492.651
4064	476.663
4065	476.632
4066	489.089
4067	573.321
4068	476.667
4069	476.655
4070	532.184
4071	476.621
4072	476.645
4073	510.045
4074	476.65
4075	476.62
4076	497.69
4077	476.639
4078	476.661
4079	490.415
4080	572.791
4081	476.609
4082	476.635
4083	527.779
4084	476.642
4085	476.611
4086	504.109
4087	476.63
4088	476.653
4090	573.013
4091	476.602
4092	476.629
4093	526.909
4094	476.637
4095	476.606
4096	504.14
4097	476.627
4098	476.651
4099	494.328
4100	476.61
4102	491.084
4103	575.71
4104	476.64
4105	476.61
4106	533.094
4107	476.632
4108	476.658
4109	509.894
4110	476.617
4111	476.612
4112	496.975
4114	476.65
4115	489.575
4116	571.756
4117	476.644
4118	476.67
4119	527.001
4120	476.628
4121	476.622
4122	503.516
4123	476.672
4124	476.659
4125	491.323
4126	572.531
4127	476.648
4128	476.672
4129	527.031
4130	476.63
4131	476.622
4132	505.223
4133	476.668
4134	476.655
4135	496.11
4136	476.62
4137	476.644
4138	492.269
4139	576.672
4140	476.622
4141	476.614
4142	532.588
4143	476.659
4144	476.646
4145	508.574
4146	476.61
4147	476.633
4148	495.427
4149	476.64
4150	476.611
4151	488.151
4152	570.015
4153	476.651
4154	476.638
4155	525.789
4156	476.602
4157	476.627
4158	502.786
4159	476.639
4160	476.609
4162	573.028
4163	476.65
4164	476.64
4165	529.098
4166	476.606
4167	476.631
4168	508.359
4169	476.638
4170	476.61
4171	498.291
4172	476.64
4174	492.443
4175	575.981
4176	476.608
4177	476.637
4178	530.988
4179	476.659
4180	476.629
4181	506.775
4182	476.642
4183	476.667
4184	493.824
4185	476.635
4186	476.63
4187	486.815
4188	568.454
4189	476.66
4190	476.635
4191	524.698
4192	476.657
4193	476.677
4194	502.246
4195	476.633
4196	476.629
4198	574.467
4199	476.665
4200	476.636
4201	531.547
4202	476.653
4203	476.675
4204	510.376
4205	476.631
4206	476.627
4207	498.967
4208	476.676
4209	476.66
4210	492.092
4211	575.114
4212	476.652
4213	476.675
4214	529.779
4215	476.626
4216	476.62
4217	505.633
4218	476.674
4219	476.662
4220	492.915
4222	476.646
4223	486.231
4224	567.863
4225	476.632
4226	476.627
4227	524.56
4228	476.672
4229	476.658
4230	503.066
4231	476.628
4232	476.655
4234	476.664
4235	476.634
4236	490.924
4237	575.522
4238	476.682
4239	476.668
4240	532.861
4241	476.635
4242	476.663
4243	509.444
4244	476.674
4245	476.643
4246	496.452
4247	476.664
4248	476.689
4249	489.141
4250	571.204
4251	476.64
4252	476.666
4253	526.575
4254	476.676
4255	476.645
4256	503.284
4258	476.686
4259	491.301
4260	572.628
4261	476.634
4262	476.66
4263	527.437
4264	476.666
4265	476.635
4266	505.814
4267	476.652
4268	476.675
4269	496.644
4270	476.629
4271	476.621
4272	492.438
4273	576.663
4274	476.653
4275	476.621
4276	532.415
4277	476.639
4278	476.662
4279	508.352
4280	476.617
4281	476.61
4282	495.267
4283	476.657
4284	476.644
4285	488.052
4286	569.93
4287	476.633
4288	476.657
4289	525.705
4290	476.615
4291	476.609
4292	502.771
4294	476.647
4295	491.29
4296	573.068
4297	476.639
4298	476.665
4299	529.172
4300	476.624
4301	476.619
4302	508.438
4303	476.669
4304	476.658
4305	498.529
4306	476.626
4307	476.651
4308	492.745
4309	476.662
4310	476.635
4311	488.748
4312	571.803
4313	476.678
4314	476.666
4315	527.973
4316	476.631
4318	504.668
4319	476.667
4320	476.638
4321	492.426
4322	573.797
4323	476.674
4324	476.664
4325	527.355
4326	476.633
4327	476.655
4328	503.611
4330	476.625
4331	492.484
4332	574.944
4333	476.674
4334	476.654
4335	531.769
4336	476.608
4337	476.635
4338	510.365
4339	476.65
4340	476.617
4341	498.913
4342	476.626
4343	476.649
4344	492.124
4345	575.195
4346	476.603
4347	476.623
4348	529.863
4349	476.632
4350	476.606
4351	505.742
4352	476.624
4354	492.975
4355	476.604
4356	476.601
4357	486.218
4358	567.802
4359	476.634
4360	476.608
4361	524.564
4362	476.637
4363	476.659
4364	503.051
4365	476.61
4366	476.607
4367	493.894
4368	476.666
4369	476.653
4370	490.877
4371	575.498
4372	476.638
4373	476.663
4374	532.839
4375	476.627
4376	476.621
4378	476.664
4379	476.65
4380	496.552
4381	476.62
4382	476.645
4383	489.198
4384	571.251
4385	476.621
4386	476.618
4387	526.622
4388	476.666
4390	503.299
4391	476.613
4392	476.639
4393	491.183
4394	572.466
4395	476.615
4396	476.61
4397	527.172
4398	476.657
4399	476.641
4400	505.477
4402	476.628
4403	496.359
4404	476.634
4405	476.603
4406	492.452
4407	576.855
4408	476.645
4409	476.63
4410	532.616
4411	476.593
4412	476.619
4413	508.739
4414	476.628
4415	476.598
4416	495.638
4417	476.619
4418	476.644
4419	488.251
4420	570.147
4421	476.597
4422	476.624
4423	525.815
4424	476.636
4425	476.606
4426	502.674
4427	476.629
4428	476.656
4429	491.161
4430	572.739
4431	476.611
4432	476.637
4433	528.567
4434	476.65
4435	476.621
4436	507.809
4438	476.667
4439	498.162
4440	476.625
4441	476.619
4442	492.651
4443	476.669
4444	476.658
4445	488.904
4446	572.166
4447	476.649
4448	476.673
4450	476.632
4451	476.625
4452	504.951
4453	476.673
4454	476.661
4455	492.597
4456	476.629
4457	476.653
4458	486.065
4459	567.71
4460	476.632
4462	524.384
4463	476.676
4464	476.665
4465	502.971
4466	476.627
4467	476.65
4468	493.841
4469	476.656
4470	476.627
4471	490.871
4472	575.472
4473	476.674
4474	476.655
4475	532.838
4476	476.616
4477	476.646
4478	509.544
4479	476.658
4480	476.623
4481	496.578
4482	476.645
4483	476.676
4484	489.115
4485	571.204
4486	476.625
4487	476.646
4488	526.589
4489	476.668
4490	476.645
4491	503.313
4492	476.66
4493	476.681
4494	491.355
4495	572.686
4496	476.644
4498	527.51
4499	476.675
4500	476.649
4501	505.862
4502	476.672
4503	476.693
4504	496.666
4505	476.648
4506	476.644
4507	492.398
4508	576.658
4510	476.648
4511	532.285
4512	476.668
4513	476.689
4514	508.251
4515	476.645
4516	476.639
4517	495.162
4518	476.687
4519	476.672
4520	487.937
4522	476.66
4523	476.681
4524	525.593
4525	476.636
4526	476.631
4527	502.677
4528	476.676
4529	476.661
4530	491.271
4531	573.044
4532	476.648
4534	529.215
4535	476.623
4536	476.618
4537	508.449
4538	476.665
4539	476.649
4540	498.51
4541	476.613
4542	476.639
4543	492.638
4544	476.649
4545	476.618
4546	488.758
4547	571.833
4548	476.664
4549	476.65
4550	528.02
4551	476.618
4552	476.645
4553	504.719
4554	476.657
4555	476.628
4556	492.384
4558	476.676
4559	476.663
4560	527.387
4561	476.629
4562	476.657
4563	503.708
4564	476.667
4565	476.637
4566	492.692
4567	476.656
4568	476.68
4570	573.363
4571	476.629
4572	476.654
4573	532.168
4574	476.662
4575	476.631
4576	509.861
4577	476.649
4578	476.671
4579	497.39
4580	476.627
4582	490.068
4583	572.367
4584	476.652
4585	476.62
4586	527.504
4587	476.638
4588	476.661
4589	503.97
4590	476.616
4591	476.608
4592	491.733
4594	476.639
4595	476.608
4596	527.131
4597	476.624
4598	476.647
4599	504.64
4600	476.601
4601	476.593
4602	495.06
4603	476.639
4604	476.625
4605	491.591
4606	576.095
4607	476.613
4608	476.637
4609	532.625
4610	476.593
4611	476.587
4612	508.951
4613	476.637
4614	476.625
4615	495.875
4616	476.592
4617	476.617
4618	488.485
4619	570.407
4620	476.602
4621	476.597
4622	525.99
4623	476.647
4624	476.636
4625	502.873
4626	476.603
4627	476.628
4628	491.151
4630	476.61
4631	476.604
4632	528.086
4633	476.652
4634	476.639
4635	507.056
4636	476.603
4637	476.627
4638	497.744
4639	476.635
4640	476.607
4642	476.624
4643	476.645
4644	489.123
4645	572.511
4646	476.595
4647	476.618
4648	528.59
4649	476.626
4650	476.595
4651	505.139
4652	476.612
4654	492.714
4655	476.592
4656	476.584
4657	486.087
4658	567.738
4659	476.608
4660	476.581
4661	524.37
4662	476.607
4663	476.625
4664	502.649
4665	476.568
4666	476.564
4667	493.198
4668	476.626
4669	476.612
4670	490.178
4671	574.713
4672	476.586
4673	476.614
4674	532.551
4675	476.581
4676	476.573
4677	509.444
4678	476.616
4679	476.606
4680	496.769
4681	476.58
4682	476.605
4683	489.458
4684	571.601
4685	476.587
4686	476.587
4687	526.836
4688	476.638
4690	503.405
4691	476.592
4692	476.622
4693	491.355
4694	572.636
4695	476.605
4696	476.601
4697	527.282
4698	476.651
4699	476.638
4700	505.556
4702	476.631
4703	496.485
4704	476.641
4705	476.611
4706	492.454
4707	576.879
4708	476.654
4709	476.64
4710	532.798
4711	476.605
4712	476.632
4714	476.64
4715	476.609
4716	495.638
4717	476.628
4718	476.651
4719	488.268
4720	570.104
4721	476.603
4722	476.628
4723	525.766
4724	476.635
4725	476.604
4726	502.698
4727	476.626
4728	476.649
4729	490.995
4730	572.492
4731	476.598
4732	476.626
4733	528.199
4734	476.636
4735	476.606
4736	507.467
4737	476.627
4738	476.652
4739	498.076
4740	476.611
4741	476.605
4742	492.917
4743	476.655
4744	476.645
4745	489.404
4746	572.73
4747	476.641
4748	476.665
4749	528.888
4750	476.625
4751	476.623
4752	505.444
4753	476.676
4754	476.664
4755	492.934
4756	476.631
4757	476.658
4758	486.224
4759	567.85
4760	476.642
4762	524.344
4763	476.683
4764	476.672
4765	502.463
4766	476.639
4767	476.661
4768	493.027
4769	476.668
4770	476.641
4771	490.192
4772	574.76
4774	476.668
4775	532.804
4776	476.632
4777	476.657
4778	509.882
4779	476.666
4780	476.636
4781	497.11
4782	476.653
4783	476.675
4784	489.701
4785	571.961
4786	476.627
4787	476.651
4788	527.136
4789	476.659
4790	476.631
4791	503.691
4792	476.652
4793	476.675
4794	491.596
4795	572.897
4796	476.624
4798	527.295
4799	476.664
4800	476.637
4801	505.282
4802	476.657
4803	476.68
4804	496.029
4805	476.635
4806	476.633
4807	492.206
4808	576.7
4809	476.676
4810	476.644
4811	532.682
4812	476.669
4813	476.697
4814	508.867
4815	476.652
4816	476.643
4817	495.755
4818	476.699
4819	476.691
4820	488.454
4821	570.391
4822	476.674
4823	476.696
4824	526.015
4825	476.663
4826	476.658
4827	502.929
4828	476.699
4829	476.684
4830	491.211
4831	572.768
4832	476.679
4834	528.354
4835	476.651
4836	476.647
4837	507.453
4838	476.694
4839	476.677
4840	497.989
4841	476.635
4842	476.661
4843	492.836
4844	476.671
4845	476.64
4846	489.178
4847	572.542
4848	476.676
4849	476.657
4850	528.692
4851	476.621
4852	476.649
4853	505.213
4854	476.657
4855	476.622
4856	492.767
4858	476.663
4859	486.174
4860	567.821
4861	476.612
4862	476.637
4863	524.473
4864	476.646
4865	476.617
4866	502.732
4867	476.636
4868	476.659
4870	476.617
4871	476.612
4872	490.317
4873	574.884
4874	476.648
4875	476.618
4876	532.563
4877	476.64
4878	476.665
4879	509.447
4880	476.622
4881	476.616
4882	496.626
4883	476.666
4884	476.654
4885	489.302
4886	571.403
4887	476.643
4888	476.667
4889	526.798
4890	476.624
4891	476.617
4892	503.468
4894	476.651
4895	491.191
4896	572.495
4897	476.637
4898	476.66
4899	527.353
4900	476.614
4901	476.606
4902	505.678
4903	476.651
4904	476.637
4905	496.478
4906	476.598
4907	476.62
4908	492.422
4909	576.762
4910	476.596
4911	476.587
4912	532.357
4913	476.632
4914	476.618
4915	508.489
4916	476.58
4918	495.409
4919	476.61
4920	476.58
4921	488.164
4922	570.055
4923	476.62
4924	476.607
4925	525.734
4926	476.571
4927	476.596
4928	502.785
4930	476.579
4931	491.317
4932	572.998
4933	476.622
4934	476.611
4935	529.029
4936	476.579
4937	476.604
4938	508.332
4939	476.617
4940	476.59
4941	498.419
4942	476.612
4943	476.636
4944	492.508
4945	576.086
4946	476.592
4947	476.618
4948	530.923
4949	476.629
4950	476.602
4951	506.693
4952	476.624
4953	476.646
4954	493.817
4955	476.605
4956	476.601
4957	486.851
4958	568.562
4959	476.635
4960	476.607
4961	524.858
4962	476.626
4963	476.647
4964	502.432
4965	476.604
4966	476.6
4967	492.28
4968	575.074
4969	476.63
4970	476.601
4971	532.008
4972	476.62
4973	476.64
4974	510.486
4975	476.595
4976	476.59
4978	476.637
4979	476.621
4980	491.737
4981	574.572
4982	476.611
4983	476.632
4984	529.261
4985	476.589
4986	476.585
4987	505.209
4988	476.633
4990	492.557
4991	476.586
4992	476.613
4993	485.968
4994	567.541
4995	476.594
4996	476.59
4997	524.404
4998	476.641
4999	476.628
5000	503.288
