11	-5.55173e-05
12	-0.000813998
13	-0.000479571
14	-0.00143726
15	-0.00146858
16	-0.00137061
17	-0.00148997
18	-0.000861284
19	-0.00132252
20	-0.000793129
21	-0.0014847
22	-0.000846039
23	-0.00128001
24	-0.000718082
25	-0.000598662
26	-0.000625887
27	-0.000569886
28	-0.00115296
29	-0.00120522
30	-0.00175683
31	-0.00242055
32	-0.00322368
33	-0.00526039
34	-0.00553026
35	-0.00757909
36	-0.0113703
37	-0.00811886
38	-0.0143419
39	-0.024667
40	-0.0109236
41	-0.0193982
42	-0.0206033
43	-0.0208053
44	-0.0184437
45	-0.0136333
46	-0.0200022
47	-0.0224502
48	-0.0189777
49	-0.014705
50	-0.0210545
51	-0.0233387
52	-0.0234345
53	-0.0182337
54	-0.0210917
55	-0.0244509
56	-0.0266014
57	-0.0235379
58	-0.0187326
59	-0.0238516
60	-0.0324781
61	-0.0217944
62	-0.0207403
63	-0.0270141
64	-0.0202468
65	-0.0179706
66	-0.0155645
67	-0.0126918
68	-0.00910964
69	-0.00508911
70	-0.0418367
71	-0.0302387
72	-0.02866
73	-0.0364677
74	-0.0334989
75	-0.000983998
76	-0.0348725
77	-0.0265619
78	-0.0270384
79	-0.0335315
80	-0.0261444
81	-0.00925179
82	-0.0325738
83	-0.0249399
84	-0.01049
85	-0.0445962
86	-0.0233454
87	-0.0139445
88	-0.0387911
89	-0.0230961
90	-0.0143514
91	-0.0329109
92	-0.0210283
94	-0.0285562
95	-0.0192765
97	-0.0264245
98	-0.0189011
99	-0.0330552
100	-0.0234349
101	-0.0171157
103	-0.021949
104	-0.0187827
105	-0.00874539
106	-0.0203109
107	-0.0158611
108	-0.0066307
109	-0.0188855
110	-0.0153532
111	-0.00133993
112	-0.0180695
113	-0.0419371
114	-0.0154715
115	-0.0174254
116	-0.0152882
117	-0.0323637
118	-0.0175283
119	-0.0149813
120	-0.0173004
121	-0.0249871
122	-0.0146191
124	-0.0177502
125	-0.0233243
126	-0.00814456
127	-0.017258
128	-0.0155656
129	-0.0237155
130	-0.0192615
131	-0.0153219
132	-0.000224625
133	-0.0236415
134	-0.0152553
135	-0.0200515
136	-0.0163571
137	-0.0212755
139	-0.0174641
140	-0.0218888
141	-0.0159885
142	-0.0184527
143	-0.014773
144	-0.0043928
145	-0.0232545
146	-0.014721
147	-0.0014349
148	-0.0199749
149	-0.0148713
150	-0.0244107
151	-0.0213936
152	-0.0151898
154	-0.0385305
155	-0.0254564
156	-6.36544e-05
157	-0.0240922
158	-0.0160486
159	-0.0377044
160	-0.0253137
161	-0.0159362
162	-0.0086457
163	-0.0263006
164	-0.0401428
165	-0.00496352
166	-0.0272191
167	-0.0174273
168	-0.000318893
169	-0.0387273
170	-0.0178845
171	-0.00232355
172	-0.0285085
173	-0.0185418
174	-0.0311665
175	-0.0287715
176	-0.0180626
178	-0.0290112
179	-0.0193901
180	-0.00418616
181	-0.0293777
182	-0.0194068
183	-0.00317914
184	-0.0295786
185	-0.0200358
186	-0.0173832
187	-0.0298914
188	-0.0205072
189	-0.0013987
190	-0.0299966
191	-0.0208204
192	-0.000685641
193	-0.0304241
194	-0.0225325
195	-0.00595419
196	-0.0306096
197	-0.0216518
198	-0.0214971
199	-0.0307101
200	-0.0215484
202	-0.0306482
203	-0.0218278
204	-0.0119842
205	-0.0306708
206	-0.0219734
207	-0.00393936
208	-0.0305398
209	-0.0209576
210	-0.0143281
211	-0.0303134
212	-0.0218866
214	-0.0303149
215	-0.0352728
216	-0.000755113
217	-0.030516
218	-0.0221431
219	-0.00559906
220	-0.0306435
221	-0.0244806
222	-0.0178795
223	-0.0307262
224	-0.0209371
225	-0.00612352
226	-0.0309072
227	-0.0224836
228	-0.000785733
229	-0.031312
230	-0.0224015
231	-0.00590007
232	-0.0313907
233	-0.0270261
234	-0.0211569
235	-0.0313597
236	-0.0220997
238	-0.0312084
239	-0.0328081
240	-0.00417761
241	-0.0312191
242	-0.022253
243	-0.00671701
244	-0.0308676
245	-0.0294147
246	-0.0121294
247	-0.0304375
248	-0.0217538
250	-0.0301253
251	-0.0208876
252	-0.000810766
253	-0.0300952
254	-0.0205231
255	-0.00723479
256	-0.0301193
257	-0.0211425
258	-0.0162929
259	-0.0300914
260	-0.0210556
262	-0.0302503
263	-0.0216159
264	-0.000783444
265	-0.0305488
266	-0.0217523
267	-0.00804159
268	-0.0306708
269	-0.0208222
270	-0.0203556
271	-0.0306317
272	-0.0212885
274	-0.0304196
275	-0.0253123
276	-0.000753925
277	-0.0302903
278	-0.0211256
279	-0.00770451
280	-0.0298727
281	-0.0216602
282	-0.0123095
283	-0.0295492
284	-0.0196987
285	-0.00820991
286	-0.02927
287	-0.0203459
288	-0.000722747
289	-0.0294102
290	-0.0202603
291	-0.00750778
292	-0.0294203
293	-0.0207069
294	-0.0166414
295	-0.0295196
296	-0.0203402
298	-0.0296485
299	-0.0197258
300	-0.00810238
301	-0.0298946
302	-0.021251
303	-0.00736685
304	-0.0299082
305	-0.0206437
306	-0.0174271
307	-0.0296971
308	-0.0209058
310	-0.0295151
311	-0.0200861
312	-0.000686162
313	-0.0293993
314	-0.0196277
315	-0.00648329
316	-0.0291951
317	-0.0200437
318	-0.0116672
319	-0.028912
320	-0.0198228
322	-0.0289093
323	-0.0202577
324	-0.000677342
325	-0.0291628
326	-0.0197358
327	-0.00703245
328	-0.0293098
329	-0.0194608
330	-0.0324315
331	-0.0294836
332	-0.0203308
334	-0.0296244
335	-0.0207342
336	-0.00465985
337	-0.0299208
338	-0.0211303
339	-0.00667285
340	-0.0298646
341	-0.0208736
342	-0.0160504
343	-0.0297032
344	-0.019904
345	-0.00769502
346	-0.0293976
347	-0.0203339
348	-0.0142983
349	-0.0293299
350	-0.020029
351	-0.00590294
352	-0.0290987
353	-0.0199214
354	-0.0119407
355	-0.0289204
356	-0.019863
358	-0.028965
359	-0.019142
360	-0.00702785
361	-0.031855
362	-0.0206555
363	-0.0069867
364	-0.0295341
365	-0.0203456
366	-0.0187025
367	-0.0296695
368	-0.0342668
370	-0.0298529
371	-0.0206033
372	-0.000680732
373	-0.0299779
374	-0.0201936
375	-0.00579308
376	-0.029901
377	-0.0208696
378	-0.0146479
379	-0.0295999
380	-0.0204372
382	-0.0293692
383	-0.020562
384	-0.000680526
385	-0.0292722
386	-0.019734
387	-0.00628181
388	-0.0290903
389	-0.019215
390	-0.0124709
391	-0.0290609
392	-0.0198611
393	-0.0328288
394	-0.0291124
395	-0.0201618
396	-0.000677493
397	-0.0295182
398	-0.0207366
399	-0.00713377
400	-0.0300858
401	-0.0208854
402	-0.0192473
403	-0.0299261
404	-0.020375
405	-0.0082541
406	-0.029964
407	-0.0210873
408	-0.000674253
409	-0.0300861
410	-0.0208657
411	-0.00579067
412	-0.0298913
413	-0.0206152
414	-0.0136115
415	-0.0295234
416	-0.0202945
418	-0.0292573
419	-0.0193003
420	-0.00667868
421	-0.0292267
422	-0.0205172
423	-0.00669126
424	-0.0291727
425	-0.0348387
426	-0.0129942
427	-0.0291423
428	-0.0204359
430	-0.029309
431	-0.0199914
432	-0.0274214
433	-0.0296241
434	-0.0198936
435	-0.0065727
436	-0.0298737
437	-0.0210253
438	-0.0193494
439	-0.034354
440	-0.0210097
442	-0.0300061
443	-0.021308
444	-0.000669146
445	-0.0300208
446	-0.0204641
447	-0.00614715
448	-0.0297691
449	-0.0197316
450	-0.0127624
451	-0.0294403
452	-0.0200572
454	-0.0291025
455	-0.0200431
456	-0.0006681
457	-0.0291365
458	-0.0203005
459	-0.00687471
460	-0.0290903
461	-0.0201871
462	-0.0136676
463	-0.0292142
464	-0.0281735
465	-0.00777726
466	-0.029364
467	-0.0204739
468	-0.000667623
469	-0.02978
470	-0.0206917
471	-0.029474
472	-0.029946
473	-0.0209036
474	-0.0191027
475	-0.0299498
476	-0.0209124
477	-0.00218284
478	-0.0299155
479	-0.0199773
480	-0.00726075
481	-0.0299171
482	-0.0210918
483	-0.00762027
484	-0.0296824
485	-0.0202454
486	-0.0122258
487	-0.029305
488	-0.0204434
489	-0.0032766
490	-0.0291186
491	-0.0197067
492	-0.000667855
493	-0.0291595
494	-0.01933
495	-0.00639887
496	-0.0302452
497	-0.0202915
498	-0.0155913
499	-0.0293227
500	-0.0203087
502	-0.0295862
503	-0.0265998
504	-0.000668047
505	-0.0299643
506	-0.0205841
507	-0.00661638
508	-0.0300753
509	-0.0202435
510	-0.0354096
511	-0.0299934
512	-0.020707
514	-0.0297302
515	-0.0206264
516	-0.00609206
517	-0.0296837
518	-0.0206802
519	-0.00648176
520	-0.0293706
521	-0.0202851
522	-0.0114366
523	-0.0291524
524	-0.0194248
525	-0.00703669
526	-0.0289917
527	-0.0200743
528	-0.000667357
529	-0.0302605
530	-0.0200738
531	-0.00638632
532	-0.0293363
533	-0.0202204
534	-0.017418
535	-0.0294389
536	-0.025765
538	-0.0296821
539	-0.0199568
540	-0.00771922
541	-0.0299772
542	-0.0214192
543	-0.0342512
544	-0.0299846
545	-0.0207798
546	-0.0160713
547	-0.0297366
548	-0.0209507
549	-0.00575056
550	-0.029523
551	-0.0200756
552	-0.000667774
553	-0.0293632
554	-0.0194501
555	-0.00595164
556	-0.0291397
557	-0.0201496
558	-0.0119644
559	-0.0289516
560	-0.0199487
562	-0.0317684
563	-0.0203974
564	-0.000667762
565	-0.0294161
566	-0.0199447
567	-0.00703849
568	-0.0296249
569	-0.0263386
570	-0.0177412
571	-0.0298019
572	-0.0206439
574	-0.0298309
575	-0.0209463
576	-0.0333211
577	-0.0300133
578	-0.0212257
579	-0.00636753
580	-0.0298397
581	-0.0208508
582	-0.0145888
583	-0.0296088
584	-0.019829
585	-0.00722288
586	-0.0293065
587	-0.0202539
588	-0.00410924
589	-0.0293062
590	-0.0200134
591	-0.00622536
592	-0.0292204
593	-0.0199835
594	-0.0135722
595	-0.0330043
596	-0.0200249
598	-0.0293564
599	-0.0194132
600	-0.00727821
601	-0.0297294
602	-0.0268601
603	-0.00726893
604	-0.0299458
605	-0.0207466
606	-0.0182853
607	-0.029957
608	-0.0213182
609	-0.0326923
610	-0.0299293
611	-0.0206518
612	-0.000667835
613	-0.0298584
614	-0.0200453
615	-0.00555512
616	-0.0296367
617	-0.020599
618	-0.0135709
619	-0.0293005
620	-0.0201759
621	-0.00316944
622	-0.0291608
623	-0.0203868
624	-0.000667973
625	-0.029226
626	-0.0196775
627	-0.00667855
628	-0.0322148
629	-0.0193043
630	-0.0145783
631	-0.0293408
632	-0.020054
634	-0.029469
635	-0.0264315
636	-0.000667804
637	-0.0298546
638	-0.0210943
639	-0.00687882
640	-0.0298831
641	-0.0210815
642	-0.0326123
643	-0.0298317
644	-0.0202689
645	-0.00796452
646	-0.029604
647	-0.020726
648	-0.00391482
649	-0.0295638
650	-0.0203715
651	-0.00560108
652	-0.0293099
653	-0.020104
654	-0.0124674
655	-0.0290421
656	-0.0199289
658	-0.0289963
659	-0.0190954
660	-0.00669482
661	-0.0325514
662	-0.020526
663	-0.00721272
664	-0.0294536
665	-0.0201479
666	-0.0166136
667	-0.0295645
668	-0.0268293
670	-0.0297848
671	-0.0204979
672	-0.000667932
673	-0.0299973
674	-0.0202991
675	-0.0328184
676	-0.0299975
677	-0.0211095
678	-0.0165887
679	-0.0297603
680	-0.0207158
681	-0.00389594
682	-0.02956
683	-0.0207924
684	-0.000667966
685	-0.0294788
686	-0.019876
687	-0.00626639
688	-0.0292848
689	-0.0192719
690	-0.0129644
691	-0.0291888
692	-0.0198302
694	-0.0322061
695	-0.0200682
696	-0.000667765
697	-0.0295071
698	-0.0205964
699	-0.00739059
700	-0.0296647
701	-0.0264216
702	-0.0177808
703	-0.0298494
704	-0.020246
705	-0.00852676
706	-0.029876
707	-0.02107
708	-0.0325875
709	-0.029988
710	-0.020906
711	-0.00557845
712	-0.0297946
713	-0.0206659
714	-0.0145684
715	-0.0294538
716	-0.0203413
718	-0.0292184
719	-0.0192864
720	-0.00672671
721	-0.0292094
722	-0.020481
723	-0.00667295
724	-0.0291525
725	-0.0198694
726	-0.0132819
727	-0.0322637
728	-0.0203515
730	-0.0293056
731	-0.019914
732	-0.000668006
733	-0.0296356
734	-0.0265898
735	-0.00672543
736	-0.0298482
737	-0.0209569
738	-0.0181031
739	-0.029848
740	-0.0209727
741	-0.0327755
742	-0.0298584
743	-0.0212746
744	-0.000668311
745	-0.0298563
746	-0.0204006
747	-0.00588833
748	-0.0296148
749	-0.0196688
750	-0.0135881
751	-0.0293348
752	-0.0199817
753	-0.00367731
754	-0.0290766
755	-0.0199964
756	-0.000667844
757	-0.0292125
758	-0.0202822
759	-0.00705
760	-0.0326987
761	-0.0202051
762	-0.0146784
763	-0.0294033
764	-0.0196478
765	-0.00782443
766	-0.0295439
767	-0.0266509
768	-0.00066778
769	-0.0299262
770	-0.0207936
771	-0.00638729
772	-0.0300237
773	-0.0209597
774	-0.032468
775	-0.0299283
776	-0.0209123
778	-0.0297968
779	-0.0198878
780	-0.00719975
781	-0.0297227
782	-0.0209577
783	-0.00627013
784	-0.0295106
785	-0.0201183
786	-0.0130316
787	-0.0292301
788	-0.0203695
790	-0.0291768
791	-0.0197192
792	-0.000668176
793	-0.0321783
794	-0.0194239
795	-0.00668771
796	-0.029484
797	-0.0204558
798	-0.0168528
799	-0.0295895
800	-0.0262756
802	-0.0298177
803	-0.0212028
804	-0.000668321
805	-0.0300402
806	-0.0207009
807	-0.0324545
808	-0.0299774
809	-0.0201915
810	-0.0165955
811	-0.0298111
812	-0.020537
813	-0.00394407
814	-0.0294994
815	-0.0204182
816	-0.000668206
817	-0.0294492
818	-0.020494
819	-0.00646001
820	-0.029183
821	-0.0201518
822	-0.0121833
823	-0.0290595
824	-0.0193508
825	-0.00711874
826	-0.0325702
827	-0.0200849
828	-0.00066781
829	-0.0293333
830	-0.0201562
831	-0.00664716
832	-0.0295134
833	-0.026348
834	-0.0178224
835	-0.0296368
836	-0.0206423
838	-0.0298233
839	-0.0200825
840	-0.0321053
841	-0.0300405
842	-0.0214594
843	-0.00642294
844	-0.0299941
845	-0.0207325
846	-0.0154506
847	-0.0296987
848	-0.0208651
850	-0.029449
851	-0.0199628
852	-0.00485152
853	-0.0293283
854	-0.0193965
855	-0.0061341
856	-0.0292051
857	-0.020153
858	-0.0128153
859	-0.0337337
860	-0.0200281
862	-0.0292254
863	-0.0204993
864	-0.000668072
865	-0.0295628
866	-0.0265618
867	-0.00705562
868	-0.0297467
869	-0.0199018
870	-0.0189153
871	-0.029895
872	-0.0207366
873	-0.0309598
874	-0.0299085
875	-0.0209863
876	-0.000667665
877	-0.0300468
878	-0.0211818
879	-0.00632733
880	-0.0298011
881	-0.0207657
882	-0.0141463
883	-0.0295461
884	-0.0197298
885	-0.00721918
886	-0.0292594
887	-0.0202137
888	-0.000668011
889	-0.0292876
890	-0.0200167
891	-0.0062196
892	-0.0333911
893	-0.0200243
894	-0.0139923
895	-0.0292286
896	-0.020124
898	-0.0294163
899	-0.0261207
900	-0.00758117
901	-0.0297996
902	-0.0211741
903	-0.00705856
904	-0.029991
905	-0.0208514
906	-0.0303519
907	-0.0299127
908	-0.0212981
910	-0.0298208
911	-0.0205183
912	-0.00230874
913	-0.0297038
914	-0.0198718
915	-0.00565723
916	-0.0294871
917	-0.0204269
918	-0.0129071
919	-0.0291719
920	-0.0200575
922	-0.0290972
923	-0.0203454
924	-0.000668309
925	-0.0334551
926	-0.0197325
927	-0.00692564
928	-0.0294078
929	-0.0194495
930	-0.016273
931	-0.0295891
932	-0.0267299
934	-0.0297056
935	-0.0207117
936	-0.00066804
937	-0.0300362
938	-0.0212776
939	-0.0313578
940	-0.0300044
941	-0.0211469
942	-0.0172319
943	-0.029896
944	-0.0202337
945	-0.00784456
946	-0.029611
947	-0.0206377
948	-0.000667684
949	-0.0295394
950	-0.0202778
951	-0.00578802
952	-0.0293051
953	-0.0200655
954	-0.0125998
955	-0.0290849
956	-0.0199364
958	-0.0338646
959	-0.0191705
960	-0.00687743
961	-0.0293779
962	-0.020643
963	-0.00727514
964	-0.0295958
965	-0.0269219
966	-0.0173952
967	-0.0296984
968	-0.020978
970	-0.0298671
971	-0.0206133
972	-0.0309634
973	-0.0299729
974	-0.020275
975	-0.00573952
976	-0.0298516
977	-0.0209569
978	-0.0153635
979	-0.0295289
980	-0.0205278
982	-0.0293144
983	-0.0206051
984	-0.00478133
985	-0.0292614
986	-0.0197375
987	-0.00630355
988	-0.0291044
989	-0.0191797
990	-0.0125643
991	-0.0343464
992	-0.0197804
994	-0.029093
995	-0.0200668
996	-0.000668069
997	-0.0294991
998	-0.0271927
999	-0.00738559
1000	-0.0296919
1001	-0.0207574
1002	-0.0179142
1003	-0.0298661
1004	-0.0202912
1005	-0.0304355
1006	-0.0298559
1007	-0.021065
1008	-0.000667868
1009	-0.0299532
1010	-0.0208408
1011	-0.00556068
1012	-0.029746
1013	-0.0205876
1014	-0.0142606
1015	-0.0294146
1016	-0.0202683
1017	-0.00467504
1018	-0.0291893
1019	-0.0192424
1020	-0.00670006
1021	-0.0292269
1022	-0.0204801
1023	-0.00682348
1024	-0.0345384
1025	-0.0199107
1026	-0.013968
1027	-0.0292618
1028	-0.0204454
1030	-0.0294801
1031	-0.0272937
1032	-0.000668112
1033	-0.0297885
1034	-0.0199552
1035	-0.00671204
1036	-0.0299855
1037	-0.0210735
1038	-0.0298875
1039	-0.0299598
1040	-0.0210237
1042	-0.0299365
1043	-0.0212732
1044	-0.00161864
1045	-0.0298807
1046	-0.0203605
1047	-0.00592783
1048	-0.0296086
1049	-0.0196201
1050	-0.0134637
1051	-0.029338
1052	-0.0199529
1054	-0.0291024
1055	-0.0200009
1056	-0.000668189
1057	-0.0343549
1058	-0.020333
1059	-0.00710956
1060	-0.0293093
1061	-0.0202831
1062	-0.0153664
1063	-0.0294891
1064	-0.0271075
1065	-0.00810346
1066	-0.0296215
1067	-0.0206984
1068	-0.000667876
1069	-0.0299679
1070	-0.0209003
1071	-0.0298631
1072	-0.029965
1073	-0.0209576
1074	-0.017178
1075	-0.0297783
1076	-0.0207956
1077	-0.00168725
1078	-0.0295809
1079	-0.0197317
1080	-0.00707102
1081	-0.0294937
1082	-0.0208026
1083	-0.00619522
1084	-0.0292953
1085	-0.0199887
1086	-0.01223
1087	-0.0290276
1088	-0.0202598
1090	-0.0350315
1091	-0.019626
1092	-0.000668108
1093	-0.0292045
1094	-0.0193558
1095	-0.00669763
1096	-0.0294195
1097	-0.0276624
1098	-0.016837
1099	-0.0295613
1100	-0.0205386
1102	-0.0297892
1103	-0.0211826
1104	-0.0298737
1105	-0.0300133
1106	-0.0206678
1107	-0.00628962
1108	-0.0299567
1109	-0.0201371
1110	-0.0165049
1111	-0.0297919
1112	-0.0204961
1114	-0.0294665
1115	-0.0203768
1116	-0.00548034
1117	-0.0294116
1118	-0.0204631
1119	-0.00657266
1120	-0.0291931
1121	-0.020155
1122	-0.0125083
1123	-0.0291284
1124	-0.0193864
1125	-0.0071709
1126	-0.0291528
1127	-0.0201564
1128	-0.000667575
1129	-0.029499
1130	-0.0202374
1131	-0.00674029
1132	-0.0296648
1133	-0.0204779
1134	-0.0178581
1135	-0.0297732
1136	-0.0276726
1138	-0.0299
1139	-0.020147
1140	-0.00771563
1141	-0.0300339
1142	-0.0214524
1143	-0.0361594
1144	-0.029918
1145	-0.0206611
1146	-0.0150186
1147	-0.0295914
1148	-0.0207752
1149	-0.00482829
1150	-0.0293599
1151	-0.0198894
1152	-0.000668413
1153	-0.0292672
1154	-0.0193548
1155	-0.00611393
1156	-0.0291532
1157	-0.0201293
1158	-0.0125582
1159	-0.0290465
1160	-0.0200242
1162	-0.0291809
1163	-0.0205182
1164	-0.000668223
1165	-0.0295017
1166	-0.020079
1167	-0.00693512
1168	-0.0296995
1169	-0.0268187
1170	-0.0183447
1171	-0.0298324
1172	-0.0207232
1174	-0.0298002
1175	-0.0209128
1176	-0.0358938
1177	-0.0298957
1178	-0.0210571
1179	-0.0062761
1180	-0.0296537
1181	-0.0206428
1182	-0.0136468
1183	-0.0294058
1184	-0.0196204
1185	-0.00709493
1186	-0.0291121
1187	-0.0201205
1188	-0.00167997
1189	-0.0291772
1190	-0.0199584
1191	-0.00629953
1192	-0.0291679
1193	-0.0200004
1194	-0.0141757
1195	-0.0297798
1196	-0.0201304
1198	-0.0294766
1199	-0.019556
1200	-0.0076529
1201	-0.0298567
1202	-0.0269915
1203	-0.00714292
1204	-0.0300654
1205	-0.0208995
1206	-0.0187668
1207	-0.0300133
1208	-0.0213315
1209	-0.0354405
1210	-0.0299544
1211	-0.0205584
1212	-0.000667735
1213	-0.0298307
1214	-0.0199046
1215	-0.00567609
1216	-0.02958
1217	-0.0204784
1218	-0.0134181
1219	-0.0292591
1220	-0.0201022
1221	-0.00248853
1222	-0.0291799
1223	-0.0203826
1224	-0.000668518
1225	-0.0293416
1226	-0.0197584
1227	-0.00694045
1228	-0.0308101
1229	-0.0194557
1230	-0.0159479
1231	-0.0295832
1232	-0.0202464
1234	-0.0296955
1235	-0.0266405
1236	-0.000668098
1237	-0.0300485
1238	-0.0212725
1239	-0.0068082
1240	-0.0300365
1241	-0.0211764
1242	-0.0342652
1243	-0.0299291
1244	-0.02029
1245	-0.00797595
1246	-0.0296542
1247	-0.0207033
1248	-0.00471883
1249	-0.029576
1250	-0.0203242
1251	-0.0056596
1252	-0.0293224
1253	-0.0200847
1254	-0.0124599
1255	-0.0290609
1256	-0.0199237
1258	-0.029025
1259	-0.0191288
1260	-0.00676561
1261	-0.031262
1262	-0.0205748
1263	-0.00716255
1264	-0.0295047
1265	-0.0202135
1266	-0.0170369
1267	-0.0296266
1268	-0.0268593
1270	-0.029796
1271	-0.0205531
1272	-0.000668002
1273	-0.0299216
1274	-0.020268
1275	-0.0341458
1276	-0.0298432
1277	-0.0209852
1278	-0.0157799
1279	-0.0295761
1280	-0.0205951
1281	-0.00497009
1282	-0.0293877
1283	-0.0206774
1284	-0.000668234
1285	-0.0293181
1286	-0.0197935
1287	-0.00629354
1288	-0.0291509
1289	-0.019215
1290	-0.0126031
1291	-0.0290772
1292	-0.0197746
1294	-0.0320456
1295	-0.0200501
1296	-0.000667943
1297	-0.0294913
1298	-0.020579
1299	-0.00742415
1300	-0.0296732
1301	-0.0268287
1302	-0.0180137
1303	-0.0298759
1304	-0.0202661
1305	-0.00851348
1306	-0.0299143
1307	-0.0210943
1308	-0.0335222
1309	-0.0300533
1310	-0.0209313
1311	-0.00564433
1312	-0.02985
1313	-0.020682
1314	-0.0147658
1315	-0.0295032
1316	-0.0203591
1318	-0.0292666
1319	-0.0193025
1320	-0.00678171
1321	-0.0292869
1322	-0.0205152
1323	-0.00678568
1324	-0.0292613
1325	-0.0199091
1326	-0.0135792
1327	-0.0322692
1328	-0.0203999
1330	-0.0293932
1331	-0.0199485
1332	-0.000668166
1333	-0.0296825
1334	-0.0265051
1335	-0.00671815
1336	-0.0298904
1337	-0.0209825
1338	-0.0181749
1339	-0.0298785
1340	-0.0209765
1341	-0.0327014
1342	-0.0298693
1343	-0.0212856
1344	-0.000668031
1345	-0.0298379
1346	-0.0203995
1347	-0.00582282
1348	-0.0295749
1349	-0.0196769
1350	-0.0133861
1351	-0.0292974
1352	-0.019981
1353	-0.00383533
1354	-0.02902
1355	-0.0199766
1356	-0.000667939
1357	-0.0291435
1358	-0.0202565
1359	-0.00696243
1360	-0.0329076
1361	-0.0201551
1362	-0.0143827
1363	-0.0293349
1364	-0.0196128
1365	-0.00773882
1366	-0.0295098
1367	-0.0266104
1368	-0.000667868
1369	-0.0298976
1370	-0.0207651
1371	-0.0063813
1372	-0.0299788
1373	-0.0209363
1374	-0.0321821
1375	-0.0298535
1376	-0.0208899
1378	-0.0297261
1379	-0.0198856
1380	-0.00725506
1381	-0.0296633
1382	-0.0209637
1383	-0.00616041
1384	-0.0294506
1385	-0.0201212
1386	-0.0128304
1387	-0.0291574
1388	-0.0203403
1390	-0.0290874
1391	-0.0196654
1392	-0.000668369
1393	-0.033344
1394	-0.0193485
1395	-0.00666995
1396	-0.0294036
1397	-0.0203616
1398	-0.0162501
1399	-0.0295287
1400	-0.0268331
1402	-0.029775
1403	-0.0211032
1404	-0.000668249
1405	-0.0300639
1406	-0.0206915
1407	-0.0315887
1408	-0.0300434
1409	-0.020246
1410	-0.0170475
1411	-0.0298575
1412	-0.0206217
1413	-0.00323531
1414	-0.0295502
1415	-0.0205056
1416	-0.000668407
1417	-0.0294886
1418	-0.0205616
1419	-0.00640744
1420	-0.0292495
1421	-0.0202022
1422	-0.0124841
1423	-0.0291303
1424	-0.0193677
1425	-0.00712578
1426	-0.0338214
1427	-0.0200875
1428	-0.000667763
1429	-0.0293736
1430	-0.02014
1431	-0.00670005
1432	-0.0295464
1433	-0.0267626
1434	-0.0172991
1435	-0.0296671
1436	-0.0206126
1438	-0.0298165
1439	-0.0200671
1440	-0.0308149
1441	-0.0300001
1442	-0.0214677
1443	-0.00629157
1444	-0.0299106
1445	-0.0207305
1446	-0.0154503
1447	-0.0296057
1448	-0.0208772
1450	-0.0293828
1451	-0.019957
1452	-0.00467154
1453	-0.0292564
1454	-0.0193631
1455	-0.00600905
1456	-0.0291294
1457	-0.0201082
1458	-0.0127467
1459	-0.0343671
1460	-0.0199601
1462	-0.0292019
1463	-0.0204546
1464	-0.000668142
1465	-0.0295637
1466	-0.0272341
1467	-0.00714503
1468	-0.0297662
1469	-0.0198681
1470	-0.0182178
1471	-0.0298969
1472	-0.0207146
1473	-0.0304258
1474	-0.0298715
1475	-0.0209804
1476	-0.000668049
1477	-0.0299931
1478	-0.0211897
1479	-0.00625503
1480	-0.0297679
1481	-0.0207949
1482	-0.0142658
1483	-0.0295249
1484	-0.0197715
1485	-0.00724407
1486	-0.0292252
1487	-0.0202101
1488	-0.000667852
1489	-0.0292624
1490	-0.0200007
1491	-0.00617025
1492	-0.0346244
1493	-0.0199652
1494	-0.0133984
1495	-0.0291518
1496	-0.0200324
1498	-0.0293189
1499	-0.0273985
1500	-0.0073326
1501	-0.0296503
1502	-0.0209897
1503	-0.00716677
1504	-0.0298879
1505	-0.0207243
1506	-0.0293641
1507	-0.0299405
1508	-0.021288
1510	-0.0299542
1511	-0.0206342
1512	-0.00154969
1513	-0.029895
1514	-0.0200393
1515	-0.00566612
1516	-0.029671
1517	-0.0206169
1518	-0.0134593
1519	-0.0293249
1520	-0.0201969
1522	-0.0291568
1523	-0.0204008
1524	-0.000904679
1525	-0.0292028
1526	-0.0196868
1527	-0.00664755
1528	-0.0291928
1529	-0.0192912
1530	-0.0143084
1531	-0.0293114
1532	-0.0200306
1534	-0.0294302
1535	-0.0204073
1536	-0.000667955
1537	-0.0298364
1538	-0.0272982
1539	-0.00708523
1540	-0.0299514
1541	-0.021115
1542	-0.0184125
1543	-0.0299641
1544	-0.0203786
1545	-0.0361739
1546	-0.0298371
1547	-0.0208998
1548	-0.000667548
1549	-0.029832
1550	-0.0205507
1551	-0.00589008
1552	-0.0295576
1553	-0.0202649
1554	-0.0128778
1555	-0.0292208
1556	-0.0200247
1557	-0.00201881
1558	-0.0290833
1559	-0.0191422
1560	-0.00675109
1561	-0.0292818
1562	-0.0205363
1563	-0.00714904
1564	-0.0300961
1565	-0.0201253
1566	-0.0164579
1567	-0.0295652
1568	-0.0207406
1570	-0.029794
1571	-0.026893
1572	-0.000668332
1573	-0.0300832
1574	-0.0203181
1575	-0.00632308
1576	-0.0301647
1577	-0.0212182
1578	-0.0351686
1579	-0.0299913
1580	-0.020932
1582	-0.0298194
1583	-0.0209993
1584	-0.00511318
1585	-0.0296875
1586	-0.0200521
1587	-0.00622204
1588	-0.0294422
1589	-0.0193945
1590	-0.0131113
1591	-0.0292563
1592	-0.0198669
1594	-0.0291628
1595	-0.0200577
1596	-0.000667885
1597	-0.0300441
1598	-0.0205189
1599	-0.00731807
1600	-0.0295743
1601	-0.0205735
1602	-0.0175136
1603	-0.0297677
1604	-0.026362
1605	-0.00849941
1606	-0.0298347
1607	-0.0210434
1608	-0.000667706
1609	-0.0299967
1610	-0.0209711
1611	-0.0342919
1612	-0.029821
1613	-0.0207604
1614	-0.0150174
1615	-0.0295041
1616	-0.0204419
1617	-0.00404556
1618	-0.0292709
1619	-0.0193545
1620	-0.00662474
1621	-0.0292516
1622	-0.0205229
1623	-0.00658743
1624	-0.0291733
1625	-0.0198721
1626	-0.0131856
1627	-0.0291001
1628	-0.0203312
1630	-0.029837
1631	-0.0198793
1632	-0.000668042
1633	-0.029581
1634	-0.0197368
1635	-0.00672585
1636	-0.0298014
1637	-0.0275281
1638	-0.0181026
1639	-0.0298287
1640	-0.0209342
1642	-0.0298552
1643	-0.0212896
1644	-0.0357624
1645	-0.0298663
1646	-0.0204366
1647	-0.00588256
1648	-0.0296219
1649	-0.0197097
1650	-0.0137471
1651	-0.0293439
1652	-0.020021
1654	-0.0290721
1655	-0.0200045
1656	-0.00160745
1657	-0.0292047
1658	-0.0202894
1659	-0.00703917
1660	-0.0292244
1661	-0.020181
1662	-0.0145519
1663	-0.030281
1664	-0.0196183
1665	-0.00773986
1666	-0.0295452
1667	-0.0205332
1668	-0.000667912
1669	-0.029917
1670	-0.0276893
1671	-0.00653004
1672	-0.0300333
1673	-0.0209706
1674	-0.018165
1675	-0.0299261
1676	-0.0209319
1677	-0.0357492
1678	-0.0297892
1679	-0.0199494
1680	-0.00723377
1681	-0.0297188
1682	-0.0210118
1683	-0.0061161
1684	-0.0294877
1685	-0.020165
1686	-0.0128788
1687	-0.0291874
1688	-0.0203656
1689	-0.00179152
1690	-0.0290807
1691	-0.0196615
1692	-0.000668097
1693	-0.0291971
1694	-0.0193312
1695	-0.00656384
1696	-0.0302827
1697	-0.0203174
1698	-0.0157918
1699	-0.0294435
1700	-0.0203861
1702	-0.0296939
1703	-0.0270001
1704	-0.000668283
1705	-0.0299719
1706	-0.0206308
1707	-0.0063786
1708	-0.0299346
1709	-0.0201918
1710	-0.0349096
1711	-0.0297481
1712	-0.0205774
1714	-0.0294529
1715	-0.0204542
1716	-0.00451903
1717	-0.0294145
1718	-0.0205097
1719	-0.00643766
1720	-0.0291879
1721	-0.0201704
1722	-0.0124142
1723	-0.0290848
1724	-0.0193505
1725	-0.00710334
1726	-0.0290572
1727	-0.0200866
1728	-0.000667988
1729	-0.0297544
1730	-0.0201585
1731	-0.00670691
1732	-0.0295772
1733	-0.0203941
1734	-0.0175394
1735	-0.0296901
1736	-0.0271938
1738	-0.0298122
1739	-0.0200807
1740	-0.0077295
1741	-0.0299771
1742	-0.0214361
1743	-0.03537
1744	-0.029885
1745	-0.0206722
1746	-0.0150928
1747	-0.0295736
1748	-0.020803
1749	-0.00479927
1750	-0.0293477
1751	-0.0199082
1752	-0.000668353
1753	-0.0292612
1754	-0.019357
1755	-0.00618697
1756	-0.0292
1757	-0.0201419
1758	-0.0133911
1759	-0.0291597
1760	-0.0200466
1762	-0.0299474
1763	-0.0205786
1764	-0.000668182
1765	-0.0297062
1766	-0.020146
1767	-0.0070835
1768	-0.0298758
1769	-0.0273518
1770	-0.0183604
1771	-0.0299739
1772	-0.0207969
1774	-0.0298778
1775	-0.020968
1776	-0.0355145
1777	-0.029931
1778	-0.0211134
1779	-0.00614422
1780	-0.0296537
1781	-0.0206748
1782	-0.0138425
1783	-0.0294043
1784	-0.0196563
1785	-0.00704602
1786	-0.0291362
1787	-0.020133
1788	-0.00208241
1789	-0.029201
1790	-0.0199606
1791	-0.00621118
1792	-0.02916
1793	-0.0199678
1794	-0.0137275
1795	-0.0305239
1796	-0.020059
1798	-0.0293492
1799	-0.0194781
1800	-0.0074935
1801	-0.029728
1802	-0.026828
1803	-0.00708739
1804	-0.0299309
1805	-0.0208115
1806	-0.0183501
1807	-0.0298896
1808	-0.0212671
1809	-0.0348401
1810	-0.0298313
1811	-0.0205349
1812	-0.000668008
1813	-0.0297453
1814	-0.0199066
1815	-0.00562604
1816	-0.0295091
1817	-0.0204774
1818	-0.0128115
1819	-0.0291802
1820	-0.0200855
1821	-0.00285115
1822	-0.0290382
1823	-0.0203258
1824	-0.000668461
1825	-0.029142
1826	-0.0196676
1827	-0.00673221
1828	-0.0311517
1829	-0.0193122
1830	-0.0147561
1831	-0.0293471
1832	-0.0200774
1834	-0.0294878
1835	-0.0263371
1836	-0.000667836
1837	-0.0299005
1838	-0.0211389
1839	-0.00707589
1840	-0.0300339
1841	-0.0211504
1842	-0.0338952
1843	-0.0300817
1844	-0.0203904
1845	-0.00805232
1846	-0.0299273
1847	-0.0208747
1848	-0.0053162
1849	-0.0298781
1850	-0.0204984
1851	-0.00587927
1852	-0.0295879
1853	-0.0202453
1854	-0.0131199
1855	-0.0292836
1856	-0.0200398
1858	-0.0291823
1859	-0.0191989
1860	-0.00695092
1861	-0.0316617
1862	-0.0206339
1863	-0.00718883
1864	-0.0295611
1865	-0.020231
1866	-0.0173369
1867	-0.0296541
1868	-0.0256279
1870	-0.0298597
1871	-0.0205608
1872	-0.000668148
1873	-0.0300396
1874	-0.0203407
1875	-0.0322809
1876	-0.0300224
1877	-0.0211345
1878	-0.0167308
1879	-0.0297626
1880	-0.0207483
1881	-0.00381268
1882	-0.0295752
1883	-0.0208247
1884	-0.000668177
1885	-0.0294712
1886	-0.019893
1887	-0.00617328
1888	-0.0292378
1889	-0.0192754
1890	-0.0125872
1891	-0.0290984
1892	-0.019793
1894	-0.0325969
1895	-0.0200303
1896	-0.000668285
1897	-0.0294285
1898	-0.0205296
1899	-0.00732622
1900	-0.0295937
1901	-0.0265817
1902	-0.0175986
1903	-0.0297991
1904	-0.0201901
1905	-0.00844337
1906	-0.0298204
1907	-0.0210392
1908	-0.0325564
1909	-0.0299578
1910	-0.020917
1911	-0.00561169
1912	-0.0297891
1913	-0.0206735
1914	-0.0146675
1915	-0.0294731
1916	-0.0203589
1918	-0.0292547
1919	-0.0193017
1920	-0.00668162
1921	-0.0292572
1922	-0.0205049
1923	-0.00677491
1924	-0.029236
1925	-0.0199109
1926	-0.0136922
1927	-0.032318
1928	-0.0203936
1930	-0.0293996
1931	-0.0199795
1932	-0.00066805
1933	-0.0297039
1934	-0.026694
1935	-0.00674127
1936	-0.0299103
1937	-0.0210114
1938	-0.0183649
1939	-0.0299235
1940	-0.020996
1941	-0.0328576
1942	-0.0299191
1943	-0.0212889
1944	-0.000668117
1945	-0.0298944
1946	-0.0203963
1947	-0.0058779
1948	-0.0296086
1949	-0.0196476
1950	-0.0136278
1951	-0.0293347
1952	-0.0199837
1953	-0.00301349
1954	-0.0290898
1955	-0.0199942
1956	-0.000667886
1957	-0.0292414
1958	-0.0203162
1959	-0.00709728
1960	-0.0321584
1961	-0.0202389
1962	-0.014833
1963	-0.029425
1964	-0.019683
1965	-0.00798264
1966	-0.0295709
1967	-0.0265899
1968	-0.000667563
1969	-0.029934
1970	-0.0208192
1971	-0.00633422
1972	-0.0299985
1973	-0.0209703
1974	-0.0329153
1975	-0.0298455
1976	-0.0208706
1978	-0.0296748
1979	-0.0198483
1980	-0.00722689
1981	-0.0296015
1982	-0.0209131
1983	-0.0061449
1984	-0.0293806
1985	-0.0200746
1986	-0.0124105
1987	-0.0290873
1988	-0.0203037
1990	-0.0290025
1991	-0.01962
1992	-0.000668129
1993	-0.0330753
1994	-0.0193209
1995	-0.00661547
1996	-0.0293457
1997	-0.0203433
1998	-0.0162502
1999	-0.0294929
2000	-0.0267979
2002	-0.0297521
2003	-0.0211085
2004	-0.000668315
2005	-0.0300028
2006	-0.0206556
2007	-0.0322234
2008	-0.02997
2009	-0.0201961
2010	-0.0167947
2011	-0.0297966
2012	-0.0205679
2013	-0.00386111
2014	-0.029514
2015	-0.0204678
2016	-0.000668219
2017	-0.0294731
2018	-0.0205246
2019	-0.00647831
2020	-0.0292393
2021	-0.0201905
2022	-0.0126104
2023	-0.0291523
2024	-0.0193821
2025	-0.0071029
2026	-0.033459
2027	-0.0201157
2028	-0.000667659
2029	-0.0294529
2030	-0.0201867
2031	-0.00669337
2032	-0.0296183
2033	-0.0267594
2034	-0.0176943
2035	-0.0297306
2036	-0.0206761
2038	-0.0298782
2039	-0.0201041
2040	-0.0314277
2041	-0.030047
2042	-0.0214745
2043	-0.00647695
2044	-0.0299471
2045	-0.020753
2046	-0.0154137
2047	-0.0296125
2048	-0.0208931
2050	-0.0293839
2051	-0.0199975
2052	-0.00439674
2053	-0.0292914
2054	-0.0194216
2055	-0.00640171
2056	-0.0291995
2057	-0.0201649
2058	-0.0127271
2059	-0.0338633
2060	-0.0196431
2062	-0.0291626
2063	-0.0205287
2064	-0.000668594
2065	-0.0295224
2066	-0.0267047
2067	-0.00715768
2068	-0.0297362
2069	-0.0199708
2070	-0.0178633
2071	-0.0298856
2072	-0.0207888
2073	-0.0305443
2074	-0.029845
2075	-0.0210068
2076	-0.000668046
2077	-0.0299501
2078	-0.0211485
2079	-0.00630616
2080	-0.0296703
2081	-0.0205588
2082	-0.0137966
2083	-0.0293899
2084	-0.0197819
2085	-0.00695797
2086	-0.0291249
2087	-0.0202107
2088	-0.000668168
2089	-0.0291707
2090	-0.0199866
2091	-0.00637034
2092	-0.0341903
2093	-0.0199823
2094	-0.0132124
2095	-0.0291083
2096	-0.0200408
2098	-0.029295
2099	-0.0270106
2100	-0.0117072
2101	-0.0296037
2102	-0.0209001
2103	-0.00725183
2104	-0.0298324
2105	-0.0208044
2106	-0.0299948
2107	-0.0298916
2108	-0.0213257
2110	-0.0299614
2111	-0.0206706
2112	-0.0022068
2113	-0.0299461
2114	-0.0200783
2115	-0.00608208
2116	-0.0297287
2117	-0.0206306
2118	-0.0132454
2119	-0.0293815
2120	-0.0198437
2122	-0.0291252
2123	-0.0204399
2124	-0.000668325
2125	-0.0292011
2126	-0.0197592
2127	-0.0067884
2128	-0.0292361
2129	-0.0193972
2130	-0.0145112
2131	-0.0293576
2132	-0.0201258
2134	-0.0295035
2135	-0.0205339
2136	-0.00066781
2137	-0.0299097
2138	-0.0274717
2139	-0.00709558
2140	-0.0299441
2141	-0.0209695
2142	-0.0178751
2143	-0.0298973
2144	-0.0204115
2145	-0.0363586
2146	-0.0297137
2147	-0.0208568
2148	-0.000667899
2149	-0.0296772
2150	-0.0204613
2151	-0.00584156
2152	-0.0294211
2153	-0.0202005
2154	-0.0122233
2155	-0.0291447
2156	-0.0200134
2157	-0.000763032
2158	-0.0290306
2159	-0.0191458
2160	-0.0109138
2161	-0.0291293
2162	-0.0204044
2163	-0.0071186
2164	-0.0292879
2165	-0.0201448
2166	-0.0160094
2167	-0.0294201
2168	-0.0207687
2170	-0.0296786
2171	-0.0274525
2172	-0.000668068
2173	-0.02993
2174	-0.0202938
2175	-0.00638723
2176	-0.029961
2177	-0.0211155
2178	-0.0360877
2179	-0.0297354
2180	-0.0203672
2182	-0.0294866
2183	-0.0208531
2184	-0.00533804
2185	-0.0294225
2186	-0.0199314
2187	-0.0062927
2188	-0.029234
2189	-0.0193366
2190	-0.0127266
2191	-0.0291484
2192	-0.0198493
2194	-0.0291446
2195	-0.0200842
2196	-0.00066795
2197	-0.0295375
2198	-0.0205727
2199	-0.00756635
2200	-0.0296671
2201	-0.0204884
2202	-0.0180348
2203	-0.0298391
2204	-0.0275594
2205	-0.00866975
2206	-0.0299282
2207	-0.0208258
2208	-0.000667633
2209	-0.0300459
2210	-0.0211435
2211	-0.035909
2212	-0.0299301
2213	-0.0209023
2214	-0.0151422
2215	-0.0295643
2216	-0.0205118
2217	-0.00509914
2218	-0.0293452
2219	-0.0196018
2220	-0.00685837
2221	-0.0292579
2222	-0.0202275
2223	-0.00677088
2224	-0.0291837
2225	-0.0198486
2226	-0.0131873
2227	-0.0291368
2228	-0.0199648
2230	-0.0296249
2231	-0.0202177
2232	-0.000668383
2233	-0.0296258
2234	-0.019734
2235	-0.0119322
2236	-0.0297675
2237	-0.0271162
2238	-0.0180321
2239	-0.0298746
2240	-0.0208825
2242	-0.0298186
2243	-0.0213604
2244	-0.0353824
2245	-0.0298738
2246	-0.0206248
2247	-0.00595236
2248	-0.029584
2249	-0.0197329
2250	-0.0135584
2251	-0.0293101
2252	-0.0203246
2254	-0.029064
2255	-0.0196874
2256	-0.00176518
2257	-0.0290901
2258	-0.0204587
2259	-0.00703794
2260	-0.0291145
2261	-0.0196434
2262	-0.0139601
2263	-0.0304064
2264	-0.0193885
2265	-0.00357582
2266	-0.0294622
2267	-0.0202944
2268	-0.000667534
2269	-0.0297869
2270	-0.0271992
2271	-0.00677087
2272	-0.0299719
2273	-0.021146
2274	-0.0180402
2275	-0.0298673
2276	-0.0208863
2277	-0.0351679
2278	-0.0297757
2279	-0.0203242
2280	-0.00755933
2281	-0.0297217
2282	-0.020815
2283	-0.00626883
2284	-0.0295196
2285	-0.0201925
2286	-0.0131766
2287	-0.029262
2288	-0.0200428
2289	-0.00154202
2290	-0.0291244
2291	-0.020034
2292	-0.00066802
2293	-0.0293478
2294	-0.0193794
2295	-0.0111058
2296	-0.0301273
2297	-0.0205172
2298	-0.0164204
2299	-0.029578
2300	-0.0203651
2302	-0.0297474
2303	-0.0271304
2304	-0.000668189
2305	-0.0300821
2306	-0.0208608
2307	-0.00659565
2308	-0.0300327
2309	-0.0202792
2310	-0.0351489
2311	-0.0298619
2312	-0.0209227
2314	-0.0295757
2315	-0.020216
2316	-0.00489054
2317	-0.0294594
2318	-0.0207697
2319	-0.00652156
2320	-0.0292489
2321	-0.019713
2322	-0.0124391
2323	-0.0290853
2324	-0.019213
2325	-0.00404356
2326	-0.0290989
2327	-0.0199053
2328	-0.000668058
2329	-0.0303658
2330	-0.0203011
2331	-0.00695927
2332	-0.0295598
2333	-0.0205834
2334	-0.0172272
2335	-0.0296374
2336	-0.0270772
2338	-0.0297884
2339	-0.0204422
2340	-0.00818432
2341	-0.0299111
2342	-0.0212226
2343	-0.0350454
2344	-0.0298252
2345	-0.0207086
2346	-0.0149626
2347	-0.0295444
2348	-0.0204557
2349	-0.00506315
2350	-0.029271
2351	-0.0202532
2352	-0.000668198
2353	-0.0292564
2354	-0.0193229
2355	-0.0108993
2356	-0.0290595
2357	-0.020231
2358	-0.0127776
2359	-0.0290478
2360	-0.0198872
2362	-0.0304679
2363	-0.0205294
2364	-0.000668167
2365	-0.0296086
2366	-0.0202274
2367	-0.00724593
2368	-0.0297675
2369	-0.0270534
2370	-0.0181175
2371	-0.0298938
2372	-0.0210502
2374	-0.0298672
2375	-0.0206519
2376	-0.0349113
2377	-0.0298962
2378	-0.0213308
2379	-0.00635956
2380	-0.0296981
2381	-0.0201879
2382	-0.0141078
2383	-0.0294088
2384	-0.0195019
2385	-0.00346845
2386	-0.0292557
2387	-0.019997
2388	-0.000981285
2389	-0.0292868
2390	-0.0201659
2391	-0.00667428
2392	-0.0293513
2393	-0.0203021
2394	-0.0146124
2395	-0.0297027
2396	-0.0201466
2398	-0.0295466
2399	-0.0199778
2400	-0.00804767
2401	-0.0298822
2402	-0.0268919
2403	-0.00714828
2404	-0.0300605
2405	-0.0209231
2406	-0.0183359
2407	-0.0300191
2408	-0.0209737
2409	-0.0351166
2410	-0.029839
2411	-0.0208679
2412	-0.000668091
2413	-0.0298025
2414	-0.0198752
2415	-0.0112446
2416	-0.0294758
2417	-0.0205676
2418	-0.0130223
2419	-0.0292236
2420	-0.0199961
2421	-0.00152685
2422	-0.0290678
2423	-0.0204005
2424	-0.000668232
2425	-0.0292826
2426	-0.0199112
2427	-0.00701353
2428	-0.0301305
2429	-0.0194528
2430	-0.0161077
2431	-0.0294983
2432	-0.0204985
2434	-0.0296549
2435	-0.0269605
2436	-0.000667939
2437	-0.0299374
2438	-0.0214423
2439	-0.00688651
2440	-0.0299774
2441	-0.0206502
2442	-0.0351936
2443	-0.0298499
2444	-0.0200812
2445	-0.00402017
2446	-0.0296689
2447	-0.0204903
2448	-0.00536536
2449	-0.0295394
2450	-0.0204553
2451	-0.00602403
2452	-0.0293123
2453	-0.0202958
2454	-0.0116787
2455	-0.0289867
2456	-0.0198825
2458	-0.0289631
2459	-0.0194876
2460	-0.00699512
2461	-0.030023
2462	-0.0203723
2463	-0.00724963
2464	-0.0294634
2465	-0.0202502
2466	-0.0172773
2467	-0.0296355
2468	-0.0263791
2470	-0.0298054
2471	-0.0209297
2472	-0.000668075
2473	-0.03006
2474	-0.0202915
2475	-0.0346114
2476	-0.0299412
2477	-0.0211568
2478	-0.0159108
2479	-0.0297303
2480	-0.0205263
2481	-0.00541725
2482	-0.0294567
2483	-0.0207463
2484	-0.000668229
2485	-0.029436
2486	-0.0199772
2487	-0.00653779
2488	-0.0292062
2489	-0.0192593
2490	-0.0127069
2491	-0.0291349
2492	-0.0201204
2494	-0.0311555
2495	-0.0197978
2496	-0.000668273
2497	-0.0295159
2498	-0.0208453
2499	-0.00752168
2500	-0.029728
2501	-0.0263357
2502	-0.0180231
2503	-0.0298688
2504	-0.0201595
2505	-0.0035636
2506	-0.0299567
2507	-0.0209264
2508	-0.0336433
2509	-0.0299704
2510	-0.0210493
2511	-0.00583694
2512	-0.0298173
2513	-0.0208474
2514	-0.0143273
2515	-0.0294298
2516	-0.0202462
2518	-0.0292158
2519	-0.0196244
2520	-0.00686595
2521	-0.0292034
2522	-0.0202551
2523	-0.00684143
2524	-0.0291995
2525	-0.019925
2526	-0.0138001
2527	-0.0311394
2528	-0.020076
2530	-0.0293776
2531	-0.0203568
2532	-0.000668034
2533	-0.0297755
2534	-0.0266198
2535	-0.0120675
2536	-0.0298569
2537	-0.0211703
2538	-0.0178731
2539	-0.0298445
2540	-0.0208658
2541	-0.0339111
2542	-0.0297143
2543	-0.0212115
2544	-0.00066828
2545	-0.0297379
2546	-0.0204394
2547	-0.00605378
2548	-0.0294534
2549	-0.0195477
2550	-0.0129923
2551	-0.0292028
2552	-0.0201937
2553	-0.00238147
2554	-0.0290268
2555	-0.0196538
2556	-0.000667878
2557	-0.0291567
2558	-0.0204999
2559	-0.00727299
2560	-0.03131
2561	-0.0197779
2562	-0.0152769
2563	-0.0294264
2564	-0.019567
2565	-0.00416486
2566	-0.0296606
2567	-0.0269036
2568	-0.000667836
2569	-0.0299504
2570	-0.0210511
2571	-0.00655692
2572	-0.030053
2573	-0.0212176
2574	-0.0341658
2575	-0.0298581
2576	-0.0208026
2578	-0.0296659
2579	-0.020141
2580	-0.00735026
2581	-0.0295546
2582	-0.0206156
2583	-0.00636753
2584	-0.0293721
2585	-0.0200415
2586	-0.0127322
2587	-0.0291778
2588	-0.0199668
2590	-0.0291131
2591	-0.0200328
2592	-0.000668273
2593	-0.0315266
2594	-0.0194363
2595	-0.0111601
2596	-0.029487
2597	-0.0206217
2598	-0.0170937
2599	-0.0296473
2600	-0.0265869
2602	-0.0297936
2603	-0.0212876
2604	-0.00066806
2605	-0.0300439
2606	-0.020855
2607	-0.0335983
2608	-0.0299013
2609	-0.0201353
2610	-0.0157011
2611	-0.0296796
2612	-0.020724
2613	-0.00410299
2614	-0.0293885
2615	-0.0199952
2616	-0.000667963
2617	-0.0293146
2618	-0.0206108
2619	-0.00672249
2620	-0.0291627
2621	-0.0196348
2622	-0.0129497
2623	-0.0290951
2624	-0.019244
2625	-0.00387342
2626	-0.0308408
2627	-0.0200381
2628	-0.000667498
2629	-0.0295453
2630	-0.0205046
2631	-0.00701004
2632	-0.0297946
2633	-0.0267294
2634	-0.0179316
2635	-0.0298045
2636	-0.0208308
2638	-0.0298295
2639	-0.0204988
2640	-0.0342313
2641	-0.0298593
2642	-0.0210878
2643	-0.00615723
2644	-0.0297099
2645	-0.0204954
2646	-0.0140157
2647	-0.0294087
2648	-0.0202336
2650	-0.0291572
2651	-0.0201002
2652	-0.00213621
2653	-0.02923
2654	-0.0192816
2655	-0.0108917
2656	-0.0291604
2657	-0.020284
2658	-0.0139998
2659	-0.0310291
2660	-0.0200492
2662	-0.0294205
2663	-0.0207502
2664	-0.00066843
2665	-0.0298423
2666	-0.0269532
2667	-0.00712243
2668	-0.0299633
2669	-0.0201876
2670	-0.0182815
2671	-0.0299823
2672	-0.0211265
2673	-0.0344153
2674	-0.0298444
2675	-0.0205486
2676	-0.000667949
2677	-0.0297566
2678	-0.0211325
2679	-0.00630797
2680	-0.0295016
2681	-0.0199809
2682	-0.0132489
2683	-0.0292305
2684	-0.0193403
2685	-0.00342083
2686	-0.0291312
2687	-0.0199139
2688	-0.000667894
2689	-0.0292211
2690	-0.0201476
2691	-0.00676093
2692	-0.0314352
2693	-0.0203443
2694	-0.0152133
2695	-0.0293882
2696	-0.0202329
2698	-0.029596
2699	-0.026651
2700	-0.0081634
2701	-0.0299166
2702	-0.0211592
2703	-0.00686185
2704	-0.0300028
2705	-0.0209184
2706	-0.0337159
2707	-0.0298629
2708	-0.0208206
2710	-0.0296258
2711	-0.0206286
2712	-0.00424453
2713	-0.0295676
2714	-0.0196194
2715	-0.0110079
2716	-0.0292766
2717	-0.0203754
2718	-0.0125212
2719	-0.0290804
2720	-0.019884
2722	-0.029028
2723	-0.0203908
2724	-0.000668021
2725	-0.0309978
2726	-0.0199926
2727	-0.00721119
2728	-0.0295077
2729	-0.0196158
2730	-0.0172005
2731	-0.0296837
2732	-0.0266148
2734	-0.0297952
2735	-0.0205883
2736	-0.000668224
2737	-0.0299644
2738	-0.0214917
2739	-0.0340076
2740	-0.0298873
2741	-0.0205012
2742	-0.0157084
2743	-0.0296616
2744	-0.019839
2745	-0.00443508
2746	-0.0294407
2747	-0.020225
2748	-0.00066791
2749	-0.0293339
2750	-0.0202518
2751	-0.00629184
2752	-0.0292325
2753	-0.0202117
2754	-0.0129639
2755	-0.0290877
2756	-0.0199195
2758	-0.031161
2759	-0.0196505
2760	-0.00723425
2761	-0.0295409
2762	-0.0206061
2763	-0.00742141
2764	-0.0297889
2765	-0.0269605
2766	-0.0186788
2767	-0.0299206
2768	-0.0208708
2770	-0.0299788
2771	-0.0210738
2772	-0.0344474
2773	-0.0300909
2774	-0.0202439
2775	-0.0118696
2776	-0.0298288
2777	-0.0209836
2778	-0.0145706
2779	-0.029527
2780	-0.020307
2782	-0.0292386
2783	-0.0205541
2784	-0.0033996
2785	-0.0292816
2786	-0.0198852
2787	-0.00662333
2788	-0.0291315
2789	-0.019234
2790	-0.0129429
2791	-0.031584
2792	-0.02017
2794	-0.0292096
2795	-0.019893
2796	-0.00066798
2797	-0.0295503
2798	-0.0258483
2799	-0.00735658
2800	-0.0297686
2801	-0.0204163
2802	-0.0183308
2803	-0.0298474
2804	-0.0201777
2805	-0.032618
2806	-0.0298659
2807	-0.0208197
2808	-0.0006677
2809	-0.0298247
2810	-0.0208566
2811	-0.00586974
2812	-0.029645
2813	-0.020673
2814	-0.0125817
2815	-0.0292538
2816	-0.0200915
2817	-0.00404432
2818	-0.0290141
2819	-0.019515
2820	-0.0067037
2821	-0.0290123
2822	-0.0201778
2823	-0.00680115
2824	-0.032551
2825	-0.0198758
2826	-0.0133468
2827	-0.0291326
2828	-0.0200541
2830	-0.0292981
2831	-0.0259052
2832	-0.000668215
2833	-0.0297203
2834	-0.0199559
2835	-0.0119762
2836	-0.0298536
2837	-0.0211749
2838	-0.0313892
2839	-0.0299111
2840	-0.0208639
2842	-0.0298296
2843	-0.021206
2844	-0.00358471
2845	-0.0298412
2846	-0.0204342
2847	-0.00625005
2848	-0.0295413
2849	-0.0195583
2850	-0.0129276
2851	-0.0292883
2852	-0.0202169
2854	-0.0291098
2855	-0.0196865
2856	-0.000667852
2857	-0.0338252
2858	-0.0205294
2859	-0.00723084
2860	-0.0292943
2861	-0.0198128
2862	-0.0154734
2863	-0.029431
2864	-0.0264411
2865	-0.00391303
2866	-0.0296562
2867	-0.0205668
2868	-0.00066758
2869	-0.0299285
2870	-0.0210606
2871	-0.0304001
2872	-0.0300041
2873	-0.021178
2874	-0.017133
2875	-0.0297744
2876	-0.0207286
2877	-0.00236605
2878	-0.029571
2879	-0.0200652
2880	-0.00710186
2881	-0.0294568
2882	-0.0205447
2883	-0.00634272
2884	-0.0292778
2885	-0.0199855
2886	-0.0122643
2887	-0.0290696
2888	-0.0199168
2890	-0.0344421
2891	-0.0199986
2892	-0.000667785
2893	-0.0293124
2894	-0.0194105
2895	-0.0112719
2896	-0.0294596
2897	-0.0271085
2898	-0.0171248
2899	-0.0296514
2900	-0.0205183
2902	-0.0297964
2903	-0.0212964
2904	-0.0302254
2905	-0.0300529
2906	-0.0208681
2907	-0.00633248
2908	-0.0299202
2909	-0.0201449
2910	-0.0159813
2911	-0.0297128
2912	-0.0207558
2914	-0.029419
2915	-0.0200308
2916	-0.00498673
2917	-0.029327
2918	-0.0206367
2919	-0.00669502
2920	-0.0291577
2921	-0.0196376
2922	-0.0126862
2923	-0.0349899
2924	-0.0192232
2925	-0.00349972
2926	-0.0292232
2927	-0.0200116
2928	-0.000668096
2929	-0.0295336
2930	-0.0276447
2931	-0.00710117
2932	-0.0297865
2933	-0.0208005
2934	-0.0180877
2935	-0.0298416
2936	-0.0207951
2937	-0.0295348
2938	-0.0299356
2939	-0.020544
2940	-0.00814288
2941	-0.0300111
2942	-0.0212081
2943	-0.00626689
2944	-0.0298685
2945	-0.0206362
2946	-0.0146853
2947	-0.0295547
2948	-0.020368
2949	-0.0049819
2950	-0.0292656
2951	-0.0201872
2952	-0.000668244
2953	-0.0292866
2954	-0.0193281
2955	-0.0108418
2956	-0.029146
2957	-0.0202683
2958	-0.013394
2959	-0.0291688
2960	-0.0199848
2962	-0.0293009
2963	-0.0206426
2964	-0.000668287
2965	-0.0297188
2966	-0.0203776
2967	-0.00718602
2968	-0.0298651
2969	-0.0278989
2970	-0.0180153
2971	-0.0299101
2972	-0.0210925
2974	-0.0298032
2975	-0.0205939
2976	-0.0363782
2977	-0.0297495
2978	-0.0211978
2979	-0.00622061
2980	-0.0295189
2981	-0.0200697
2982	-0.013212
2983	-0.0292316
2984	-0.0193844
2985	-0.00378914
2986	-0.0290701
2987	-0.0198985
2988	-0.00114184
2989	-0.0291049
2990	-0.0200804
2991	-0.00659991
2992	-0.0291872
2993	-0.020225
2994	-0.0142531
2995	-0.0295866
2996	-0.0201023
2998	-0.0294689
2999	-0.0199532
3000	-0.00797471
3001	-0.0298282
3002	-0.0275878
3003	-0.00708822
3004	-0.0299987
3005	-0.0208912
3006	-0.0179753
3007	-0.0299422
3008	-0.020919
3009	-0.0359422
3010	-0.0297797
3011	-0.020799
3012	-0.000668202
3013	-0.0297338
3014	-0.019811
3015	-0.0111589
3016	-0.0294223
3017	-0.020518
3018	-0.013
3019	-0.0291896
3020	-0.0199585
3021	-0.00155639
3022	-0.029082
3023	-0.0203971
3024	-0.000668308
3025	-0.0293423
3026	-0.0199193
3027	-0.00714975
3028	-0.0300915
3029	-0.0194887
3030	-0.0164539
3031	-0.029607
3032	-0.0205613
3034	-0.0297544
3035	-0.0271656
3036	-0.000667712
3037	-0.0300326
3038	-0.0215067
3039	-0.0068647
3040	-0.0300285
3041	-0.0206671
3042	-0.0351967
3043	-0.0298407
3044	-0.0200693
3045	-0.00342503
3046	-0.0296318
3047	-0.0204629
3048	-0.00519387
3049	-0.0294888
3050	-0.020425
3051	-0.00599921
3052	-0.0293059
3053	-0.0202795
3054	-0.0121861
3055	-0.0290227
3056	-0.0198668
3058	-0.0289908
3059	-0.0194816
3060	-0.00699004
3061	-0.0304518
3062	-0.0203579
3063	-0.00725439
3064	-0.0294596
3065	-0.0202432
3066	-0.0170246
3067	-0.0296328
3068	-0.0266401
3070	-0.0297672
3071	-0.0209092
3072	-0.000668123
3073	-0.0300005
3074	-0.0202776
3075	-0.0345266
3076	-0.029846
3077	-0.0211314
3078	-0.0154718
3079	-0.0296487
3080	-0.0205218
3081	-0.00522922
3082	-0.0294055
3083	-0.0207371
3084	-0.000668453
3085	-0.0293842
3086	-0.0199783
3087	-0.00642054
3088	-0.0291307
3089	-0.0192376
3090	-0.0117504
3091	-0.0290109
3092	-0.0200623
3094	-0.0311407
3095	-0.0196996
3096	-0.00066837
3097	-0.0293049
3098	-0.0207011
3099	-0.00736258
3100	-0.0295121
3101	-0.0261569
3102	-0.0179305
3103	-0.029688
3104	-0.0200128
3105	-0.0038301
3106	-0.0298732
3107	-0.0208505
3108	-0.0335905
3109	-0.0299924
3110	-0.0210483
3111	-0.00607149
3112	-0.029906
3113	-0.0209055
3114	-0.0146407
3115	-0.0295472
3116	-0.0203228
3118	-0.0293142
3119	-0.0196894
3120	-0.00689681
3121	-0.0292921
3122	-0.0203113
3123	-0.00686889
3124	-0.0292478
3125	-0.0199383
3126	-0.0134112
3127	-0.0317578
3128	-0.0200664
3130	-0.0293392
3131	-0.0203011
3132	-0.000667797
3133	-0.0297073
3134	-0.0258378
3135	-0.0120265
3136	-0.0298404
3137	-0.0211129
3138	-0.0182365
3139	-0.0298966
3140	-0.0208853
3141	-0.0325195
3142	-0.0298337
3143	-0.0213121
3144	-0.000668079
3145	-0.0298587
3146	-0.0205463
3147	-0.00602859
3148	-0.0295602
3149	-0.0196609
3150	-0.0133295
3151	-0.0292859
3152	-0.0202597
3153	-0.00331926
3154	-0.0290576
3155	-0.0196822
3156	-0.000668061
3157	-0.0291293
3158	-0.0204783
3159	-0.00712531
3160	-0.0324259
3161	-0.0197082
3162	-0.0146133
3163	-0.029325
3164	-0.01949
3165	-0.00413194
3166	-0.0295728
3167	-0.0266556
3168	-0.00066803
3169	-0.0298816
3170	-0.0209717
3171	-0.00662416
3172	-0.0300024
3173	-0.0211916
3174	-0.0327743
3175	-0.0298302
3176	-0.0208531
3178	-0.0296995
3179	-0.0202354
3180	-0.00743195
3181	-0.0296146
3182	-0.0207147
3183	-0.00630297
3184	-0.0294269
3185	-0.0201208
3186	-0.0126994
3187	-0.0291815
3188	-0.01999
3190	-0.0290734
3191	-0.0200181
3192	-0.000668189
3193	-0.032823
3194	-0.0193696
3195	-0.0111456
3196	-0.0294089
3197	-0.0205343
3198	-0.0166504
3199	-0.0295822
3200	-0.026743
3202	-0.0297478
3203	-0.0211963
3204	-0.000668035
3205	-0.0300795
3206	-0.0208546
3207	-0.0324108
3208	-0.0300015
3209	-0.0202158
3210	-0.0166101
3211	-0.0298188
3212	-0.0208535
3213	-0.00359576
3214	-0.0295237
3215	-0.0201107
3216	-0.000667969
3217	-0.0294261
3218	-0.0207088
3219	-0.00670182
3220	-0.0292661
3221	-0.0196948
3222	-0.0129028
3223	-0.0291506
3224	-0.0192569
3225	-0.00354365
3226	-0.0321029
3227	-0.0200206
3228	-0.000667537
3229	-0.0294929
3230	-0.0204297
3231	-0.00697477
3232	-0.0297091
3233	-0.0263045
3234	-0.0177429
3235	-0.0297597
3236	-0.0207421
3238	-0.0298452
3239	-0.0205021
3240	-0.0324754
3241	-0.0299257
3242	-0.021181
3243	-0.00621943
3244	-0.0297953
3245	-0.0206136
3246	-0.0145218
3247	-0.0295006
3248	-0.0203586
3250	-0.0292155
3251	-0.0201715
3252	-0.00318398
3253	-0.0292219
3254	-0.0193032
3255	-0.0108766
3256	-0.0290739
3257	-0.0202374
3258	-0.0132768
3259	-0.0323969
3260	-0.0199515
3262	-0.0292684
3263	-0.0206307
3264	-0.000668437
3265	-0.0297105
3266	-0.0267283
3267	-0.00722356
3268	-0.0298654
3269	-0.0200832
3270	-0.0182334
3271	-0.0299265
3272	-0.0210928
3273	-0.0328384
3274	-0.029855
3275	-0.0206248
3276	-0.000667962
3277	-0.0298484
3278	-0.0212336
3279	-0.00634432
3280	-0.0296256
3281	-0.0200955
3282	-0.0136873
3283	-0.0293452
3284	-0.0194222
3285	-0.00401631
3286	-0.0291915
3287	-0.019946
3288	-0.000667643
3289	-0.0292499
3290	-0.0201634
3291	-0.00672904
3292	-0.0323439
3293	-0.0203201
3294	-0.0149939
3295	-0.0293775
3296	-0.0201986
3298	-0.0295787
3299	-0.0266477
3300	-0.00820332
3301	-0.0299047
3302	-0.0211129
3303	-0.00700148
3304	-0.030041
3305	-0.0209265
3306	-0.0327675
3307	-0.0299228
3308	-0.0208824
3310	-0.029696
3311	-0.0207228
3312	-0.00382549
3313	-0.0296136
3314	-0.0197106
3315	-0.0110288
3316	-0.0293186
3317	-0.0204521
3318	-0.0125984
3319	-0.0291228
3320	-0.0199205
3322	-0.0290294
3323	-0.0203829
3324	-0.000668306
3325	-0.0322201
3326	-0.0199304
3327	-0.00711
3328	-0.0294056
3329	-0.0195137
3330	-0.016588
3331	-0.0295912
3332	-0.0265447
3334	-0.029734
3335	-0.020481
3336	-0.000668143
3337	-0.0299541
3338	-0.0214775
3339	-0.0327736
3340	-0.0298971
3341	-0.0205554
3342	-0.0163639
3343	-0.0297015
3344	-0.0199318
3345	-0.00416402
3346	-0.0295122
3347	-0.0203295
3348	-0.000667796
3349	-0.0293775
3350	-0.0203121
3351	-0.00608463
3352	-0.0292077
3353	-0.0202141
3354	-0.0118326
3355	-0.0289534
3356	-0.0198461
3358	-0.0324947
3359	-0.0195156
3360	-0.00699923
3361	-0.029309
3362	-0.0204299
3363	-0.00729474
3364	-0.029566
3365	-0.0264365
3366	-0.017589
3367	-0.0297302
3368	-0.0206915
3370	-0.0298277
3371	-0.0209719
3372	-0.0323702
3373	-0.030037
3374	-0.020259
3375	-0.0117997
3376	-0.0298765
3377	-0.0210447
3378	-0.0152263
3379	-0.02964
3380	-0.0203916
3382	-0.0293682
3383	-0.0206245
3384	-0.00344377
3385	-0.0293889
3386	-0.0199377
3387	-0.00670207
3388	-0.0292504
3389	-0.0192789
3390	-0.0135707
3391	-0.0323155
3392	-0.0202122
3394	-0.0293474
3395	-0.0199441
3396	-0.000667819
3397	-0.0296727
3398	-0.0261438
3399	-0.00747552
3400	-0.0298829
3401	-0.0204713
3402	-0.0191151
3403	-0.0299927
3404	-0.0202603
3405	-0.032307
3406	-0.0300383
3407	-0.0209436
3408	-0.000667855
3409	-0.0300307
3410	-0.0209933
3411	-0.00594408
3412	-0.0298339
3413	-0.0207856
3414	-0.0140581
3415	-0.0294431
3416	-0.0201954
3417	-0.00381238
3418	-0.0292138
3419	-0.0196128
3420	-0.00695017
3421	-0.0292324
3422	-0.0202994
3423	-0.00693931
3424	-0.0325516
3425	-0.0199992
3426	-0.0142461
3427	-0.0293078
3428	-0.020174
3430	-0.0294539
3431	-0.0256255
3432	-0.000668232
3433	-0.0298306
3434	-0.0200364
3435	-0.0121232
3436	-0.0299045
3437	-0.0212436
3438	-0.0313467
3439	-0.0298817
3440	-0.0208696
3442	-0.0297586
3443	-0.021193
3444	-0.00349828
3445	-0.0297669
3446	-0.0203983
3447	-0.00615592
3448	-0.0294651
3449	-0.0195234
3450	-0.0129734
3451	-0.0292167
3452	-0.0201815
3454	-0.0290504
3455	-0.019664
3456	-0.000668042
3457	-0.0340668
3458	-0.0205512
3459	-0.00736262
3460	-0.0293764
3461	-0.019855
3462	-0.0161735
3463	-0.0295532
3464	-0.0272535
3465	-0.00392767
3466	-0.0297858
3467	-0.0206429
3468	-0.000667627
3469	-0.0300365
3470	-0.0211313
3471	-0.0314704
3472	-0.0300992
3473	-0.021228
3474	-0.0173129
3475	-0.0298519
3476	-0.0207527
3477	-0.00291647
3478	-0.0296447
3479	-0.0200797
3480	-0.00716107
3481	-0.0295298
3482	-0.0205509
3483	-0.00647983
3484	-0.029368
3485	-0.0200319
3486	-0.0128745
3487	-0.0291939
3488	-0.0199786
3490	-0.0331235
3491	-0.0200968
3492	-0.000668201
3493	-0.0294662
3494	-0.0195317
3495	-0.0114215
3496	-0.0295767
3497	-0.0264531
3498	-0.0175756
3499	-0.0297428
3500	-0.0206567
3502	-0.0298388
3503	-0.0213576
3504	-0.0312069
3505	-0.0300263
3506	-0.0208373
3507	-0.00613226
3508	-0.0298139
3509	-0.020043
3510	-0.0149723
3511	-0.029553
3512	-0.0206356
3514	-0.0292809
3515	-0.0199477
3516	-0.00385718
3517	-0.0292351
3518	-0.0205932
3519	-0.00674871
3520	-0.02914
3521	-0.0196586
3522	-0.0128437
3523	-0.033385
3524	-0.0191796
3525	-0.00547072
3526	-0.0292021
3527	-0.0201514
3528	-0.00066788
3529	-0.0295092
3530	-0.0268032
3531	-0.0069012
3532	-0.0297449
3533	-0.0209966
3534	-0.0180153
3535	-0.0298052
3536	-0.0203992
3537	-0.0314524
3538	-0.0297902
3539	-0.0201561
3540	-0.00614436
3541	-0.0298856
3542	-0.0208139
3543	-0.00617694
3544	-0.0296305
3545	-0.0205909
3546	-0.0139332
3547	-0.0293968
3548	-0.0204241
3549	-0.00404088
3550	-0.0291219
3551	-0.0200083
3552	-0.000668176
3553	-0.0292293
3554	-0.0196544
3555	-0.00716364
3556	-0.0334045
3557	-0.0198764
3558	-0.0145656
3559	-0.0293136
3560	-0.0201647
3562	-0.0295343
3563	-0.0268249
3564	-0.000667883
3565	-0.0298857
3566	-0.0209807
3567	-0.00688474
3568	-0.0300675
3569	-0.0202835
3570	-0.031647
3571	-0.0299813
3572	-0.0212565
3574	-0.0298651
3575	-0.0207613
3576	-0.00318165
3577	-0.0297229
3578	-0.0208831
3579	-0.00624442
3580	-0.0294633
3581	-0.0201152
3582	-0.0129843
3583	-0.0291801
3584	-0.019367
3585	-0.00404913
3586	-0.0291053
3587	-0.020183
3588	-0.000667913
3589	-0.0333022
3590	-0.0199
3591	-0.00654807
3592	-0.0293753
3593	-0.0206457
3594	-0.016002
3595	-0.0295272
3596	-0.0265517
3598	-0.0296634
3599	-0.0199434
3600	-0.00602377
3601	-0.029975
3602	-0.0210641
3603	-0.0313218
3604	-0.0299201
3605	-0.0210967
3606	-0.0166339
3607	-0.0297654
3608	-0.020953
3609	-0.0029321
3610	-0.0294645
3611	-0.0204554
3612	-0.000668166
3613	-0.0294208
3614	-0.0198641
3615	-0.00717999
3616	-0.0291961
3617	-0.019834
3618	-0.0123707
3619	-0.028997
3620	-0.0198808
3622	-0.0334496
3623	-0.0200441
3624	-0.000668264
3625	-0.0293472
3626	-0.020378
3627	-0.00706111
3628	-0.029592
3629	-0.026905
3630	-0.0174021
3631	-0.0297001
3632	-0.0209701
3634	-0.0298451
3635	-0.0208859
3636	-0.0316086
3637	-0.029938
3638	-0.0213057
3639	-0.00634515
3640	-0.0298314
3641	-0.0206225
3642	-0.0150309
3643	-0.0295302
3644	-0.019798
3645	-0.00421268
3646	-0.0293422
3647	-0.0204261
3648	-0.00400548
3649	-0.0292948
3650	-0.0198952
3651	-0.00609799
3652	-0.0291743
3653	-0.0204326
3654	-0.0132252
3655	-0.0334295
3656	-0.0196402
3658	-0.0292599
3659	-0.0194084
3660	-0.00603219
3661	-0.0296664
3662	-0.0267785
3663	-0.00733799
3664	-0.029828
3665	-0.0208704
3666	-0.0183129
3667	-0.0299813
3668	-0.0211614
3669	-0.031475
3670	-0.0299071
3671	-0.0209599
3672	-0.000668179
3673	-0.0299599
3674	-0.020474
3675	-0.00789305
3676	-0.0296929
3677	-0.0203457
3678	-0.0136936
3679	-0.0293325
3680	-0.020196
3681	-0.00438924
3682	-0.0291216
3683	-0.0200979
3684	-0.000668229
3685	-0.029148
3686	-0.0201759
3687	-0.00655071
3688	-0.0336457
3689	-0.0192572
3690	-0.0133991
3691	-0.0291225
3692	-0.0203372
3694	-0.0293198
3695	-0.0265628
3696	-0.000667994
3697	-0.0296269
3698	-0.0209246
3699	-0.00714013
3700	-0.0298168
3701	-0.0207204
3702	-0.030491
3703	-0.0298124
3704	-0.0202423
3705	-0.00494897
3706	-0.0297614
3707	-0.0210047
3708	-0.00266071
3709	-0.0297599
3710	-0.0204387
3711	-0.00560802
3712	-0.0295071
3713	-0.0207643
3714	-0.0126263
3715	-0.0292188
3716	-0.0196976
3718	-0.0289585
3719	-0.0191567
3720	-0.00588353
3721	-0.0345788
3722	-0.020065
3723	-0.00695707
3724	-0.0291724
3725	-0.0201987
3726	-0.0148548
3727	-0.0293753
3728	-0.0271446
3730	-0.0295356
3731	-0.0205249
3732	-0.000667904
3733	-0.0299303
3734	-0.0205183
3735	-0.029897
3736	-0.0300561
3737	-0.0208232
3738	-0.0184159
3739	-0.0299859
3740	-0.0209031
3741	-0.00212238
3742	-0.0298801
3743	-0.0208027
3744	-0.000668471
3745	-0.0298076
3746	-0.0206932
3747	-0.00620198
3748	-0.0295855
3749	-0.01951
3750	-0.0130548
3751	-0.0292961
3752	-0.0203529
3754	-0.0348571
3755	-0.0200293
3756	-0.000668031
3757	-0.0294197
3758	-0.0205485
3759	-0.00731664
3760	-0.0295861
3761	-0.0269464
3762	-0.0173966
3763	-0.0296967
3764	-0.0199485
3765	-0.00517065
3766	-0.0299135
3767	-0.0211199
3768	-0.0290463
3769	-0.0301044
3770	-0.0208952
3771	-0.00583443
3772	-0.0299997
3773	-0.0213833
3774	-0.0162297
3775	-0.0297404
3776	-0.0202855
3778	-0.029411
3779	-0.0195926
3780	-0.00592849
3781	-0.029367
3782	-0.0202413
3783	-0.00642545
3784	-0.0291519
3785	-0.0201256
3786	-0.0124939
3787	-0.0350374
3788	-0.0201642
3790	-0.0290802
3791	-0.0200283
3792	-0.000668173
3793	-0.0294646
3794	-0.0277237
3795	-0.00791052
3796	-0.0296603
3797	-0.0203511
3798	-0.017659
3799	-0.0297654
3800	-0.0207776
3801	-0.0293266
3802	-0.0298354
3803	-0.0210102
3804	-0.000668017
3805	-0.0299197
3806	-0.0211141
3807	-0.00592641
3808	-0.0297923
3809	-0.0199384
3810	-0.0144789
3811	-0.0294493
3812	-0.0206426
3813	-0.00520651
3814	-0.0292415
3815	-0.0200819
3816	-0.000668025
3817	-0.0291703
3818	-0.0203438
3819	-0.00680765
3820	-0.0291207
3821	-0.0198258
3822	-0.0133551
3823	-0.0291142
3824	-0.01935
3825	-0.00425791
3826	-0.029423
3827	-0.0204329
3828	-0.000667857
3829	-0.0297043
3830	-0.0203525
3831	-0.00672093
3832	-0.0298832
3833	-0.0281017
3834	-0.0183605
3835	-0.029963
3836	-0.020624
3838	-0.0298725
3839	-0.0201821
3840	-0.0364344
3841	-0.029918
3842	-0.0208626
3843	-0.00611081
3844	-0.0296381
3845	-0.0205909
3846	-0.0138337
3847	-0.0294016
3848	-0.0204039
3850	-0.0291618
3851	-0.0200167
3852	-0.00076237
3853	-0.0292927
3854	-0.0196701
3855	-0.0073093
3856	-0.0293173
3857	-0.0199082
3858	-0.0147843
3859	-0.0293637
3860	-0.0201987
3862	-0.0295643
3863	-0.0205584
3864	-0.000668219
3865	-0.0299066
3866	-0.0275272
3867	-0.00668197
3868	-0.030028
3869	-0.0202566
3870	-0.0176687
3871	-0.0298701
3872	-0.0211843
3873	-0.0358868
3874	-0.0297097
3875	-0.0206467
3876	-0.000667872
3877	-0.0295752
3878	-0.0207646
3879	-0.00626473
3880	-0.0293478
3881	-0.0200096
3882	-0.0126192
3883	-0.0291012
3884	-0.0193142
3885	-0.00394219
3886	-0.0349717
3887	-0.0201755
3888	-0.000668005
3889	-0.0293039
3890	-0.0199438
3891	-0.00664903
3892	-0.0294635
3893	-0.0276881
3894	-0.0167604
3895	-0.029629
3896	-0.0201626
3898	-0.029739
3899	-0.0200657
3900	-0.0290782
3901	-0.0299732
3902	-0.0210899
3903	-0.00639439
3904	-0.029868
3905	-0.0210265
3906	-0.0160635
3907	-0.0297062
3908	-0.0208384
3910	-0.0294006
3911	-0.0203374
3912	-0.00451282
3913	-0.0293716
3914	-0.0197771
3915	-0.00716379
3916	-0.0291742
3917	-0.0198002
3918	-0.0126685
3919	-0.0290365
3920	-0.0199019
3922	-0.0291228
3923	-0.0201132
3924	-0.000668527
3925	-0.0294745
3926	-0.0204864
3927	-0.00713431
3928	-0.0297202
3929	-0.019813
3930	-0.017948
3931	-0.0298168
3932	-0.0283361
3934	-0.0299433
3935	-0.020949
3936	-0.000668126
3937	-0.0300012
3938	-0.0213002
3939	-0.0368251
3940	-0.0298456
3941	-0.0205814
3942	-0.0148566
3943	-0.0295046
3944	-0.0197319
3945	-0.00528805
3946	-0.0293104
3947	-0.0203714
3948	-0.000667954
3949	-0.0292986
3950	-0.0198812
3951	-0.00619787
3952	-0.0292131
3953	-0.0204521
3954	-0.0134902
3955	-0.0292195
3956	-0.0196934
3958	-0.0292946
3959	-0.0194644
3960	-0.00594211
3961	-0.0296902
3962	-0.0206174
3963	-0.00724365
3964	-0.0298444
3965	-0.0277544
3966	-0.0181167
3967	-0.0299536
3968	-0.0211885
3970	-0.0298374
3971	-0.0209094
3972	-0.0361059
3973	-0.0298648
3974	-0.0203761
3975	-0.00769589
3976	-0.0296075
3977	-0.0202321
3978	-0.0134177
3979	-0.0292697
3980	-0.0200924
3982	-0.0290924
3983	-0.0200588
3984	-0.000668168
3985	-0.0350184
3986	-0.0201798
3987	-0.00671301
3988	-0.0292683
3989	-0.0193438
3990	-0.0148524
3991	-0.029343
3992	-0.0277154
3994	-0.0295792
3995	-0.02048
3996	-0.000667874
3997	-0.0298655
3998	-0.0211776
3999	-0.0290279
4000	-0.0299307
4001	-0.020821
4002	-0.0175126
4003	-0.0297978
4004	-0.0201858
4005	-0.00474975
4006	-0.0296748
4007	-0.0208502
4008	-0.000668
4009	-0.0295964
4010	-0.0202398
4011	-0.00564533
4012	-0.0293421
4013	-0.0205886
4014	-0.0126203
4015	-0.029133
4016	-0.0196219
4017	-0.000186747
4018	-0.0290201
4019	-0.0191885
4020	-0.00629212
4021	-0.0292964
4022	-0.020195
4023	-0.00724025
4024	-0.0294424
4025	-0.0204057
4026	-0.0168824
4027	-0.0296511
4028	-0.0207209
4030	-0.0297833
4031	-0.028233
4032	-0.000668179
4033	-0.030078
4034	-0.0206752
4035	-0.00844189
4036	-0.0300147
4037	-0.0207753
4038	-0.0367158
4039	-0.0297469
4040	-0.0206518
4042	-0.029485
4043	-0.0204738
4044	-0.00532228
4045	-0.0294069
4046	-0.0203833
4047	-0.00621474
4048	-0.029265
4049	-0.0192835
4050	-0.0126254
4051	-0.0290896
4052	-0.0202271
4054	-0.0291484
4055	-0.0199905
4056	-0.000668052
4057	-0.0293865
4058	-0.0205796
4059	-0.00735969
4060	-0.0295868
4061	-0.0203271
4062	-0.0178466
4063	-0.0297036
4064	-0.0275721
4065	-0.00524142
4066	-0.0298822
4067	-0.021164
4068	-0.00066753
4069	-0.03001
4070	-0.020809
4071	-0.0361628
4072	-0.0298723
4073	-0.0212096
4074	-0.0148085
4075	-0.0295936
4076	-0.020096
4077	-0.00549484
4078	-0.029261
4079	-0.0194149
4080	-0.00607493
4081	-0.0292315
4082	-0.0201308
4083	-0.00655842
4084	-0.0290441
4085	-0.0200673
4086	-0.0125214
4087	-0.0290546
4088	-0.0201762
4090	-0.0296308
4091	-0.0200783
4092	-0.00066824
4093	-0.0295368
4094	-0.0200002
4095	-0.00814383
4096	-0.029731
4097	-0.026748
4098	-0.0190499
4099	-0.0298175
4100	-0.0208525
4102	-0.0299333
4103	-0.0210429
4104	-0.035491
4105	-0.0300619
4106	-0.0211202
4107	-0.0061713
4108	-0.0299643
4109	-0.0199565
4110	-0.0145454
4111	-0.029603
4112	-0.020652
4114	-0.0293602
4115	-0.0201249
4116	-0.00329234
4117	-0.0292717
4118	-0.0203949
4119	-0.00684749
4120	-0.0291949
4121	-0.01989
4122	-0.0136161
4123	-0.0311971
4124	-0.0194331
4125	-0.00435475
4126	-0.0293953
4127	-0.020509
4128	-0.000667628
4129	-0.0297536
4130	-0.0260426
4131	-0.00659677
4132	-0.0299268
4133	-0.0213285
4134	-0.0184322
4135	-0.0299836
4136	-0.0206412
4137	-0.0333973
4138	-0.0298543
4139	-0.0201332
4140	-0.00623259
4141	-0.0298317
4142	-0.0207839
4143	-0.00612215
4144	-0.0295469
4145	-0.0204983
4146	-0.0131355
4147	-0.029321
4148	-0.0203295
4149	-0.00243148
4150	-0.029089
4151	-0.0199793
4152	-0.000667875
4153	-0.0292307
4154	-0.019659
4155	-0.00731724
4156	-0.0311663
4157	-0.0199353
4158	-0.0152244
4159	-0.0293718
4160	-0.0202448
4162	-0.0295765
4163	-0.0262842
4164	-0.000668319
4165	-0.0299112
4166	-0.0211035
4167	-0.00653524
4168	-0.0299913
4169	-0.020265
4170	-0.0335511
4171	-0.0298123
4172	-0.0211124
4174	-0.0296387
4175	-0.0205562
4176	-0.00447326
4177	-0.0295026
4178	-0.0206885
4179	-0.00631491
4180	-0.0292748
4181	-0.0199474
4182	-0.0124229
4183	-0.0290348
4184	-0.0192743
4185	-0.00399431
4186	-0.0290517
4187	-0.0201537
4188	-0.000667852
4189	-0.0318076
4190	-0.0199403
4191	-0.00673414
4192	-0.0295015
4193	-0.0207501
4194	-0.0171586
4195	-0.02967
4196	-0.0267782
4198	-0.0297906
4199	-0.0200898
4200	-0.00619583
4201	-0.0300575
4202	-0.0211149
4203	-0.0336588
4204	-0.0299687
4205	-0.0210593
4206	-0.0164028
4207	-0.0297954
4208	-0.0208783
4209	-0.00474397
4210	-0.0294634
4211	-0.0203664
4212	-0.000667904
4213	-0.0294218
4214	-0.0198112
4215	-0.00715868
4216	-0.0292226
4217	-0.0198296
4218	-0.0126635
4219	-0.0290725
4220	-0.0199249
4222	-0.0323871
4223	-0.0201254
4224	-0.00066841
4225	-0.0294691
4226	-0.0204802
4227	-0.00708853
4228	-0.0297085
4229	-0.0266679
4230	-0.0177435
4231	-0.0297991
4232	-0.0210837
4234	-0.0299125
4235	-0.0209446
4236	-0.0327803
4237	-0.0299398
4238	-0.0212734
4239	-0.0061787
4240	-0.02976
4241	-0.0205488
4242	-0.0145624
4243	-0.0294252
4244	-0.0196961
4245	-0.00411076
4246	-0.0292224
4247	-0.0203357
4248	-0.00385265
4249	-0.0291901
4250	-0.0198294
4251	-0.00602278
4252	-0.0290709
4253	-0.0203778
4254	-0.0129419
4255	-0.0328667
4256	-0.0196171
4258	-0.0291702
4259	-0.0193849
4260	-0.00631105
4261	-0.0295955
4262	-0.0265381
4263	-0.00728184
4264	-0.0297781
4265	-0.020879
4266	-0.0180951
4267	-0.0299124
4268	-0.0211504
4269	-0.0321105
4270	-0.0298417
4271	-0.0209247
4272	-0.00066825
4273	-0.0299026
4274	-0.0204274
4275	-0.00778516
4276	-0.0296642
4277	-0.0203094
4278	-0.0137867
4279	-0.0293182
4280	-0.020153
4281	-0.00415316
4282	-0.0291354
4283	-0.020096
4284	-0.000668251
4285	-0.0292186
4286	-0.0201978
4287	-0.00675567
4288	-0.0334061
4289	-0.0193387
4290	-0.0144965
4291	-0.0293615
4292	-0.0204675
4294	-0.0295782
4295	-0.0268094
4296	-0.000667855
4297	-0.0298828
4298	-0.0211114
4299	-0.00716766
4300	-0.0300211
4301	-0.0208491
4302	-0.0315153
4303	-0.0299467
4304	-0.0203227
4305	-0.00497707
4306	-0.0298504
4307	-0.0210159
4308	-0.00317332
4309	-0.0297577
4310	-0.0204156
4311	-0.00555569
4312	-0.0294803
4313	-0.0207274
4314	-0.0129141
4315	-0.0292141
4316	-0.0196832
4318	-0.0290219
4319	-0.0191815
4320	-0.00587465
4321	-0.033867
4322	-0.020107
4323	-0.00704164
4324	-0.0292818
4325	-0.0202719
4326	-0.0154322
4327	-0.0294679
4328	-0.0267222
4330	-0.0296102
4331	-0.0206223
4332	-0.000668013
4333	-0.0299566
4334	-0.0205698
4335	-0.0305462
4336	-0.0299336
4337	-0.0207781
4338	-0.0168998
4339	-0.0297208
4340	-0.0207369
4341	-0.00228539
4342	-0.0295124
4343	-0.0205876
4344	-0.000668372
4345	-0.029437
4346	-0.020486
4347	-0.00600357
4348	-0.0292509
4349	-0.0193121
4350	-0.0119904
4351	-0.0289872
4352	-0.0201906
4354	-0.0342893
4355	-0.0198858
4356	-0.000668195
4357	-0.0292021
4358	-0.0204102
4359	-0.00725242
4360	-0.0294169
4361	-0.0272202
4362	-0.0169567
4363	-0.0295491
4364	-0.0198598
4365	-0.00505047
4366	-0.0297819
4367	-0.0210522
4368	-0.0303807
4369	-0.0300159
4370	-0.0208218
4371	-0.00595796
4372	-0.0300004
4373	-0.0213546
4374	-0.0165063
4375	-0.0298133
4376	-0.0202939
4378	-0.0294974
4379	-0.0196136
4380	-0.00622924
4381	-0.0294528
4382	-0.0202873
4383	-0.00654127
4384	-0.0292229
4385	-0.0201577
4386	-0.0125078
4387	-0.0291513
4388	-0.0202008
4390	-0.0291365
4391	-0.0200567
4392	-0.000668274
4393	-0.029504
4394	-0.0199404
4395	-0.00797613
4396	-0.0296716
4397	-0.0203407
4398	-0.0178036
4399	-0.029776
4400	-0.0276691
4402	-0.0298919
4403	-0.0210408
4404	-0.000667893
4405	-0.0300272
4406	-0.0211771
4407	-0.0366053
4408	-0.029954
4409	-0.0200455
4410	-0.0149588
4411	-0.0296412
4412	-0.0207407
4413	-0.0054592
4414	-0.0294042
4415	-0.0201742
4416	-0.00066826
4417	-0.0292785
4418	-0.0204049
4419	-0.00669675
4420	-0.0291343
4421	-0.0198404
4422	-0.0126969
4423	-0.0290293
4424	-0.019322
4425	-0.00421976
4426	-0.0291803
4427	-0.0203414
4428	-0.000667798
4429	-0.0295449
4430	-0.0202441
4431	-0.00661378
4432	-0.0297332
4433	-0.0270542
4434	-0.0178792
4435	-0.0298218
4436	-0.0205243
4438	-0.0297516
4439	-0.020112
4440	-0.0356946
4441	-0.0298088
4442	-0.0208336
4443	-0.00611259
4444	-0.0295673
4445	-0.0205988
4446	-0.0135281
4447	-0.0293397
4448	-0.0203969
4450	-0.0290814
4451	-0.0199952
4452	-0.00173646
4453	-0.0291894
4454	-0.0196157
4455	-0.00719976
4456	-0.0292006
4457	-0.0198337
4458	-0.0142464
4459	-0.0302554
4460	-0.0201184
4462	-0.0294803
4463	-0.0204641
4464	-0.000668247
4465	-0.0298553
4466	-0.0273231
4467	-0.006891
4468	-0.0300431
4469	-0.0202578
4470	-0.0182843
4471	-0.0299681
4472	-0.0212697
4473	-0.0353784
4474	-0.0298983
4475	-0.0207945
4476	-0.000668051
4477	-0.0297822
4478	-0.0209431
4479	-0.00628204
4480	-0.0295411
4481	-0.0201672
4482	-0.013209
4483	-0.0292441
4484	-0.0194074
4485	-0.00410762
4486	-0.0291716
4487	-0.0202139
4488	-0.000667714
4489	-0.0293176
4490	-0.0199005
4491	-0.00654882
4492	-0.0305213
4493	-0.0206379
4494	-0.0158316
4495	-0.0295315
4496	-0.019999
4498	-0.0296551
4499	-0.0267355
4500	-0.00601372
4501	-0.0299952
4502	-0.0210512
4503	-0.00667316
4504	-0.0299726
4505	-0.0211285
4506	-0.0345459
4507	-0.0298687
4508	-0.021037
4510	-0.0295782
4511	-0.0205467
4512	-0.00490987
4513	-0.0295279
4514	-0.019965
4515	-0.00714804
4516	-0.0292749
4517	-0.01989
4518	-0.0123162
4519	-0.0290297
4520	-0.0199095
4522	-0.0290185
4523	-0.020024
4524	-0.000668418
4525	-0.0311489
4526	-0.0203269
4527	-0.00707012
4528	-0.0295511
4529	-0.0196235
4530	-0.0171896
4531	-0.0296678
4532	-0.026873
4534	-0.0298546
4535	-0.0208503
4536	-0.000668002
4537	-0.0299872
4538	-0.0213299
4539	-0.0342778
4540	-0.0299153
4541	-0.0207271
4542	-0.0159436
4543	-0.0296534
4544	-0.0199151
4545	-0.00490787
4546	-0.0294459
4547	-0.0205362
4548	-0.00066766
4549	-0.0293776
4550	-0.0199689
4551	-0.00597527
4552	-0.0292051
4553	-0.0204531
4554	-0.012882
4555	-0.0291394
4556	-0.0196217
4558	-0.0316134
4559	-0.0193281
4560	-0.00565722
4561	-0.0295467
4562	-0.0204373
4563	-0.0073264
4564	-0.0297179
4565	-0.026721
4566	-0.0180686
4567	-0.0299084
4568	-0.0210922
4570	-0.0299166
4571	-0.0209907
4572	-0.033693
4573	-0.0300226
4574	-0.0205698
4575	-0.00810593
4576	-0.0297923
4577	-0.0204565
4578	-0.0144776
4579	-0.0294298
4580	-0.0202773
4582	-0.0292119
4583	-0.0201613
4584	-0.00271954
4585	-0.0292363
4586	-0.0202095
4587	-0.0065682
4588	-0.0292261
4589	-0.0192659
4590	-0.0137292
4591	-0.031495
4592	-0.020361
4594	-0.0293975
4595	-0.0202556
4596	-0.000668091
4597	-0.0297146
4598	-0.0264752
4599	-0.00723639
4600	-0.0298971
4601	-0.0207377
4602	-0.0180722
4603	-0.0298669
4604	-0.0202961
4605	-0.0334361
4606	-0.0298257
4607	-0.0210731
4608	-0.000667994
4609	-0.029776
4610	-0.0204857
4611	-0.00550691
4612	-0.0295167
4613	-0.020794
4614	-0.0131102
4615	-0.0292334
4616	-0.0197022
4617	-0.00269858
4618	-0.0290048
4619	-0.0191798
4620	-0.0059829
4621	-0.0291748
4622	-0.0200777
4623	-0.00701936
4624	-0.0316706
4625	-0.0202273
4626	-0.0152127
4627	-0.029469
4628	-0.0205085
4630	-0.0296215
4631	-0.0267338
4632	-0.00066807
4633	-0.0299919
4634	-0.0205675
4635	-0.00847054
4636	-0.0300153
4637	-0.0208311
4638	-0.0336701
4639	-0.0298522
4640	-0.0208493
4642	-0.0296678
4643	-0.0206924
4644	-0.00460038
4645	-0.0295769
4646	-0.0205852
4647	-0.00602973
4648	-0.0293877
4649	-0.0193959
4650	-0.012459
4651	-0.0291316
4652	-0.0202564
4654	-0.0291063
4655	-0.0199331
4656	-0.000667894
4657	-0.0318259
4658	-0.0204424
4659	-0.00730568
4660	-0.0294527
4661	-0.0201565
4662	-0.0168916
4663	-0.02958
4664	-0.0264211
4665	-0.00513806
4666	-0.0298196
4667	-0.0210475
4668	-0.000667699
4669	-0.0300522
4670	-0.0208476
4671	-0.0330526
4672	-0.0299584
4673	-0.0213597
4674	-0.016216
4675	-0.0297162
4676	-0.020276
4677	-0.00415873
4678	-0.0293767
4679	-0.0195761
4680	-0.00582487
4681	-0.0293457
4682	-0.0202498
4683	-0.00641616
4684	-0.0291385
4685	-0.0201206
4686	-0.0120288
4687	-0.0290584
4688	-0.020156
4690	-0.0321253
4691	-0.0199867
4692	-0.000668345
4693	-0.0293727
4694	-0.019855
4695	-0.00790226
4696	-0.0295602
4697	-0.0264155
4698	-0.0175586
4699	-0.0296719
4700	-0.0206911
4702	-0.0298075
4703	-0.0209855
4704	-0.0327799
4705	-0.0299508
4706	-0.0211266
4707	-0.00604115
4708	-0.0298576
4709	-0.0199918
4710	-0.0146863
4711	-0.0295478
4712	-0.0207128
4714	-0.0293126
4715	-0.0201429
4716	-0.00422025
4717	-0.0291858
4718	-0.0203634
4719	-0.00664104
4720	-0.0290463
4721	-0.019788
4722	-0.0124442
4723	-0.0329064
4724	-0.0192837
4725	-0.00407314
4726	-0.0291805
4727	-0.0203255
4728	-0.000667781
4729	-0.0295458
4730	-0.0262238
4731	-0.00671493
4732	-0.0297542
4733	-0.0211335
4734	-0.0189586
4735	-0.0298869
4736	-0.0205429
4737	-0.0316188
4738	-0.0299271
4739	-0.0202147
4740	-0.0059843
4741	-0.0300845
4742	-0.0209953
4743	-0.00635389
4744	-0.0298849
4745	-0.0207784
4746	-0.0146363
4747	-0.0296251
4748	-0.0205568
4749	-0.00522195
4750	-0.0293004
4751	-0.0201221
4752	-0.000668259
4753	-0.0293293
4754	-0.0197044
4755	-0.00716903
4756	-0.0340719
4757	-0.0198524
4758	-0.0135409
4759	-0.0291757
4760	-0.0200838
4762	-0.0293504
4763	-0.0263756
4764	-0.000668294
4765	-0.0297152
4766	-0.0208255
4767	-0.00691967
4768	-0.0299506
4769	-0.0201764
4770	-0.0298413
4771	-0.0299323
4772	-0.0212529
4774	-0.0298879
4775	-0.0208273
4776	-0.00205529
4777	-0.029794
4778	-0.0209894
4779	-0.00621244
4780	-0.0295461
4781	-0.0202174
4782	-0.0130931
4783	-0.0292087
4784	-0.0194054
4785	-0.00399687
4786	-0.029063
4787	-0.02018
4788	-0.00066767
4789	-0.0349383
4790	-0.019815
4791	-0.00640334
4792	-0.0292264
4793	-0.0205369
4794	-0.0149762
4795	-0.0293867
4796	-0.0273843
4798	-0.0295398
4799	-0.0197858
4800	-0.00565748
4801	-0.0299298
4802	-0.0209901
4803	-0.0294938
4804	-0.0299712
4805	-0.0211336
4806	-0.0176601
4807	-0.0299352
4808	-0.0211209
4809	-0.00143704
4810	-0.029697
4811	-0.0206515
4812	-0.000668045
4813	-0.0296484
4814	-0.0200707
4815	-0.00729634
4816	-0.0293843
4817	-0.019967
4818	-0.0127397
4819	-0.0291204
4820	-0.019955
4821	-0.000511854
4822	-0.0290963
4823	-0.0200544
4824	-0.000668251
4825	-0.029349
4826	-0.0203196
4827	-0.00705667
4828	-0.0295683
4829	-0.0195859
4830	-0.0170657
4831	-0.0296673
4832	-0.020803
4834	-0.0298754
4835	-0.0280472
4836	-0.00066799
4837	-0.0300721
4838	-0.0213815
4839	-0.00659383
4840	-0.0300261
4841	-0.0208333
4842	-0.0364722
4843	-0.0297668
4844	-0.0200402
4845	-0.00449769
4846	-0.0295442
4847	-0.020648
4848	-0.00525652
4849	-0.0294439
4850	-0.0200441
4851	-0.00582701
4852	-0.0292302
4853	-0.0204745
4854	-0.0125102
4855	-0.0290896
4856	-0.0195783
4858	-0.0290525
4859	-0.0192405
4860	-0.0060117
4861	-0.0294304
4862	-0.0203193
4863	-0.00727876
4864	-0.0295775
4865	-0.0205871
4866	-0.0174195
4867	-0.0297865
4868	-0.0275047
4870	-0.0298185
4871	-0.0209355
4872	-0.000668199
4873	-0.0299566
4874	-0.0205962
4875	-0.0358389
4876	-0.0297672
4877	-0.0205405
4878	-0.0146606
4879	-0.0294473
4880	-0.0203839
4881	-0.00516755
4882	-0.0292161
4883	-0.0202226
4884	-0.0006681
4885	-0.0292023
4886	-0.0202237
4887	-0.00643537
4888	-0.0291505
4889	-0.0192225
4890	-0.0130356
4891	-0.0290983
4892	-0.0202633
4894	-0.0301312
4895	-0.0201137
4896	-0.00066778
4897	-0.0296017
4898	-0.0207663
4899	-0.00741102
4900	-0.0298178
4901	-0.0275131
4902	-0.0182221
4903	-0.0298681
4904	-0.020263
4905	-0.00516068
4906	-0.0299236
4907	-0.0211783
4908	-0.0355919
4909	-0.0299472
4910	-0.0206549
4911	-0.00557706
4912	-0.0297119
4913	-0.0209926
4914	-0.0140536
4915	-0.0294179
4916	-0.019871
4918	-0.0291551
4919	-0.0192905
4920	-0.00559952
4921	-0.0292743
4922	-0.0201223
4923	-0.00693579
4924	-0.0292647
4925	-0.0201912
4926	-0.0144513
4927	-0.0301788
4928	-0.0204245
4930	-0.0295255
4931	-0.0204065
4932	-0.000668053
4933	-0.0299107
4934	-0.0270504
4935	-0.0086455
4936	-0.0300145
4937	-0.0207779
4938	-0.0180975
4939	-0.0299147
4940	-0.0209324
4941	-0.0350383
4942	-0.0297835
4943	-0.0208466
4944	-0.000668274
4945	-0.0297066
4946	-0.0207533
4947	-0.00591737
4948	-0.0295005
4949	-0.0195293
4950	-0.0128827
4951	-0.029182
4952	-0.0203154
4953	-0.00145134
4954	-0.0290856
4955	-0.0199348
4956	-0.000667978
4957	-0.0291907
4958	-0.0203726
4959	-0.00712876
4960	-0.0300638
4961	-0.0200315
4962	-0.0158973
4963	-0.0294432
4964	-0.0196981
4965	-0.00492396
4966	-0.0296849
4967	-0.0270993
4968	-0.000667677
4969	-0.0299502
4970	-0.0207823
4971	-0.0059974
4972	-0.029904
4973	-0.0213783
4974	-0.0351986
4975	-0.0297255
4976	-0.0203592
4978	-0.029441
4979	-0.0196898
4980	-0.00593722
4981	-0.029403
4982	-0.0203326
4983	-0.00630456
4984	-0.0291687
4985	-0.0201531
4986	-0.012268
4987	-0.0290667
4988	-0.0201466
4990	-0.0290254
4991	-0.0199549
4992	-0.000668078
4993	-0.0307217
4994	-0.0198031
4995	-0.00759917
4996	-0.0295524
4997	-0.020194
4998	-0.0174602
4999	-0.0296726
5000	-0.0272527
