1	2.69215e-05
2	6.14215e-06
3	1.00572e-05
4	8.35808e-06
5	7.53495e-06
6	6.82707e-06
7	6.2733e-06
8	5.83728e-06
9	5.49333e-06
10	5.2122e-06
11	4.91979e-06
12	4.60726e-06
13	4.29221e-06
14	3.98491e-06
15	3.69183e-06
16	3.42158e-06
17	3.17757e-06
18	2.95852e-06
19	2.76319e-06
20	2.58753e-06
21	2.42652e-06
22	2.27998e-06
23	2.1481e-06
24	2.02721e-06
25	1.91775e-06
26	1.81465e-06
27	1.72015e-06
28	1.63165e-06
29	1.5523e-06
30	1.47786e-06
31	1.41154e-06
32	1.34839e-06
33	1.28897e-06
34	1.23266e-06
35	1.17914e-06
36	1.1282e-06
37	1.07835e-06
38	1.03115e-06
39	9.8745e-07
40	9.45716e-07
41	9.06005e-07
42	8.67063e-07
43	8.30087e-07
44	7.93474e-07
45	7.59371e-07
46	7.26421e-07
47	6.9604e-07
48	6.66858e-07
49	6.39901e-07
50	6.14116e-07
51	5.90709e-07
52	5.68567e-07
53	5.48802e-07
54	5.30628e-07
55	5.15017e-07
56	5.00771e-07
57	4.88646e-07
58	4.76333e-07
59	4.66093e-07
60	4.55706e-07
61	4.46431e-07
62	4.3739e-07
63	4.29313e-07
64	4.21382e-07
65	4.14065e-07
66	4.06725e-07
67	3.99957e-07
68	3.93253e-07
69	3.87176e-07
70	3.80762e-07
71	3.74838e-07
72	3.68542e-07
73	3.62549e-07
74	3.56187e-07
75	3.49936e-07
76	3.43716e-07
77	3.37671e-07
78	3.31686e-07
79	3.25891e-07
80	3.20005e-07
81	3.13981e-07
82	3.0773e-07
83	3.01338e-07
84	2.94712e-07
85	2.87846e-07
86	2.80844e-07
87	2.73815e-07
88	2.66668e-07
89	2.59551e-07
90	2.52477e-07
91	2.45814e-07
92	2.39268e-07
93	2.32793e-07
94	2.26519e-07
95	2.20527e-07
96	2.14694e-07
97	2.08887e-07
98	2.03157e-07
99	1.97424e-07
100	1.91897e-07
101	1.86197e-07
102	1.80838e-07
103	1.75581e-07
104	1.7062e-07
105	1.659e-07
106	1.61315e-07
107	1.56937e-07
108	1.52713e-07
109	1.48624e-07
110	1.44781e-07
111	1.4101e-07
112	1.37378e-07
113	1.33801e-07
114	1.30317e-07
115	1.26877e-07
116	1.23538e-07
117	1.20329e-07
118	1.17295e-07
119	1.14337e-07
120	1.11547e-07
121	1.08903e-07
122	1.06352e-07
123	1.03897e-07
124	1.0157e-07
125	9.9307e-08
126	9.70257e-08
127	9.48295e-08
128	9.27249e-08
129	9.06438e-08
130	8.85682e-08
131	8.64643e-08
132	8.43996e-08
133	8.22813e-08
134	8.02467e-08
135	7.82331e-08
136	7.63179e-08
137	7.44717e-08
138	7.27196e-08
139	7.10191e-08
140	6.9424e-08
141	6.78893e-08
142	6.63829e-08
143	6.49631e-08
144	6.36049e-08
145	6.22675e-08
146	6.09971e-08
147	5.97606e-08
148	5.85622e-08
149	5.74611e-08
150	5.64022e-08
151	5.53672e-08
152	5.44157e-08
153	5.35076e-08
154	5.26414e-08
155	5.18014e-08
156	5.09444e-08
157	5.01291e-08
158	4.93296e-08
159	4.85476e-08
160	4.77381e-08
161	4.69847e-08
162	4.62052e-08
163	4.54863e-08
164	4.47893e-08
165	4.4042e-08
166	4.33188e-08
167	4.26497e-08
168	4.19536e-08
169	4.12554e-08
170	4.05303e-08
171	3.98749e-08
172	3.91789e-08
173	3.85913e-08
174	3.79324e-08
175	3.72678e-08
176	3.66891e-08
177	3.61189e-08
178	3.55371e-08
179	3.49467e-08
180	3.43387e-08
181	3.3778e-08
182	3.32406e-08
183	3.27303e-08
184	3.21383e-08
185	3.15981e-08
186	3.10464e-08
187	3.05272e-08
188	2.99965e-08
189	2.94124e-08
190	2.889e-08
191	2.84002e-08
192	2.79051e-08
193	2.74278e-08
194	2.69141e-08
195	2.64433e-08
196	2.5984e-08
197	2.55882e-08
198	2.51373e-08
199	2.46417e-08
200	2.42501e-08
201	2.38194e-08
202	2.33745e-08
203	2.29763e-08
204	2.2492e-08
205	2.20669e-08
206	2.1664e-08
207	2.12484e-08
208	2.08455e-08
209	2.04151e-08
210	2.00319e-08
211	1.96689e-08
212	1.93242e-08
213	1.89369e-08
214	1.85394e-08
215	1.82332e-08
216	1.78585e-08
217	1.75233e-08
218	1.72039e-08
219	1.68477e-08
220	1.65566e-08
221	1.62585e-08
222	1.59661e-08
223	1.56582e-08
224	1.53679e-08
225	1.51318e-08
226	1.48415e-08
227	1.46168e-08
228	1.43518e-08
229	1.40373e-08
230	1.38804e-08
231	1.36389e-08
232	1.33847e-08
233	1.31808e-08
234	1.28945e-08
235	1.27549e-08
236	1.25578e-08
237	1.23333e-08
238	1.21191e-08
239	1.18802e-08
240	1.17681e-08
241	1.15621e-08
242	1.13779e-08
243	1.11754e-08
244	1.09318e-08
245	1.08383e-08
246	1.0659e-08
247	1.04994e-08
248	1.03325e-08
249	1.01038e-08
250	1.00122e-08
251	9.88671e-09
252	9.76011e-09
253	9.57722e-09
254	9.41871e-09
255	9.29479e-09
256	9.14761e-09
257	9.0386e-09
258	8.86678e-09
259	8.64894e-09
260	8.54883e-09
261	8.43429e-09
262	8.2829e-09
263	8.15607e-09
264	7.9704e-09
265	7.85377e-09
266	7.7692e-09
267	7.61409e-09
268	7.48631e-09
269	7.3216e-09
270	7.23377e-09
271	7.11772e-09
272	6.98013e-09
273	6.88967e-09
274	6.69001e-09
275	6.62887e-09
276	6.51833e-09
277	6.37986e-09
278	6.34133e-09
279	6.19069e-09
280	6.07619e-09
281	6.07564e-09
282	5.95177e-09
283	5.88402e-09
284	5.77684e-09
285	5.63584e-09
286	5.64868e-09
287	5.55736e-09
288	5.50448e-09
289	5.38133e-09
290	5.26421e-09
291	5.28482e-09
292	5.13787e-09
293	5.12581e-09
294	5.04162e-09
295	4.8995e-09
296	4.9348e-09
297	4.76685e-09
298	4.77268e-09
299	4.72723e-09
300	4.58366e-09
301	4.57302e-09
302	4.4894e-09
303	4.47978e-09
304	4.43888e-09
305	4.34236e-09
306	4.32979e-09
307	4.29198e-09
308	4.19775e-09
309	4.17873e-09
310	4.05468e-09
311	4.05018e-09
312	4.01895e-09
313	3.84996e-09
314	3.87925e-09
315	3.76081e-09
316	3.74391e-09
317	3.74759e-09
318	3.59182e-09
319	3.61607e-09
320	3.54544e-09
321	3.52408e-09
322	3.50869e-09
323	3.45108e-09
324	3.45351e-09
325	3.37151e-09
326	3.38899e-09
327	3.39051e-09
328	3.29657e-09
329	3.29671e-09
330	3.24708e-09
331	3.21457e-09
332	3.28252e-09
333	3.18607e-09
334	3.17521e-09
335	3.17349e-09
336	3.11997e-09
337	3.18789e-09
338	3.07306e-09
339	3.10129e-09
340	3.03915e-09
341	3.00301e-09
342	3.10025e-09
343	2.94509e-09
344	3.04221e-09
345	2.9645e-09
346	2.87873e-09
347	3.0526e-09
348	2.89368e-09
349	2.931e-09
350	2.91772e-09
351	2.83686e-09
352	3.00325e-09
353	2.93192e-09
354	2.89139e-09
355	2.87494e-09
356	2.81831e-09
357	2.94481e-09
358	2.85166e-09
359	2.80903e-09
360	2.8169e-09
361	2.68555e-09
362	2.80242e-09
363	2.7857e-09
364	2.65741e-09
365	2.74098e-09
366	2.64827e-09
367	2.67268e-09
368	2.75394e-09
369	2.62517e-09
370	2.66272e-09
371	2.60962e-09
372	2.61246e-09
373	2.68705e-09
374	2.5782e-09
375	2.58973e-09
376	9.95419e-09
377	2.62254e-09
378	2.64949e-09
379	2.53228e-09
380	2.56834e-09
381	2.54665e-09
382	9.68953e-09
383	2.763e-09
384	2.57413e-09
385	9.87212e-09
386	2.68061e-09
387	9.51936e-09
388	2.71917e-09
389	9.96771e-09
390	2.59422e-09
391	9.96878e-09
392	9.56186e-09
393	2.69295e-09
394	9.85021e-09
395	9.88246e-09
396	2.59753e-09
397	9.21147e-09
398	2.59739e-09
399	9.90766e-09
400	9.8393e-09
401	2.56548e-09
402	9.47196e-09
403	9.84403e-09
404	2.64592e-09
405	9.70047e-09
406	2.55304e-09
407	9.81381e-09
408	9.78107e-09
409	2.61769e-09
410	9.64007e-09
411	9.87655e-09
412	2.56471e-09
413	9.20706e-09
414	2.56808e-09
415	9.548e-09
416	9.65702e-09
417	9.75296e-09
418	9.07786e-09
419	9.83959e-09
420	9.81736e-09
421	9.49455e-09
422	9.65697e-09
423	9.11808e-09
424	9.67081e-09
425	9.8367e-09
426	9.50098e-09
427	9.58822e-09
428	9.28949e-09
429	9.67598e-09
430	9.76646e-09
431	9.61708e-09
432	9.70173e-09
433	9.36734e-09
434	9.57668e-09
435	9.87779e-09
436	9.69416e-09
437	9.7398e-09
438	9.55599e-09
439	9.4229e-09
440	9.87114e-09
441	9.58569e-09
442	9.49724e-09
443	9.50935e-09
444	9.32055e-09
445	9.71633e-09
446	9.5936e-09
447	9.49489e-09
448	9.59233e-09
449	9.33338e-09
450	9.73672e-09
451	9.82744e-09
452	9.65318e-09
453	9.66521e-09
454	9.32923e-09
455	9.69938e-09
456	9.85488e-09
457	9.42638e-09
458	9.47653e-09
459	9.11703e-09
460	9.29553e-09
461	9.55029e-09
462	9.16225e-09
463	9.10907e-09
464	8.77897e-09
465	8.8368e-09
466	9.02297e-09
467	8.82399e-09
468	8.76111e-09
469	8.3923e-09
470	8.59566e-09
471	8.77129e-09
472	8.65834e-09
473	8.59589e-09
474	8.3951e-09
475	8.59783e-09
476	8.64723e-09
477	8.86201e-09
478	8.82589e-09
479	8.75069e-09
480	8.78546e-09
481	8.86854e-09
482	9.12708e-09
483	9.02077e-09
484	9.01593e-09
485	8.98608e-09
486	9.00565e-09
487	9.31222e-09
488	9.10962e-09
489	9.02314e-09
490	8.93289e-09
491	8.99546e-09
492	9.1107e-09
493	8.90588e-09
494	8.8839e-09
495	8.7949e-09
496	8.9349e-09
497	8.97943e-09
498	8.91316e-09
499	8.85452e-09
500	8.73488e-09
501	8.9377e-09
502	8.72766e-09
503	8.75965e-09
504	8.75047e-09
505	8.38756e-09
506	8.64616e-09
507	8.44499e-09
508	8.3716e-09
509	8.32782e-09
510	8.09517e-09
511	8.26106e-09
512	8.12918e-09
513	8.183e-09
514	8.09771e-09
515	7.87947e-09
516	8.09217e-09
517	7.85155e-09
518	7.87683e-09
519	7.95204e-09
520	7.62876e-09
521	7.9184e-09
522	7.83017e-09
523	7.79859e-09
524	8.07594e-09
525	7.7169e-09
526	8.03438e-09
527	8.04039e-09
528	7.91143e-09
529	8.13176e-09
530	7.87099e-09
531	8.2083e-09
532	8.13191e-09
533	8.05479e-09
534	8.36621e-09
535	8.0312e-09
536	8.26492e-09
537	8.35401e-09
538	8.01685e-09
539	8.30808e-09
540	8.13474e-09
541	8.13318e-09
542	8.35221e-09
543	8.11924e-09
544	8.19697e-09
545	8.35816e-09
546	8.34703e-09
547	8.54316e-09
548	8.4396e-09
549	8.35302e-09
550	8.5895e-09
551	8.45338e-09
552	8.65555e-09
553	8.45902e-09
554	8.27194e-09
555	8.49872e-09
556	8.2391e-09
557	8.45955e-09
558	8.30235e-09
559	8.11776e-09
560	8.31699e-09
561	8.04183e-09
562	8.38998e-09
563	8.19844e-09
564	8.0372e-09
565	8.1557e-09
566	7.90308e-09
567	8.36473e-09
568	8.13395e-09
569	8.1884e-09
570	8.26706e-09
571	7.94536e-09
572	8.60646e-09
573	8.37061e-09
574	8.36729e-09
575	8.50938e-09
576	8.22929e-09
577	8.8121e-09
578	8.682e-09
579	8.71465e-09
580	8.70142e-09
581	8.5703e-09
582	9.07313e-09
583	8.95433e-09
584	8.91144e-09
585	8.85829e-09
586	8.77272e-09
587	9.19628e-09
588	9.10804e-09
589	8.89288e-09
590	9.00028e-09
591	8.93323e-09
592	9.15255e-09
593	9.3241e-09
594	9.08749e-09
595	9.15168e-09
596	9.02852e-09
597	9.20209e-09
598	9.44522e-09
599	9.21915e-09
600	9.23021e-09
601	8.96134e-09
602	9.05368e-09
603	9.39066e-09
604	9.03533e-09
605	9.07667e-09
606	8.90863e-09
607	8.79125e-09
608	9.35966e-09
609	8.93769e-09
610	8.82888e-09
611	8.87138e-09
612	8.61729e-09
613	9.1987e-09
614	8.8801e-09
615	8.89853e-09
616	8.91929e-09
617	8.56033e-09
618	9.28281e-09
619	8.88851e-09
620	8.98343e-09
621	9.11857e-09
622	8.60458e-09
623	9.31224e-09
624	9.26718e-09
625	9.17479e-09
626	9.33957e-09
627	8.95002e-09
628	9.42902e-09
629	9.54342e-09
630	9.22935e-09
631	9.41789e-09
632	9.1643e-09
633	9.35741e-09
634	9.63923e-09
635	9.32101e-09
636	9.35996e-09
637	9.13083e-09
638	9.29223e-09
639	9.71988e-09
640	9.36914e-09
641	9.35371e-09
642	9.23358e-09
643	9.16289e-09
644	9.8133e-09
645	9.44203e-09
646	9.37031e-09
647	9.43531e-09
648	9.0276e-09
649	9.65077e-09
650	9.39348e-09
651	9.29041e-09
652	9.29975e-09
653	8.76797e-09
654	9.41516e-09
655	9.11449e-09
656	9.04558e-09
657	9.12258e-09
658	8.50827e-09
659	9.22335e-09
660	9.06064e-09
661	8.94217e-09
662	9.04642e-09
663	8.56109e-09
664	9.09231e-09
665	9.14678e-09
666	8.84461e-09
667	8.98115e-09
668	8.70927e-09
669	8.96148e-09
670	9.427e-09
671	8.98568e-09
672	9.01621e-09
673	8.96824e-09
674	8.95119e-09
675	9.43511e-09
676	9.02764e-09
677	9.05452e-09
678	9.11864e-09
679	8.75451e-09
680	9.34077e-09
681	9.07467e-09
682	8.89729e-09
683	9.02987e-09
684	8.54259e-09
685	9.14354e-09
686	8.962e-09
687	8.83476e-09
688	8.92358e-09
689	8.34421e-09
690	9.11573e-09
691	8.98567e-09
692	8.94429e-09
693	9.08278e-09
694	8.44065e-09
695	9.21833e-09
696	9.24956e-09
697	9.00128e-09
698	9.08965e-09
699	8.68544e-09
700	9.03552e-09
701	9.26052e-09
702	8.88586e-09
703	8.91784e-09
704	8.80276e-09
705	8.86033e-09
706	9.20717e-09
707	8.86888e-09
708	8.88145e-09
709	8.90981e-09
710	8.67137e-09
711	9.2502e-09
712	8.91998e-09
713	8.8756e-09
714	9.05034e-09
715	8.5828e-09
716	9.25027e-09
717	9.08583e-09
718	8.82841e-09
719	9.05861e-09
720	8.53764e-09
721	9.2245e-09
722	9.24146e-09
723	8.94967e-09
724	8.97567e-09
725	8.51837e-09
726	9.16859e-09
727	9.25173e-09
728	8.96543e-09
729	9.06473e-09
730	8.67975e-09
731	9.08398e-09
732	9.25745e-09
733	9.07685e-09
734	9.13452e-09
735	9.0252e-09
736	9.0874e-09
737	9.49188e-09
738	9.37598e-09
739	9.30618e-09
740	9.39816e-09
741	9.28388e-09
742	9.69096e-09
743	9.47098e-09
744	9.3736e-09
745	9.42935e-09
746	9.11764e-09
747	9.57653e-09
748	9.34107e-09
749	9.1181e-09
750	9.15372e-09
751	8.67135e-09
752	9.20742e-09
753	9.06418e-09
754	8.69409e-09
755	8.83926e-09
756	8.3741e-09
757	8.75583e-09
758	8.92675e-09
759	8.52617e-09
760	8.5153e-09
761	8.23292e-09
762	8.49301e-09
763	8.72209e-09
764	8.46443e-09
765	8.40131e-09
766	8.24118e-09
767	8.46637e-09
768	8.7088e-09
769	8.52018e-09
770	8.48392e-09
771	8.48171e-09
772	8.34063e-09
773	8.72187e-09
774	8.74223e-09
775	8.55812e-09
776	8.53862e-09
777	8.36429e-09
778	8.65073e-09
779	8.73836e-09
780	8.51865e-09
781	8.44187e-09
782	8.4733e-09
783	8.72028e-09
784	8.70268e-09
785	8.56084e-09
786	8.52759e-09
787	8.52572e-09
788	8.7344e-09
789	8.77407e-09
790	8.58834e-09
791	8.6528e-09
792	8.59031e-09
793	8.74835e-09
794	8.92398e-09
795	8.67428e-09
796	8.64873e-09
797	8.51966e-09
798	8.60444e-09
799	8.79403e-09
800	8.58565e-09
801	8.50521e-09
802	8.25977e-09
803	8.3563e-09
804	8.62086e-09
805	8.38876e-09
806	8.23429e-09
807	8.02086e-09
808	8.2451e-09
809	8.30532e-09
810	8.32635e-09
811	8.17511e-09
812	7.92405e-09
813	8.23235e-09
814	8.08146e-09
815	8.3285e-09
816	8.27079e-09
817	8.04629e-09
818	8.32005e-09
819	8.21752e-09
820	8.51193e-09
821	8.42799e-09
822	8.28376e-09
823	8.48236e-09
824	8.33044e-09
825	8.60517e-09
826	8.46622e-09
827	8.38123e-09
828	8.55359e-09
829	8.36955e-09
830	8.60094e-09
831	8.66824e-09
832	8.44745e-09
833	8.59856e-09
834	8.69845e-09
835	8.66761e-09
836	8.87215e-09
837	8.72853e-09
838	8.64873e-09
839	9.01826e-09
840	8.84373e-09
841	8.92308e-09
842	8.93736e-09
843	8.68636e-09
844	9.01247e-09
845	8.7835e-09
846	8.86891e-09
847	8.76853e-09
848	8.53658e-09
849	8.86456e-09
850	8.48943e-09
851	8.64229e-09
852	8.59839e-09
853	8.19435e-09
854	8.57743e-09
855	8.30638e-09
856	8.31735e-09
857	8.55603e-09
858	8.10237e-09
859	8.42745e-09
860	8.46087e-09
861	8.27451e-09
862	8.60999e-09
863	8.35574e-09
864	8.67539e-09
865	8.70003e-09
866	8.59648e-09
867	8.92463e-09
868	8.56501e-09
869	8.89825e-09
870	8.86315e-09
871	8.65798e-09
872	9.04111e-09
873	8.76973e-09
874	8.90173e-09
875	8.97705e-09
876	8.69268e-09
877	8.85459e-09
878	8.76632e-09
879	8.84202e-09
880	8.90997e-09
881	8.68936e-09
882	8.77178e-09
883	8.84718e-09
884	8.89045e-09
885	9.0201e-09
886	8.90699e-09
887	8.95661e-09
888	9.16313e-09
889	9.0041e-09
890	9.23347e-09
891	9.08306e-09
892	8.9649e-09
893	9.22032e-09
894	9.05189e-09
895	9.27915e-09
896	9.09134e-09
897	8.92149e-09
898	9.19175e-09
899	8.92376e-09
900	9.18501e-09
901	8.97098e-09
902	8.84703e-09
903	8.98365e-09
904	8.72e-09
905	9.10046e-09
906	8.9197e-09
907	8.84438e-09
908	8.88764e-09
909	8.63589e-09
910	9.08237e-09
911	8.94208e-09
912	8.84748e-09
913	8.82001e-09
914	8.57579e-09
915	9.13436e-09
916	8.88368e-09
917	8.8531e-09
918	8.7869e-09
919	8.47031e-09
920	9.18097e-09
921	8.8332e-09
922	8.72729e-09
923	8.85293e-09
924	8.50586e-09
925	9.10525e-09
926	8.88919e-09
927	8.84152e-09
928	8.95865e-09
929	8.61016e-09
930	9.11707e-09
931	9.08109e-09
932	8.97679e-09
933	9.15213e-09
934	8.79973e-09
935	9.14816e-09
936	9.38996e-09
937	9.09053e-09
938	9.24177e-09
939	8.99607e-09
940	9.11292e-09
941	9.45257e-09
942	9.02787e-09
943	9.01049e-09
944	8.82849e-09
945	8.8105e-09
946	9.18068e-09
947	8.84689e-09
948	8.76582e-09
949	8.55742e-09
950	8.44468e-09
951	9.05864e-09
952	8.56278e-09
953	8.61994e-09
954	8.64882e-09
955	8.12226e-09
956	8.93167e-09
957	8.59989e-09
958	8.57735e-09
959	8.76657e-09
960	8.15903e-09
961	8.99061e-09
962	8.84746e-09
963	8.78924e-09
964	9.00774e-09
965	8.4543e-09
966	9.15575e-09
967	9.15077e-09
968	9.00629e-09
969	9.10133e-09
970	8.68234e-09
971	9.15517e-09
972	9.359e-09
973	8.95442e-09
974	9.06624e-09
975	8.84526e-09
976	9.01534e-09
977	9.46845e-09
978	8.98882e-09
979	9.01207e-09
980	9.06437e-09
981	8.89956e-09
982	9.45566e-09
983	9.14964e-09
984	9.17211e-09
985	9.19268e-09
986	8.77986e-09
987	9.47752e-09
988	9.21133e-09
989	9.05897e-09
990	9.15703e-09
991	8.59107e-09
992	9.32935e-09
993	9.08896e-09
994	8.8676e-09
995	9.01438e-09
996	8.39357e-09
997	9.06567e-09
998	8.91892e-09
999	8.74775e-09
1000	8.84609e-09
1001	8.28689e-09
1002	8.78889e-09
1003	8.87933e-09
1004	8.53081e-09
1005	8.55631e-09
1006	8.2846e-09
1007	8.57615e-09
1008	8.93139e-09
1009	8.46003e-09
1010	8.59259e-09
1011	8.65357e-09
1012	8.47726e-09
1013	9.05169e-09
1014	8.71774e-09
1015	8.67341e-09
1016	8.86888e-09
1017	8.46232e-09
1018	9.04715e-09
1019	8.82091e-09
1020	8.61967e-09
1021	8.7036e-09
1022	8.19849e-09
1023	8.91616e-09
1024	8.69205e-09
1025	8.45305e-09
1026	8.59569e-09
1027	7.97957e-09
1028	8.71167e-09
1029	8.66451e-09
1030	8.37502e-09
1031	8.54887e-09
1032	8.11241e-09
1033	8.64454e-09
1034	8.82377e-09
1035	8.61735e-09
1036	8.67138e-09
1037	8.49255e-09
1038	8.69603e-09
1039	8.87765e-09
1040	8.6433e-09
1041	8.62829e-09
1042	8.56571e-09
1043	8.52769e-09
1044	8.93816e-09
1045	8.57537e-09
1046	8.57724e-09
1047	8.71001e-09
1048	8.31822e-09
1049	8.90844e-09
1050	8.62822e-09
1051	8.45271e-09
1052	8.69405e-09
1053	8.17041e-09
1054	8.76189e-09
1055	8.75037e-09
1056	8.45361e-09
1057	8.53411e-09
1058	8.12071e-09
1059	8.7962e-09
1060	8.82306e-09
1061	8.52927e-09
1062	8.65256e-09
1063	8.3256e-09
1064	8.83689e-09
1065	8.96405e-09
1066	8.68614e-09
1067	8.80003e-09
1068	8.57237e-09
1069	8.65962e-09
1070	8.94974e-09
1071	8.83063e-09
1072	8.75638e-09
1073	8.73433e-09
1074	8.64618e-09
1075	9.02385e-09
1076	8.96261e-09
1077	8.81214e-09
1078	8.85533e-09
1079	8.76039e-09
1080	9.17345e-09
1081	8.97866e-09
1082	8.93737e-09
1083	9.01289e-09
1084	8.73121e-09
1085	9.27132e-09
1086	9.11127e-09
1087	8.96663e-09
1088	9.13411e-09
1089	8.76282e-09
1090	9.1496e-09
1091	9.23159e-09
1092	8.88801e-09
1093	8.95356e-09
1094	8.77404e-09
1095	9.07974e-09
1096	9.29301e-09
1097	9.00909e-09
1098	8.92769e-09
1099	8.68964e-09
1100	8.96375e-09
1101	9.24468e-09
1102	8.90232e-09
1103	8.91299e-09
1104	8.73676e-09
1105	8.79386e-09
1106	9.13255e-09
1107	9.03391e-09
1108	8.94832e-09
1109	8.80914e-09
1110	8.80868e-09
1111	9.12516e-09
1112	9.28846e-09
1113	9.08441e-09
1114	8.9903e-09
1115	9.04911e-09
1116	9.25337e-09
1117	9.38112e-09
1118	9.18232e-09
1119	9.09662e-09
1120	9.20333e-09
1121	9.28349e-09
1122	9.45677e-09
1123	9.26589e-09
1124	9.20417e-09
1125	9.33744e-09
1126	9.37147e-09
1127	9.50451e-09
1128	9.34664e-09
1129	9.29953e-09
1130	9.42162e-09
1131	9.48808e-09
1132	9.57529e-09
1133	9.37674e-09
1134	9.39868e-09
1135	9.24019e-09
1136	9.26031e-09
1137	9.40149e-09
1138	9.21963e-09
1139	9.16977e-09
1140	9.00841e-09
1141	9.09793e-09
1142	9.21755e-09
1143	9.16851e-09
1144	9.05593e-09
1145	8.81161e-09
1146	9.09504e-09
1147	9.00505e-09
1148	9.01571e-09
1149	8.93924e-09
1150	8.56513e-09
1151	8.99448e-09
1152	8.84271e-09
1153	8.89081e-09
1154	8.85056e-09
1155	8.54594e-09
1156	8.93312e-09
1157	8.70834e-09
1158	8.88477e-09
1159	8.90316e-09
1160	8.71144e-09
1161	8.99724e-09
1162	8.6583e-09
1163	8.96932e-09
1164	8.99588e-09
1165	8.64819e-09
1166	8.85662e-09
1167	8.77785e-09
1168	8.82899e-09
1169	8.95289e-09
1170	8.65466e-09
1171	8.73564e-09
1172	8.86632e-09
1173	8.67877e-09
1174	8.72233e-09
1175	8.6e-09
1176	8.60503e-09
1177	8.76575e-09
1178	8.48664e-09
1179	8.69506e-09
1180	8.5658e-09
1181	8.44669e-09
1182	8.74393e-09
1183	8.32668e-09
1184	8.50217e-09
1185	8.43476e-09
1186	8.13788e-09
1187	8.50092e-09
1188	8.22499e-09
1189	8.14137e-09
1190	8.40539e-09
1191	8.05606e-09
1192	8.30254e-09
1193	8.2164e-09
1194	8.03188e-09
1195	8.33876e-09
1196	8.12094e-09
1197	8.22829e-09
1198	8.2713e-09
1199	8.01571e-09
1200	8.26259e-09
1201	7.99424e-09
1202	8.25441e-09
1203	8.21631e-09
1204	7.93614e-09
1205	8.26456e-09
1206	8.11552e-09
1207	8.4357e-09
1208	8.36868e-09
1209	8.2541e-09
1210	8.40681e-09
1211	8.26914e-09
1212	8.69392e-09
1213	8.44656e-09
1214	8.53816e-09
1215	8.57844e-09
1216	8.32082e-09
1217	8.88658e-09
1218	8.52992e-09
1219	8.52961e-09
1220	8.50694e-09
1221	8.29216e-09
1222	8.77173e-09
1223	8.58077e-09
1224	8.62742e-09
1225	8.5321e-09
1226	8.41978e-09
1227	8.91371e-09
1228	8.84564e-09
1229	8.70806e-09
1230	8.67464e-09
1231	8.65569e-09
1232	8.9204e-09
1233	8.97033e-09
1234	8.75727e-09
1235	8.78929e-09
1236	8.69065e-09
1237	8.84576e-09
1238	8.99686e-09
1239	8.74671e-09
1240	8.77149e-09
1241	8.63459e-09
1242	8.71507e-09
1243	8.94409e-09
1244	8.68628e-09
1245	8.71923e-09
1246	8.43373e-09
1247	8.50965e-09
1248	8.84774e-09
1249	8.40939e-09
1250	8.47842e-09
1251	8.32722e-09
1252	8.18759e-09
1253	8.79681e-09
1254	8.41634e-09
1255	8.38946e-09
1256	8.38605e-09
1257	8.11449e-09
1258	8.85515e-09
1259	8.427e-09
1260	8.45784e-09
1261	8.54578e-09
1262	8.09702e-09
1263	8.84888e-09
1264	8.58305e-09
1265	8.54854e-09
1266	8.70475e-09
1267	8.2307e-09
1268	8.83983e-09
1269	8.78617e-09
1270	8.50391e-09
1271	8.70847e-09
1272	8.3527e-09
1273	8.58279e-09
1274	8.89792e-09
1275	8.56548e-09
1276	8.67017e-09
1277	8.52745e-09
1278	8.68086e-09
1279	8.98668e-09
1280	8.65512e-09
1281	8.60098e-09
1282	8.30882e-09
1283	8.4037e-09
1284	8.85288e-09
1285	8.35858e-09
1286	8.34055e-09
1287	8.29227e-09
1288	7.99494e-09
1289	8.6594e-09
1290	8.25302e-09
1291	8.14162e-09
1292	8.24618e-09
1293	7.77146e-09
1294	8.36994e-09
1295	8.16775e-09
1296	8.12114e-09
1297	8.22265e-09
1298	7.72062e-09
1299	8.45566e-09
1300	8.32355e-09
1301	8.34404e-09
1302	8.48556e-09
1303	8.12362e-09
1304	8.7358e-09
1305	8.77497e-09
1306	8.49546e-09
1307	8.71758e-09
1308	8.42975e-09
1309	8.67111e-09
1310	9.12514e-09
1311	8.68884e-09
1312	8.74245e-09
1313	8.61434e-09
1314	8.65052e-09
1315	9.16643e-09
1316	8.71879e-09
1317	8.65866e-09
1318	8.68168e-09
1319	8.4756e-09
1320	9.12866e-09
1321	8.75339e-09
1322	8.72634e-09
1323	8.79449e-09
1324	8.3337e-09
1325	9.11403e-09
1326	8.93092e-09
1327	8.79479e-09
1328	8.9356e-09
1329	8.33623e-09
1330	9.02119e-09
1331	8.87677e-09
1332	8.76753e-09
1333	8.84882e-09
1334	8.32089e-09
1335	8.91304e-09
1336	8.93055e-09
1337	8.75886e-09
1338	8.82787e-09
1339	8.4111e-09
1340	8.91248e-09
1341	9.14156e-09
1342	8.7018e-09
1343	8.84169e-09
1344	8.69025e-09
1345	8.80599e-09
1346	9.38368e-09
1347	8.89797e-09
1348	8.94933e-09
1349	9.02928e-09
1350	8.8131e-09
1351	9.43676e-09
1352	9.20958e-09
1353	9.12325e-09
1354	9.23228e-09
1355	8.92349e-09
1356	9.62795e-09
1357	9.37292e-09
1358	9.25464e-09
1359	9.44207e-09
1360	8.89459e-09
1361	9.63594e-09
1362	9.48324e-09
1363	9.25168e-09
1364	9.43106e-09
1365	8.86074e-09
1366	9.49433e-09
1367	9.47867e-09
1368	9.34828e-09
1369	9.3446e-09
1370	8.97414e-09
1371	9.52424e-09
1372	9.62892e-09
1373	9.4444e-09
1374	9.53089e-09
1375	9.34055e-09
1376	9.67868e-09
1377	2.57551e-09
1378	9.24548e-09
1379	9.60508e-09
1380	9.62399e-09
1381	9.27836e-09
1382	9.81257e-09
1383	9.46913e-09
1384	9.3809e-09
1385	9.56879e-09
1386	9.14189e-09
1387	9.72802e-09
1388	9.568e-09
1389	9.33112e-09
1390	9.46501e-09
1391	9.03176e-09
1392	9.69131e-09
1393	9.50853e-09
1394	9.25056e-09
1395	9.36026e-09
1396	8.79634e-09
1397	9.54931e-09
1398	9.55105e-09
1399	9.2764e-09
1400	9.42451e-09
1401	8.98357e-09
1402	9.56985e-09
1403	9.75771e-09
1404	9.54151e-09
1405	9.58682e-09
1406	9.40756e-09
1407	9.60701e-09
1408	9.84696e-09
1409	9.70784e-09
1410	9.6557e-09
1411	9.60844e-09
1412	9.62722e-09
1413	9.96149e-09
1414	9.63273e-09
1415	9.61664e-09
1416	9.66203e-09
1417	9.36498e-09
1418	9.89189e-09
1419	9.61733e-09
1420	9.48424e-09
1421	9.67876e-09
1422	9.22502e-09
1423	9.84746e-09
1424	9.72489e-09
1425	9.34518e-09
1426	9.44023e-09
1427	8.99454e-09
1428	9.41531e-09
1429	9.41855e-09
1430	9.07428e-09
1431	9.07641e-09
1432	8.66347e-09
1433	9.04334e-09
1434	9.18312e-09
1435	8.79426e-09
1436	8.80656e-09
1437	8.52969e-09
1438	8.69691e-09
1439	8.93413e-09
1440	8.6798e-09
1441	8.60646e-09
1442	8.48142e-09
1443	8.53136e-09
1444	8.76234e-09
1445	8.77012e-09
1446	8.72336e-09
1447	8.68996e-09
1448	8.61434e-09
1449	9.03381e-09
1450	9.04424e-09
1451	8.92766e-09
1452	8.90327e-09
1453	8.7951e-09
1454	9.14369e-09
1455	9.13432e-09
1456	8.95522e-09
1457	8.97501e-09
1458	8.94967e-09
1459	9.1651e-09
1460	9.12783e-09
1461	8.93173e-09
1462	8.87555e-09
1463	8.81896e-09
1464	9.04699e-09
1465	9.08616e-09
1466	8.88624e-09
1467	8.91796e-09
1468	8.74422e-09
1469	8.93995e-09
1470	9.1746e-09
1471	8.86303e-09
1472	8.93889e-09
1473	8.69165e-09
1474	8.69609e-09
1475	9.02774e-09
1476	8.79587e-09
1477	8.64603e-09
1478	8.39215e-09
1479	8.50873e-09
1480	8.63911e-09
1481	8.57228e-09
1482	8.41767e-09
1483	8.08117e-09
1484	8.35313e-09
1485	8.38495e-09
1486	8.41743e-09
1487	8.33422e-09
1488	8.07475e-09
1489	8.20845e-09
1490	8.14655e-09
1491	8.41696e-09
1492	8.23935e-09
1493	8.14091e-09
1494	8.32823e-09
1495	8.24349e-09
1496	8.60166e-09
1497	8.45988e-09
1498	8.40147e-09
1499	8.63611e-09
1500	8.42102e-09
1501	8.6817e-09
1502	8.63767e-09
1503	8.47432e-09
1504	8.63711e-09
1505	8.53361e-09
1506	8.58933e-09
1507	8.59862e-09
1508	8.40222e-09
1509	8.32961e-09
1510	8.39169e-09
1511	8.41472e-09
1512	8.43174e-09
1513	8.26157e-09
1514	8.09801e-09
1515	8.35495e-09
1516	8.17952e-09
1517	8.31271e-09
1518	8.19589e-09
1519	7.92087e-09
1520	8.39452e-09
1521	8.12133e-09
1522	8.19995e-09
1523	8.15126e-09
1524	7.83082e-09
1525	8.14928e-09
1526	7.80473e-09
1527	7.90329e-09
1528	7.90707e-09
1529	7.50709e-09
1530	7.85096e-09
1531	7.68699e-09
1532	7.67393e-09
1533	7.8316e-09
1534	7.37589e-09
1535	7.75285e-09
1536	7.67022e-09
1537	7.45146e-09
1538	7.78568e-09
1539	7.37897e-09
1540	7.66359e-09
1541	7.68953e-09
1542	7.47601e-09
1543	7.79551e-09
1544	7.5398e-09
1545	7.71977e-09
1546	7.82825e-09
1547	7.64803e-09
1548	7.90222e-09
1549	7.75883e-09
1550	7.95269e-09
1551	8.08082e-09
1552	7.73645e-09
1553	7.9412e-09
1554	7.9301e-09
1555	7.93292e-09
1556	8.13125e-09
1557	7.91255e-09
1558	7.95695e-09
1559	8.11412e-09
1560	8.00948e-09
1561	8.18275e-09
1562	8.03004e-09
1563	8.03803e-09
1564	8.22874e-09
1565	7.98896e-09
1566	8.331e-09
1567	8.20672e-09
1568	8.0726e-09
1569	8.43483e-09
1570	8.07744e-09
1571	8.42155e-09
1572	8.29454e-09
1573	8.05704e-09
1574	8.30344e-09
1575	7.9678e-09
1576	8.32049e-09
1577	8.27358e-09
1578	8.06329e-09
1579	8.14559e-09
1580	7.9295e-09
1581	8.33611e-09
1582	8.13272e-09
1583	8.14596e-09
1584	8.13093e-09
1585	7.8097e-09
1586	8.38639e-09
1587	8.20681e-09
1588	8.12894e-09
1589	8.19022e-09
1590	7.96648e-09
1591	8.46811e-09
1592	8.39002e-09
1593	8.36483e-09
1594	8.2989e-09
1595	8.32956e-09
1596	8.77518e-09
1597	8.68255e-09
1598	8.6578e-09
1599	8.69137e-09
1600	8.64189e-09
1601	9.01351e-09
1602	9.01617e-09
1603	8.78398e-09
1604	8.97876e-09
1605	8.89539e-09
1606	9.02436e-09
1607	9.28544e-09
1608	8.97166e-09
1609	9.02954e-09
1610	8.9299e-09
1611	9.08158e-09
1612	9.36867e-09
1613	9.12749e-09
1614	9.17813e-09
1615	9.02314e-09
1616	9.13897e-09
1617	9.51658e-09
1618	9.2184e-09
1619	9.29723e-09
1620	9.09561e-09
1621	8.96682e-09
1622	9.57833e-09
1623	9.16761e-09
1624	9.06292e-09
1625	9.10414e-09
1626	8.86218e-09
1627	9.48593e-09
1628	9.15454e-09
1629	9.09626e-09
1630	9.15996e-09
1631	8.73457e-09
1632	9.50059e-09
1633	9.21321e-09
1634	9.17786e-09
1635	9.37103e-09
1636	8.8053e-09
1637	9.46722e-09
1638	9.37734e-09
1639	9.24718e-09
1640	9.45537e-09
1641	9.04974e-09
1642	9.49646e-09
1643	9.73734e-09
1644	9.4479e-09
1645	9.58724e-09
1646	9.33392e-09
1647	9.56279e-09
1648	9.98739e-09
1649	9.59994e-09
1650	9.62883e-09
1651	9.50213e-09
1652	9.62017e-09
1653	2.63628e-09
1654	9.32204e-09
1655	9.60973e-09
1656	9.59982e-09
1657	9.30365e-09
1658	9.87318e-09
1659	9.49396e-09
1660	9.45005e-09
1661	9.53143e-09
1662	9.07482e-09
1663	9.75557e-09
1664	9.51929e-09
1665	9.42683e-09
1666	9.52948e-09
1667	9.01424e-09
1668	9.71724e-09
1669	9.40814e-09
1670	9.34908e-09
1671	9.4878e-09
1672	8.87055e-09
1673	9.45591e-09
1674	9.32932e-09
1675	9.16965e-09
1676	9.22824e-09
1677	8.74123e-09
1678	9.22158e-09
1679	9.36735e-09
1680	8.94782e-09
1681	8.97141e-09
1682	8.73954e-09
1683	8.85122e-09
1684	9.2591e-09
1685	8.81159e-09
1686	8.81951e-09
1687	8.83411e-09
1688	8.71218e-09
1689	9.21961e-09
1690	8.87661e-09
1691	8.93503e-09
1692	9.03768e-09
1693	8.65614e-09
1694	9.31122e-09
1695	9.09047e-09
1696	8.95175e-09
1697	9.15262e-09
1698	8.63932e-09
1699	9.33129e-09
1700	9.27754e-09
1701	9.02652e-09
1702	9.07507e-09
1703	8.53039e-09
1704	9.2363e-09
1705	9.05313e-09
1706	8.86283e-09
1707	8.92226e-09
1708	8.30581e-09
1709	8.93709e-09
1710	9.02915e-09
1711	8.78699e-09
1712	8.96328e-09
1713	8.69282e-09
1714	8.89241e-09
1715	9.21095e-09
1716	8.96426e-09
1717	8.9358e-09
1718	8.92175e-09
1719	8.89891e-09
1720	9.32282e-09
1721	8.98836e-09
1722	8.95557e-09
1723	9.03963e-09
1724	8.7203e-09
1725	9.25548e-09
1726	8.95273e-09
1727	8.86475e-09
1728	9.01203e-09
1729	8.47958e-09
1730	9.11539e-09
1731	8.9925e-09
1732	8.66631e-09
1733	8.80824e-09
1734	8.28474e-09
1735	8.86997e-09
1736	8.98614e-09
1737	8.60982e-09
1738	8.71966e-09
1739	8.37796e-09
1740	8.81106e-09
1741	8.9835e-09
1742	8.72899e-09
1743	8.77574e-09
1744	8.53791e-09
1745	8.82058e-09
1746	9.08933e-09
1747	8.97959e-09
1748	8.95488e-09
1749	8.89373e-09
1750	8.80605e-09
1751	9.18225e-09
1752	9.09133e-09
1753	8.92941e-09
1754	8.93002e-09
1755	8.72075e-09
1756	9.13836e-09
1757	8.98123e-09
1758	8.7905e-09
1759	8.80097e-09
1760	8.61111e-09
1761	8.99656e-09
1762	8.88886e-09
1763	8.76995e-09
1764	8.83912e-09
1765	8.60715e-09
1766	9.00968e-09
1767	8.9358e-09
1768	8.69784e-09
1769	8.72782e-09
1770	8.42314e-09
1771	8.67478e-09
1772	8.85482e-09
1773	8.52064e-09
1774	8.40856e-09
1775	8.21515e-09
1776	8.39847e-09
1777	8.5621e-09
1778	8.23565e-09
1779	8.18034e-09
1780	7.90869e-09
1781	8.00293e-09
1782	8.28316e-09
1783	8.1037e-09
1784	8.00729e-09
1785	7.82059e-09
1786	7.85573e-09
1787	8.10208e-09
1788	8.17384e-09
1789	7.95387e-09
1790	7.95312e-09
1791	8.04739e-09
1792	8.21936e-09
1793	8.40615e-09
1794	8.2346e-09
1795	8.18463e-09
1796	8.32708e-09
1797	8.38398e-09
1798	8.58766e-09
1799	8.39447e-09
1800	8.28367e-09
1801	8.43118e-09
1802	8.44127e-09
1803	8.52896e-09
1804	8.2864e-09
1805	8.25978e-09
1806	8.38259e-09
1807	8.30844e-09
1808	8.49822e-09
1809	8.372e-09
1810	8.32251e-09
1811	8.39359e-09
1812	8.44428e-09
1813	8.58684e-09
1814	8.51522e-09
1815	8.45071e-09
1816	8.26218e-09
1817	8.48438e-09
1818	8.54585e-09
1819	8.41933e-09
1820	8.32618e-09
1821	8.09716e-09
1822	8.31174e-09
1823	8.23853e-09
1824	8.27901e-09
1825	8.09783e-09
1826	7.77073e-09
1827	8.20202e-09
1828	7.97575e-09
1829	8.12372e-09
1830	8.02848e-09
1831	7.71433e-09
1832	8.17256e-09
1833	7.75939e-09
1834	7.92031e-09
1835	8.0442e-09
1836	7.72364e-09
1837	8.06176e-09
1838	7.83804e-09
1839	8.10447e-09
1840	8.28074e-09
1841	8.04605e-09
1842	8.2455e-09
1843	8.23905e-09
1844	8.39076e-09
1845	8.54405e-09
1846	8.28371e-09
1847	8.4832e-09
1848	8.61901e-09
1849	8.37283e-09
1850	8.67695e-09
1851	8.46567e-09
1852	8.39859e-09
1853	8.72478e-09
1854	8.35925e-09
1855	8.58779e-09
1856	8.58358e-09
1857	8.39216e-09
1858	8.78328e-09
1859	8.4474e-09
1860	8.60649e-09
1861	8.71392e-09
1862	8.51764e-09
1863	8.87916e-09
1864	8.66563e-09
1865	8.64971e-09
1866	8.899e-09
1867	8.57436e-09
1868	8.91349e-09
1869	8.79701e-09
1870	8.54574e-09
1871	8.90297e-09
1872	8.52492e-09
1873	8.64529e-09
1874	8.7123e-09
1875	8.38065e-09
1876	8.64442e-09
1877	8.42268e-09
1878	8.57668e-09
1879	8.52345e-09
1880	8.27073e-09
1881	8.53915e-09
1882	8.29564e-09
1883	8.63918e-09
1884	8.54056e-09
1885	8.39595e-09
1886	8.66942e-09
1887	8.55702e-09
1888	8.93417e-09
1889	8.75796e-09
1890	8.86632e-09
1891	8.9475e-09
1892	8.76187e-09
1893	9.31773e-09
1894	9.01216e-09
1895	9.15636e-09
1896	9.18008e-09
1897	8.92394e-09
1898	9.37804e-09
1899	9.26998e-09
1900	9.26148e-09
1901	9.19772e-09
1902	9.08221e-09
1903	9.46983e-09
1904	9.41032e-09
1905	9.25574e-09
1906	9.20124e-09
1907	9.14218e-09
1908	9.41969e-09
1909	9.46596e-09
1910	9.32526e-09
1911	9.38575e-09
1912	9.29123e-09
1913	9.47331e-09
1914	9.59124e-09
1915	9.29767e-09
1916	9.36154e-09
1917	9.12754e-09
1918	9.1714e-09
1919	9.44249e-09
1920	9.10137e-09
1921	9.08808e-09
1922	8.96433e-09
1923	8.96978e-09
1924	9.26881e-09
1925	8.9396e-09
1926	8.93364e-09
1927	8.70433e-09
1928	8.62383e-09
1929	9.12367e-09
1930	8.69357e-09
1931	8.74778e-09
1932	8.70973e-09
1933	8.35104e-09
1934	9.1528e-09
1935	8.73597e-09
1936	8.75077e-09
1937	8.96634e-09
1938	8.35261e-09
1939	9.13463e-09
1940	8.93894e-09
1941	8.85625e-09
1942	9.03965e-09
1943	8.47763e-09
1944	9.19035e-09
1945	9.01286e-09
1946	8.92078e-09
1947	9.067e-09
1948	8.55188e-09
1949	9.10224e-09
1950	9.10607e-09
1951	8.87345e-09
1952	9.04056e-09
1953	8.6539e-09
1954	8.95029e-09
1955	9.37371e-09
1956	8.99514e-09
1957	9.00459e-09
1958	8.97934e-09
1959	9.01652e-09
1960	9.43744e-09
1961	9.02587e-09
1962	9.00411e-09
1963	8.98061e-09
1964	8.70657e-09
1965	9.19566e-09
1966	8.91463e-09
1967	8.87793e-09
1968	8.879e-09
1969	8.27713e-09
1970	8.95766e-09
1971	8.71452e-09
1972	8.57775e-09
1973	8.68059e-09
1974	8.03377e-09
1975	8.79907e-09
1976	8.63366e-09
1977	8.43515e-09
1978	8.59609e-09
1979	8.00723e-09
1980	8.75032e-09
1981	8.76044e-09
1982	8.58592e-09
1983	8.71968e-09
1984	8.35226e-09
1985	8.85351e-09
1986	9.11878e-09
1987	8.80229e-09
1988	8.91541e-09
1989	8.81923e-09
1990	8.9084e-09
1991	9.35219e-09
1992	9.01079e-09
1993	9.02995e-09
1994	9.11053e-09
1995	8.86976e-09
1996	9.42176e-09
1997	9.13852e-09
1998	9.12176e-09
1999	9.23083e-09
2000	8.81725e-09
2001	9.47199e-09
2002	9.24793e-09
2003	9.09653e-09
2004	9.27225e-09
2005	8.61389e-09
2006	9.36337e-09
2007	9.32825e-09
2008	9.06111e-09
2009	9.03196e-09
2010	8.4302e-09
2011	9.03784e-09
2012	9.08984e-09
2013	8.72683e-09
2014	8.70519e-09
2015	8.30864e-09
2016	8.63649e-09
2017	8.75151e-09
2018	8.54155e-09
2019	8.52771e-09
2020	8.35438e-09
2021	8.34576e-09
2022	8.6639e-09
2023	8.43481e-09
2024	8.40785e-09
2025	8.413e-09
2026	8.26432e-09
2027	8.74916e-09
2028	8.44978e-09
2029	8.32666e-09
2030	8.55798e-09
2031	8.25236e-09
2032	8.7552e-09
2033	8.57072e-09
2034	8.41823e-09
2035	8.55921e-09
2036	8.18405e-09
2037	8.79645e-09
2038	8.71886e-09
2039	8.48716e-09
2040	8.62644e-09
2041	8.15456e-09
2042	8.70675e-09
2043	8.86623e-09
2044	8.47035e-09
2045	8.54663e-09
2046	8.25859e-09
2047	8.48473e-09
2048	8.7571e-09
2049	8.44474e-09
2050	8.32569e-09
2051	8.22088e-09
2052	8.3509e-09
2053	8.57732e-09
2054	8.51892e-09
2055	8.46224e-09
2056	8.4674e-09
2057	8.32572e-09
2058	8.66577e-09
2059	8.63374e-09
2060	8.5117e-09
2061	8.46035e-09
2062	8.27415e-09
2063	8.68461e-09
2064	8.68203e-09
2065	8.4166e-09
2066	8.47615e-09
2067	8.45498e-09
2068	8.66278e-09
2069	8.61227e-09
2070	8.43032e-09
2071	8.40097e-09
2072	8.36564e-09
2073	8.54618e-09
2074	8.52251e-09
2075	8.38429e-09
2076	8.39708e-09
2077	8.21804e-09
2078	8.46802e-09
2079	8.66018e-09
2080	8.41308e-09
2081	8.50766e-09
2082	8.33841e-09
2083	8.51917e-09
2084	8.85433e-09
2085	8.54174e-09
2086	8.53075e-09
2087	8.37427e-09
2088	8.46593e-09
2089	8.70633e-09
2090	8.67514e-09
2091	8.55547e-09
2092	8.2889e-09
2093	8.55802e-09
2094	8.59623e-09
2095	8.61977e-09
2096	8.5447e-09
2097	8.24427e-09
2098	8.50469e-09
2099	8.50339e-09
2100	8.70145e-09
2101	8.58905e-09
2102	8.50708e-09
2103	8.71735e-09
2104	8.67047e-09
2105	9.00763e-09
2106	8.8632e-09
2107	8.75361e-09
2108	8.92932e-09
2109	8.75143e-09
2110	9.00018e-09
2111	8.99224e-09
2112	8.88949e-09
2113	8.98396e-09
2114	8.87552e-09
2115	9.03331e-09
2116	9.0442e-09
2117	8.93718e-09
2118	8.96355e-09
2119	9.02819e-09
2120	9.06805e-09
2121	9.14048e-09
2122	8.96761e-09
2123	8.84987e-09
2124	9.16744e-09
2125	9.01808e-09
2126	9.12239e-09
2127	9.0642e-09
2128	8.80028e-09
2129	9.17586e-09
2130	8.95523e-09
2131	9.02138e-09
2132	9.03731e-09
2133	8.79373e-09
2134	9.15309e-09
2135	8.92898e-09
2136	9.06347e-09
2137	9.03989e-09
2138	8.80173e-09
2139	9.19746e-09
2140	8.86869e-09
2141	8.91441e-09
2142	9.0652e-09
2143	8.64241e-09
2144	9.02048e-09
2145	8.9028e-09
2146	8.71638e-09
2147	9.09554e-09
2148	8.75529e-09
2149	8.98174e-09
2150	9.0193e-09
2151	8.8743e-09
2152	9.18956e-09
2153	8.88281e-09
2154	9.11957e-09
2155	9.09959e-09
2156	8.93003e-09
2157	9.186e-09
2158	8.94033e-09
2159	9.06028e-09
2160	9.08225e-09
2161	8.76807e-09
2162	8.93818e-09
2163	8.76966e-09
2164	8.76549e-09
2165	8.89281e-09
2166	8.6422e-09
2167	8.64866e-09
2168	8.71395e-09
2169	8.58919e-09
2170	8.70046e-09
2171	8.60653e-09
2172	8.45975e-09
2173	8.62006e-09
2174	8.51282e-09
2175	8.68613e-09
2176	8.5356e-09
2177	8.46027e-09
2178	8.67261e-09
2179	8.51873e-09
2180	8.80606e-09
2181	8.59435e-09
2182	8.431e-09
2183	8.77831e-09
2184	8.57516e-09
2185	8.76082e-09
2186	8.64687e-09
2187	8.49717e-09
2188	8.5983e-09
2189	8.45919e-09
2190	8.79185e-09
2191	8.57871e-09
2192	8.60262e-09
2193	8.53373e-09
2194	8.29982e-09
2195	8.84544e-09
2196	8.59205e-09
2197	8.58693e-09
2198	8.60068e-09
2199	8.36086e-09
2200	8.98076e-09
2201	8.71526e-09
2202	8.64889e-09
2203	8.67884e-09
2204	8.3721e-09
2205	8.99553e-09
2206	8.66787e-09
2207	8.66877e-09
2208	8.7104e-09
2209	8.24905e-09
2210	8.95715e-09
2211	8.69761e-09
2212	8.6514e-09
2213	8.77983e-09
2214	8.30647e-09
2215	8.78423e-09
2216	8.79725e-09
2217	8.56263e-09
2218	8.65034e-09
2219	8.35646e-09
2220	8.61008e-09
2221	8.7633e-09
2222	8.46778e-09
2223	8.57438e-09
2224	8.31231e-09
2225	8.53119e-09
2226	8.90558e-09
2227	8.52621e-09
2228	8.58758e-09
2229	8.4385e-09
2230	8.49498e-09
2231	8.99016e-09
2232	8.68251e-09
2233	8.59735e-09
2234	8.53314e-09
2235	8.40957e-09
2236	9.05034e-09
2237	8.65597e-09
2238	8.6589e-09
2239	8.69713e-09
2240	8.2643e-09
2241	9.00151e-09
2242	8.72876e-09
2243	8.72009e-09
2244	8.86815e-09
2245	8.24308e-09
2246	9.10212e-09
2247	8.97093e-09
2248	8.86477e-09
2249	9.08188e-09
2250	8.53593e-09
2251	9.18008e-09
2252	9.27062e-09
2253	9.01907e-09
2254	9.067e-09
2255	8.79599e-09
2256	9.12575e-09
2257	9.36309e-09
2258	8.97705e-09
2259	8.98836e-09
2260	8.7764e-09
2261	8.87264e-09
2262	9.30817e-09
2263	8.77023e-09
2264	8.77649e-09
2265	8.75403e-09
2266	8.46739e-09
2267	9.03636e-09
2268	8.67e-09
2269	8.5183e-09
2270	8.61036e-09
2271	8.12485e-09
2272	8.74465e-09
2273	8.50249e-09
2274	8.34749e-09
2275	8.46277e-09
2276	7.93356e-09
2277	8.65802e-09
2278	8.48893e-09
2279	8.43523e-09
2280	8.54799e-09
2281	7.9748e-09
2282	8.72408e-09
2283	8.63617e-09
2284	8.45278e-09
2285	8.55122e-09
2286	8.09282e-09
2287	8.60385e-09
2288	8.80969e-09
2289	8.3668e-09
2290	8.38444e-09
2291	8.35637e-09
2292	8.49977e-09
2293	8.85386e-09
2294	8.48248e-09
2295	8.56113e-09
2296	8.64436e-09
2297	8.47183e-09
2298	9.07577e-09
2299	8.72131e-09
2300	8.73151e-09
2301	8.89567e-09
2302	8.42346e-09
2303	9.02792e-09
2304	8.82575e-09
2305	8.56337e-09
2306	8.70244e-09
2307	8.16176e-09
2308	8.79692e-09
2309	8.64405e-09
2310	8.35608e-09
2311	8.49413e-09
2312	7.93383e-09
2313	8.57766e-09
2314	8.53608e-09
2315	8.34476e-09
2316	8.4126e-09
2317	7.95507e-09
2318	8.44215e-09
2319	8.61475e-09
2320	8.37469e-09
2321	8.45989e-09
2322	8.31551e-09
2323	8.5217e-09
2324	8.84787e-09
2325	8.59125e-09
2326	8.60788e-09
2327	8.75863e-09
2328	8.61162e-09
2329	9.09811e-09
2330	8.85475e-09
2331	8.87232e-09
2332	9.03533e-09
2333	8.74145e-09
2334	9.35484e-09
2335	9.09504e-09
2336	8.92653e-09
2337	9.08985e-09
2338	8.54804e-09
2339	9.22225e-09
2340	9.14976e-09
2341	8.82222e-09
2342	8.93976e-09
2343	8.4889e-09
2344	9.06928e-09
2345	9.1865e-09
2346	8.84392e-09
2347	8.93584e-09
2348	8.62469e-09
2349	9.00913e-09
2350	9.1548e-09
2351	8.96481e-09
2352	8.98081e-09
2353	8.781e-09
2354	8.86081e-09
2355	9.16436e-09
2356	9.06571e-09
2357	9.00232e-09
2358	8.96736e-09
2359	8.83133e-09
2360	9.29302e-09
2361	9.16028e-09
2362	9.04634e-09
2363	9.23214e-09
2364	9.02163e-09
2365	9.40681e-09
2366	9.29734e-09
2367	9.20886e-09
2368	9.28214e-09
2369	9.05034e-09
2370	9.56801e-09
2371	9.44838e-09
2372	9.35179e-09
2373	9.52442e-09
2374	9.21414e-09
2375	9.78617e-09
2376	9.86748e-09
2377	9.52732e-09
2378	9.66508e-09
2379	9.44205e-09
2380	9.7226e-09
2381	9.97908e-09
2382	9.67634e-09
2383	9.59217e-09
2384	9.40019e-09
2385	9.54742e-09
2386	9.77735e-09
2387	9.5658e-09
2388	9.49478e-09
2389	9.23689e-09
2390	9.39616e-09
2391	9.70599e-09
2392	9.61428e-09
2393	9.54584e-09
2394	9.34781e-09
2395	9.33417e-09
2396	9.70016e-09
2397	9.79543e-09
2398	9.596e-09
2399	9.60876e-09
2400	9.5366e-09
2401	9.6574e-09
2402	9.88499e-09
2403	9.68089e-09
2404	9.49719e-09
2405	9.55826e-09
2406	9.56266e-09
2407	9.67692e-09
2408	9.51378e-09
2409	9.32971e-09
2410	9.36811e-09
2411	9.42172e-09
2412	9.39586e-09
2413	9.14913e-09
2414	9.09764e-09
2415	9.02052e-09
2416	9.04332e-09
2417	9.15327e-09
2418	8.92502e-09
2419	8.95741e-09
2420	8.85903e-09
2421	8.88378e-09
2422	9.06442e-09
2423	8.98996e-09
2424	8.9236e-09
2425	8.7583e-09
2426	8.9936e-09
2427	9.09015e-09
2428	9.07308e-09
2429	8.98701e-09
2430	8.64744e-09
2431	8.9732e-09
2432	8.90709e-09
2433	8.84984e-09
2434	8.76853e-09
2435	8.48835e-09
2436	8.80694e-09
2437	8.60981e-09
2438	8.7117e-09
2439	8.60119e-09
2440	8.25948e-09
2441	8.65495e-09
2442	8.34755e-09
2443	8.52675e-09
2444	8.60018e-09
2445	8.31809e-09
2446	8.57563e-09
2447	8.35345e-09
2448	8.52779e-09
2449	8.51045e-09
2450	8.27231e-09
2451	8.40397e-09
2452	8.27361e-09
2453	8.34256e-09
2454	8.47145e-09
2455	8.20279e-09
2456	8.24324e-09
2457	8.33295e-09
2458	8.17706e-09
2459	8.36098e-09
2460	8.16932e-09
2461	8.10761e-09
2462	8.38585e-09
2463	8.03077e-09
2464	8.19955e-09
2465	8.09744e-09
2466	7.93259e-09
2467	8.21803e-09
2468	7.8521e-09
2469	7.95966e-09
2470	8.01359e-09
2471	7.7978e-09
2472	8.11732e-09
2473	7.91634e-09
2474	7.86663e-09
2475	8.15215e-09
2476	7.8299e-09
2477	8.13034e-09
2478	8.08548e-09
2479	7.82796e-09
2480	8.20487e-09
2481	7.90052e-09
2482	8.01607e-09
2483	8.11009e-09
2484	7.84769e-09
2485	8.05728e-09
2486	7.88239e-09
2487	8.14948e-09
2488	8.06714e-09
2489	7.88801e-09
2490	8.14579e-09
2491	7.97767e-09
2492	8.3715e-09
2493	8.22902e-09
2494	8.21867e-09
2495	8.39456e-09
2496	8.20007e-09
2497	8.70597e-09
2498	8.46404e-09
2499	8.54044e-09
2500	8.55817e-09
2501	8.30609e-09
2502	8.87269e-09
2503	8.59935e-09
2504	8.64272e-09
2505	8.52195e-09
2506	8.30628e-09
2507	8.80661e-09
2508	8.62815e-09
2509	8.53669e-09
2510	8.50729e-09
2511	8.38573e-09
2512	8.69313e-09
2513	8.65568e-09
2514	8.38404e-09
2515	8.34274e-09
2516	8.37225e-09
2517	8.49714e-09
2518	8.57423e-09
2519	8.41616e-09
2520	8.41702e-09
2521	8.35579e-09
2522	8.56177e-09
2523	8.71729e-09
2524	8.41689e-09
2525	8.4905e-09
2526	8.309e-09
2527	8.33909e-09
2528	8.63129e-09
2529	8.33456e-09
2530	8.37021e-09
2531	8.17373e-09
2532	8.13655e-09
2533	8.53949e-09
2534	8.21752e-09
2535	8.25776e-09
2536	8.0982e-09
2537	7.93962e-09
2538	8.5508e-09
2539	8.1427e-09
2540	8.18313e-09
2541	8.18129e-09
2542	7.89266e-09
2543	8.72646e-09
2544	8.3424e-09
2545	8.32673e-09
2546	8.49001e-09
2547	8.04173e-09
2548	8.68841e-09
2549	8.52522e-09
2550	8.43526e-09
2551	8.53731e-09
2552	8.15285e-09
2553	8.59732e-09
2554	8.59604e-09
2555	8.36231e-09
2556	8.51436e-09
2557	8.18921e-09
2558	8.44729e-09
2559	8.72134e-09
2560	8.29901e-09
2561	8.40911e-09
2562	8.20845e-09
2563	8.3318e-09
2564	8.73311e-09
2565	8.36602e-09
2566	8.3943e-09
2567	8.3182e-09
2568	8.35016e-09
2569	8.8669e-09
2570	8.52724e-09
2571	8.55407e-09
2572	8.49448e-09
2573	8.2378e-09
2574	8.97309e-09
2575	8.61846e-09
2576	8.60596e-09
2577	8.70184e-09
2578	8.15938e-09
2579	8.91348e-09
2580	8.63695e-09
2581	8.57299e-09
2582	8.72551e-09
2583	8.22799e-09
2584	8.84901e-09
2585	8.82592e-09
2586	8.75536e-09
2587	8.89249e-09
2588	8.53899e-09
2589	9.01785e-09
2590	9.16812e-09
2591	8.92188e-09
2592	9.06985e-09
2593	8.77063e-09
2594	9.04225e-09
2595	9.47595e-09
2596	8.9904e-09
2597	9.09989e-09
2598	8.9372e-09
2599	8.847e-09
2600	9.50533e-09
2601	9.01805e-09
2602	8.89851e-09
2603	8.98284e-09
2604	8.63848e-09
2605	9.25202e-09
2606	8.96702e-09
2607	8.83937e-09
2608	8.89721e-09
2609	8.46692e-09
2610	9.17847e-09
2611	8.93544e-09
2612	8.93e-09
2613	9.06084e-09
2614	8.48373e-09
2615	9.36108e-09
2616	9.23941e-09
2617	9.15187e-09
2618	9.37392e-09
2619	8.96399e-09
2620	9.59524e-09
2621	9.69412e-09
2622	9.47429e-09
2623	9.6179e-09
2624	9.4319e-09
2625	9.78823e-09
2626	2.61064e-09
2627	9.4407e-09
2628	9.73928e-09
2629	9.62359e-09
2630	9.66988e-09
2631	2.62339e-09
2632	9.32306e-09
2633	9.73974e-09
2634	9.81291e-09
2635	9.43874e-09
2636	2.59898e-09
2637	9.51527e-09
2638	9.71134e-09
2639	9.92993e-09
2640	9.39861e-09
2641	2.59171e-09
2642	9.61325e-09
2643	9.74432e-09
2644	9.86416e-09
2645	9.20739e-09
2646	9.84711e-09
2647	9.66741e-09
2648	9.5608e-09
2649	9.69367e-09
2650	9.10006e-09
2651	9.77548e-09
2652	9.69619e-09
2653	9.53784e-09
2654	9.59604e-09
2655	9.13307e-09
2656	9.6544e-09
2657	9.78998e-09
2658	9.42588e-09
2659	9.43182e-09
2660	9.29227e-09
2661	9.44929e-09
2662	9.81923e-09
2663	9.38483e-09
2664	9.42947e-09
2665	9.4613e-09
2666	9.253e-09
2667	9.79346e-09
2668	9.42581e-09
2669	9.39247e-09
2670	9.53614e-09
2671	9.08591e-09
2672	9.71471e-09
2673	9.48583e-09
2674	9.23433e-09
2675	9.46689e-09
2676	8.88936e-09
2677	9.47849e-09
2678	9.36845e-09
2679	9.0936e-09
2680	9.18306e-09
2681	8.57075e-09
2682	9.24566e-09
2683	9.22938e-09
2684	8.96352e-09
2685	8.9865e-09
2686	8.50453e-09
2687	9.14802e-09
2688	9.31723e-09
2689	9.04939e-09
2690	9.17863e-09
2691	8.91726e-09
2692	9.06719e-09
2693	9.39976e-09
2694	9.16672e-09
2695	9.12928e-09
2696	9.1585e-09
2697	9.04982e-09
2698	9.39465e-09
2699	9.1029e-09
2700	9.0117e-09
2701	9.06549e-09
2702	8.7862e-09
2703	9.29618e-09
2704	8.91732e-09
2705	8.83451e-09
2706	8.99138e-09
2707	8.49383e-09
2708	9.14894e-09
2709	8.96566e-09
2710	8.61034e-09
2711	8.84501e-09
2712	8.38052e-09
2713	8.92165e-09
2714	9.08031e-09
2715	8.71553e-09
2716	8.75893e-09
2717	8.46853e-09
2718	8.84656e-09
2719	9.01592e-09
2720	8.73589e-09
2721	8.67719e-09
2722	8.37882e-09
2723	8.64978e-09
2724	8.83843e-09
2725	8.61344e-09
2726	8.61267e-09
2727	8.42488e-09
2728	8.43676e-09
2729	8.73027e-09
2730	8.61232e-09
2731	8.49852e-09
2732	8.54483e-09
2733	8.36099e-09
2734	8.74413e-09
2735	8.78748e-09
2736	8.65982e-09
2737	8.65672e-09
2738	8.58475e-09
2739	8.8848e-09
2740	8.82921e-09
2741	8.74373e-09
2742	8.73845e-09
2743	8.61619e-09
2744	8.92782e-09
2745	8.88364e-09
2746	8.69814e-09
2747	8.72703e-09
2748	8.5577e-09
2749	8.74274e-09
2750	8.87993e-09
2751	8.64137e-09
2752	8.64325e-09
2753	8.46129e-09
2754	8.63348e-09
2755	8.88915e-09
2756	8.55692e-09
2757	8.53203e-09
2758	8.34788e-09
2759	8.46719e-09
2760	8.78929e-09
2761	8.61235e-09
2762	8.59011e-09
2763	8.36435e-09
2764	8.56327e-09
2765	8.80164e-09
2766	8.73728e-09
2767	8.59767e-09
2768	8.36254e-09
2769	8.54225e-09
2770	8.55074e-09
2771	8.68411e-09
2772	8.46668e-09
2773	8.30165e-09
2774	8.39707e-09
2775	8.32134e-09
2776	8.53876e-09
2777	8.33918e-09
2778	8.19294e-09
2779	8.27617e-09
2780	8.20171e-09
2781	8.45059e-09
2782	8.23177e-09
2783	8.18981e-09
2784	8.37334e-09
2785	8.16681e-09
2786	8.42556e-09
2787	8.39204e-09
2788	8.23909e-09
2789	8.33523e-09
2790	8.25232e-09
2791	8.27702e-09
2792	8.35645e-09
2793	8.1391e-09
2794	7.99382e-09
2795	8.20903e-09
2796	8.21262e-09
2797	8.16914e-09
2798	8.04394e-09
2799	7.86044e-09
2800	8.14564e-09
2801	8.03438e-09
2802	8.072e-09
2803	7.89236e-09
2804	7.62834e-09
2805	8.02042e-09
2806	7.72601e-09
2807	7.91154e-09
2808	7.84429e-09
2809	7.52307e-09
2810	8.00957e-09
2811	7.73297e-09
2812	7.85955e-09
2813	7.97739e-09
2814	7.62718e-09
2815	8.04766e-09
2816	7.88002e-09
2817	7.88859e-09
2818	8.0703e-09
2819	7.76681e-09
2820	8.11231e-09
2821	7.99418e-09
2822	7.90586e-09
2823	8.21697e-09
2824	7.79409e-09
2825	8.03105e-09
2826	8.10716e-09
2827	7.9214e-09
2828	8.20452e-09
2829	8.01481e-09
2830	8.05965e-09
2831	8.28361e-09
2832	8.00049e-09
2833	8.25191e-09
2834	8.1948e-09
2835	8.25786e-09
2836	8.4883e-09
2837	8.15342e-09
2838	8.33595e-09
2839	8.3289e-09
2840	8.16955e-09
2841	8.45149e-09
2842	8.19025e-09
2843	8.25391e-09
2844	8.39302e-09
2845	8.05709e-09
2846	8.38733e-09
2847	8.20894e-09
2848	8.08774e-09
2849	8.4183e-09
2850	7.97538e-09
2851	8.26507e-09
2852	8.2574e-09
2853	7.90047e-09
2854	8.27433e-09
2855	7.99091e-09
2856	8.26871e-09
2857	8.18394e-09
2858	7.94699e-09
2859	8.29871e-09
2860	8.0318e-09
2861	8.39754e-09
2862	8.4122e-09
2863	8.28004e-09
2864	8.53314e-09
2865	8.37543e-09
2866	8.80208e-09
2867	8.77542e-09
2868	8.79325e-09
2869	8.82595e-09
2870	8.69896e-09
2871	9.1919e-09
2872	8.99359e-09
2873	8.99726e-09
2874	9.00003e-09
2875	8.8248e-09
2876	9.36993e-09
2877	9.19291e-09
2878	9.12822e-09
2879	9.12021e-09
2880	9.05252e-09
2881	9.41466e-09
2882	9.3936e-09
2883	9.26824e-09
2884	9.23096e-09
2885	9.1933e-09
2886	9.53062e-09
2887	9.47638e-09
2888	9.28493e-09
2889	9.36192e-09
2890	9.20725e-09
2891	9.40176e-09
2892	9.60667e-09
2893	9.30087e-09
2894	9.4596e-09
2895	9.3834e-09
2896	9.38854e-09
2897	9.69975e-09
2898	9.40083e-09
2899	9.42603e-09
2900	9.3667e-09
2901	9.38408e-09
2902	9.67707e-09
2903	9.42879e-09
2904	9.43804e-09
2905	9.20017e-09
2906	9.13278e-09
2907	9.70145e-09
2908	9.34295e-09
2909	9.31726e-09
2910	9.3167e-09
2911	9.00092e-09
2912	9.75653e-09
2913	9.40293e-09
2914	9.28252e-09
2915	9.43622e-09
2916	8.85525e-09
2917	9.55498e-09
2918	9.32136e-09
2919	9.20871e-09
2920	9.34762e-09
2921	8.73352e-09
2922	9.40347e-09
2923	9.22965e-09
2924	9.15071e-09
2925	9.23645e-09
2926	8.68189e-09
2927	9.34776e-09
2928	9.37766e-09
2929	9.04267e-09
2930	9.2798e-09
2931	8.95205e-09
2932	9.22753e-09
2933	9.64524e-09
2934	9.23322e-09
2935	9.23727e-09
2936	9.10726e-09
2937	9.10649e-09
2938	9.51717e-09
2939	9.14043e-09
2940	9.08771e-09
2941	9.03735e-09
2942	8.82251e-09
2943	9.34495e-09
2944	9.02168e-09
2945	8.98937e-09
2946	9.01798e-09
2947	8.4642e-09
2948	9.13692e-09
2949	8.83044e-09
2950	8.65834e-09
2951	8.82835e-09
2952	8.17144e-09
2953	8.87612e-09
2954	8.71613e-09
2955	8.54884e-09
2956	8.7205e-09
2957	8.09865e-09
2958	8.86111e-09
2959	8.83083e-09
2960	8.74037e-09
2961	8.79932e-09
2962	8.33933e-09
2963	8.92406e-09
2964	9.11128e-09
2965	8.76274e-09
2966	8.95364e-09
2967	8.81853e-09
2968	8.92956e-09
2969	9.29049e-09
2970	8.90996e-09
2971	8.909e-09
2972	8.97698e-09
2973	8.67271e-09
2974	9.15897e-09
2975	8.89612e-09
2976	8.88839e-09
2977	9.00508e-09
2978	8.61176e-09
2979	9.25543e-09
2980	9.04352e-09
2981	8.84571e-09
2982	8.99579e-09
2983	8.41169e-09
2984	9.07753e-09
2985	8.95908e-09
2986	8.6481e-09
2987	8.74919e-09
2988	8.14781e-09
2989	8.71054e-09
2990	8.79863e-09
2991	8.4263e-09
2992	8.48278e-09
2993	8.04469e-09
2994	8.45631e-09
2995	8.62867e-09
2996	8.42443e-09
2997	8.44182e-09
2998	8.26116e-09
2999	8.35229e-09
3000	8.65286e-09
3001	8.53865e-09
3002	8.55246e-09
3003	8.55648e-09
3004	8.48208e-09
3005	8.9622e-09
3006	8.80612e-09
3007	8.78093e-09
3008	8.94346e-09
3009	8.76559e-09
3010	9.25306e-09
3011	9.13019e-09
3012	9.02841e-09
3013	9.09991e-09
3014	8.81263e-09
3015	9.36161e-09
3016	9.2851e-09
3017	9.05936e-09
3018	9.16321e-09
3019	8.75359e-09
3020	9.19993e-09
3021	9.27486e-09
3022	8.89988e-09
3023	8.93417e-09
3024	8.59644e-09
3025	8.85348e-09
3026	9.10721e-09
3027	8.77625e-09
3028	8.76508e-09
3029	8.51483e-09
3030	8.67905e-09
3031	8.93826e-09
3032	8.72585e-09
3033	8.58669e-09
3034	8.32033e-09
3035	8.39167e-09
3036	8.5881e-09
3037	8.47369e-09
3038	8.3215e-09
3039	8.19542e-09
3040	8.02183e-09
3041	8.32238e-09
3042	8.40294e-09
3043	8.14999e-09
3044	8.18081e-09
3045	8.10484e-09
3046	8.17093e-09
3047	8.4272e-09
3048	8.20699e-09
3049	8.02672e-09
3050	8.21323e-09
3051	8.30965e-09
3052	8.34409e-09
3053	8.2596e-09
3054	8.22285e-09
3055	8.25923e-09
3056	8.4348e-09
3057	8.54247e-09
3058	8.34202e-09
3059	8.40938e-09
3060	8.35319e-09
3061	8.43806e-09
3062	8.66709e-09
3063	8.47926e-09
3064	8.4849e-09
3065	8.36569e-09
3066	8.40516e-09
3067	8.65078e-09
3068	8.53141e-09
3069	8.39048e-09
3070	8.18484e-09
3071	8.46692e-09
3072	8.54105e-09
3073	8.51181e-09
3074	8.42323e-09
3075	8.09112e-09
3076	8.45484e-09
3077	8.44774e-09
3078	8.5202e-09
3079	8.43581e-09
3080	8.11193e-09
3081	8.50311e-09
3082	8.21322e-09
3083	8.40334e-09
3084	8.28632e-09
3085	7.98045e-09
3086	8.25963e-09
3087	7.95755e-09
3088	8.29159e-09
3089	8.26753e-09
3090	8.04977e-09
3091	8.18711e-09
3092	8.02381e-09
3093	8.24038e-09
3094	8.21829e-09
3095	8.04074e-09
3096	8.25386e-09
3097	8.25034e-09
3098	8.29473e-09
3099	8.46738e-09
3100	8.28319e-09
3101	8.30315e-09
3102	8.54459e-09
3103	8.35741e-09
3104	8.60872e-09
3105	8.48306e-09
3106	8.31686e-09
3107	8.75051e-09
3108	8.39984e-09
3109	8.58982e-09
3110	8.64024e-09
3111	8.36321e-09
3112	8.76255e-09
3113	8.44593e-09
3114	8.57472e-09
3115	8.60862e-09
3116	8.33523e-09
3117	8.67371e-09
3118	8.50657e-09
3119	8.49949e-09
3120	8.72841e-09
3121	8.32112e-09
3122	8.70689e-09
3123	8.72335e-09
3124	8.46522e-09
3125	8.88553e-09
3126	8.65236e-09
3127	8.90543e-09
3128	9.02673e-09
3129	8.69623e-09
3130	8.92615e-09
3131	8.68062e-09
3132	8.98471e-09
3133	8.8843e-09
3134	8.62271e-09
3135	8.9724e-09
3136	8.59585e-09
3137	9.05633e-09
3138	8.90115e-09
3139	8.6353e-09
3140	8.97201e-09
3141	8.66736e-09
3142	9.00501e-09
3143	8.91575e-09
3144	9.00929e-09
3145	9.01488e-09
3146	8.90139e-09
3147	9.2613e-09
3148	9.1057e-09
3149	9.18739e-09
3150	9.12218e-09
3151	9.0939e-09
3152	9.44614e-09
3153	9.40946e-09
3154	9.2197e-09
3155	9.29739e-09
3156	9.35465e-09
3157	9.4081e-09
3158	9.5811e-09
3159	9.29643e-09
3160	9.16772e-09
3161	9.28872e-09
3162	9.35283e-09
3163	9.38921e-09
3164	9.13107e-09
3165	9.04164e-09
3166	8.98574e-09
3167	9.05071e-09
3168	9.23033e-09
3169	8.88211e-09
3170	8.95143e-09
3171	8.84666e-09
3172	8.74261e-09
3173	9.1365e-09
3174	8.85025e-09
3175	8.89134e-09
3176	8.85285e-09
3177	8.62201e-09
3178	9.11846e-09
3179	8.85415e-09
3180	8.75156e-09
3181	8.66795e-09
3182	8.43101e-09
3183	9.02225e-09
3184	8.66921e-09
3185	8.58793e-09
3186	8.57911e-09
3187	8.2018e-09
3188	8.98368e-09
3189	8.54539e-09
3190	8.49272e-09
3191	8.76741e-09
3192	8.12908e-09
3193	8.88569e-09
3194	8.72409e-09
3195	8.62184e-09
3196	8.84173e-09
3197	8.40827e-09
3198	8.97485e-09
3199	8.91748e-09
3200	8.77223e-09
3201	8.95663e-09
3202	8.58004e-09
3203	8.98017e-09
3204	9.2219e-09
3205	8.86092e-09
3206	8.96069e-09
3207	8.75249e-09
3208	8.92729e-09
3209	9.28251e-09
3210	8.85171e-09
3211	8.81622e-09
3212	8.71573e-09
3213	8.65002e-09
3214	9.09676e-09
3215	8.70399e-09
3216	8.6868e-09
3217	8.65236e-09
3218	8.33081e-09
3219	8.98381e-09
3220	8.71985e-09
3221	8.71766e-09
3222	8.81031e-09
3223	8.27055e-09
3224	9.07372e-09
3225	8.79134e-09
3226	8.68108e-09
3227	8.89166e-09
3228	8.19447e-09
3229	8.90419e-09
3230	8.79896e-09
3231	8.61441e-09
3232	8.73345e-09
3233	8.16986e-09
3234	8.72807e-09
3235	8.76487e-09
3236	8.4901e-09
3237	8.53231e-09
3238	8.1555e-09
3239	8.55091e-09
3240	8.86892e-09
3241	8.35281e-09
3242	8.46893e-09
3243	8.47322e-09
3244	8.34521e-09
3245	8.8593e-09
3246	8.53754e-09
3247	8.54594e-09
3248	8.70462e-09
3249	8.40392e-09
3250	9.01896e-09
3251	8.82e-09
3252	8.74946e-09
3253	8.88035e-09
3254	8.4606e-09
3255	9.17729e-09
3256	8.98862e-09
3257	8.83624e-09
3258	8.95447e-09
3259	8.3701e-09
3260	9.13946e-09
3261	9.03273e-09
3262	8.75789e-09
3263	8.93282e-09
3264	8.33532e-09
3265	8.96122e-09
3266	9.12423e-09
3267	8.86345e-09
3268	9.00135e-09
3269	8.73037e-09
3270	9.01501e-09
3271	9.27518e-09
3272	9.17222e-09
3273	9.14551e-09
3274	8.9723e-09
3275	9.06613e-09
3276	9.38929e-09
3277	9.02471e-09
3278	9.01397e-09
3279	9.01718e-09
3280	8.70461e-09
3281	9.22342e-09
3282	8.87154e-09
3283	8.73947e-09
3284	8.86017e-09
3285	8.35494e-09
3286	8.91315e-09
3287	8.77688e-09
3288	8.48726e-09
3289	8.54918e-09
3290	8.05892e-09
3291	8.67479e-09
3292	8.65302e-09
3293	8.33161e-09
3294	8.42008e-09
3295	8.0797e-09
3296	8.63753e-09
3297	8.7079e-09
3298	8.3854e-09
3299	8.49023e-09
3300	8.19873e-09
3301	8.48746e-09
3302	8.74331e-09
3303	8.51467e-09
3304	8.50224e-09
3305	8.44474e-09
3306	8.44375e-09
3307	8.69894e-09
3308	8.68677e-09
3309	8.58086e-09
3310	8.53964e-09
3311	8.44629e-09
3312	8.85315e-09
3313	8.72379e-09
3314	8.608e-09
3315	8.64236e-09
3316	8.4614e-09
3317	8.92031e-09
3318	8.80211e-09
3319	8.6347e-09
3320	8.80027e-09
3321	8.65485e-09
3322	9.04453e-09
3323	8.99608e-09
3324	8.81653e-09
3325	8.83981e-09
3326	8.58453e-09
3327	8.92037e-09
3328	9.00428e-09
3329	8.68802e-09
3330	8.68437e-09
3331	8.48094e-09
3332	8.71159e-09
3333	8.92831e-09
3334	8.55855e-09
3335	8.55313e-09
3336	8.33296e-09
3337	8.39355e-09
3338	8.70035e-09
3339	8.47979e-09
3340	8.40973e-09
3341	8.17821e-09
3342	8.26375e-09
3343	8.50399e-09
3344	8.4519e-09
3345	8.32712e-09
3346	8.15904e-09
3347	8.3651e-09
3348	8.53455e-09
3349	8.6375e-09
3350	8.55826e-09
3351	8.503e-09
3352	8.57918e-09
3353	8.68415e-09
3354	8.95477e-09
3355	8.73446e-09
3356	8.66486e-09
3357	8.7942e-09
3358	8.74706e-09
3359	9.00241e-09
3360	8.86113e-09
3361	8.76805e-09
3362	8.96707e-09
3363	8.92062e-09
3364	8.98186e-09
3365	8.92197e-09
3366	8.92405e-09
3367	8.93075e-09
3368	9.00647e-09
3369	9.20163e-09
3370	9.12423e-09
3371	9.15423e-09
3372	9.04309e-09
3373	9.20332e-09
3374	9.35277e-09
3375	9.37838e-09
3376	9.2809e-09
3377	9.08094e-09
3378	9.29285e-09
3379	9.17543e-09
3380	9.25747e-09
3381	9.12182e-09
3382	8.71992e-09
3383	9.1652e-09
3384	8.92532e-09
3385	8.93486e-09
3386	8.92376e-09
3387	8.58793e-09
3388	8.92466e-09
3389	8.69394e-09
3390	8.83998e-09
3391	8.83961e-09
3392	8.56776e-09
3393	8.99554e-09
3394	8.67747e-09
3395	8.94441e-09
3396	9.13779e-09
3397	8.74828e-09
3398	9.11043e-09
3399	9.00243e-09
3400	9.08184e-09
3401	9.31522e-09
3402	9.02974e-09
3403	9.18632e-09
3404	9.27577e-09
3405	9.15237e-09
3406	9.34514e-09
3407	9.15713e-09
3408	9.22323e-09
3409	9.30303e-09
3410	9.01177e-09
3411	9.16584e-09
3412	8.97268e-09
3413	8.92774e-09
3414	9.13482e-09
3415	8.67139e-09
3416	8.90497e-09
3417	8.874e-09
3418	8.66311e-09
3419	8.93799e-09
3420	8.63365e-09
3421	8.58879e-09
3422	8.78956e-09
3423	8.462e-09
3424	8.65419e-09
3425	8.52717e-09
3426	8.40357e-09
3427	8.61695e-09
3428	8.29416e-09
3429	8.49539e-09
3430	8.32806e-09
3431	8.09056e-09
3432	8.4018e-09
3433	8.06078e-09
3434	8.26561e-09
3435	8.16888e-09
3436	7.90652e-09
3437	8.21611e-09
3438	7.92871e-09
3439	8.19634e-09
3440	8.11367e-09
3441	8.01597e-09
3442	8.25815e-09
3443	8.10394e-09
3444	8.49533e-09
3445	8.34702e-09
3446	8.39474e-09
3447	8.4692e-09
3448	8.24567e-09
3449	8.7957e-09
3450	8.52709e-09
3451	8.53576e-09
3452	8.57592e-09
3453	8.23734e-09
3454	8.7569e-09
3455	8.52901e-09
3456	8.43721e-09
3457	8.39024e-09
3458	8.11587e-09
3459	8.72224e-09
3460	8.43473e-09
3461	8.39662e-09
3462	8.46842e-09
3463	8.16597e-09
3464	8.77354e-09
3465	8.6141e-09
3466	8.54059e-09
3467	8.74138e-09
3468	8.45545e-09
3469	8.70807e-09
3470	8.90094e-09
3471	8.66894e-09
3472	8.69816e-09
3473	8.51274e-09
3474	8.70881e-09
3475	8.91075e-09
3476	8.62494e-09
3477	8.67624e-09
3478	8.40788e-09
3479	8.52333e-09
3480	8.80457e-09
3481	8.37629e-09
3482	8.43126e-09
3483	8.2038e-09
3484	8.15271e-09
3485	8.68067e-09
3486	8.24617e-09
3487	8.25312e-09
3488	8.2182e-09
3489	7.9258e-09
3490	8.63356e-09
3491	8.28418e-09
3492	8.30149e-09
3493	8.44168e-09
3494	7.98186e-09
3495	8.80267e-09
3496	8.54861e-09
3497	8.56908e-09
3498	8.74112e-09
3499	8.10551e-09
3500	8.91332e-09
3501	8.79025e-09
3502	8.66424e-09
3503	8.84902e-09
3504	8.37108e-09
3505	8.87886e-09
3506	8.99377e-09
3507	8.70366e-09
3508	8.83989e-09
3509	8.57717e-09
3510	8.81825e-09
3511	9.24634e-09
3512	8.91802e-09
3513	8.95492e-09
3514	8.80969e-09
3515	8.95651e-09
3516	9.46236e-09
3517	9.00658e-09
3518	9.03406e-09
3519	9.01224e-09
3520	8.78559e-09
3521	9.37457e-09
3522	9.01762e-09
3523	8.97668e-09
3524	9.04829e-09
3525	8.51691e-09
3526	9.2063e-09
3527	8.97567e-09
3528	8.7857e-09
3529	8.86027e-09
3530	8.26534e-09
3531	8.91532e-09
3532	8.67144e-09
3533	8.58645e-09
3534	8.66272e-09
3535	8.03049e-09
3536	8.70397e-09
3537	8.64724e-09
3538	8.47337e-09
3539	8.57362e-09
3540	8.13998e-09
3541	8.65751e-09
3542	8.89991e-09
3543	8.53083e-09
3544	8.59802e-09
3545	8.51718e-09
3546	8.6786e-09
3547	9.16981e-09
3548	8.74333e-09
3549	8.81817e-09
3550	8.88058e-09
3551	8.63609e-09
3552	9.20111e-09
3553	8.81082e-09
3554	8.71032e-09
3555	8.8419e-09
3556	8.36779e-09
3557	8.98244e-09
3558	8.78904e-09
3559	8.5622e-09
3560	8.7897e-09
3561	8.24587e-09
3562	8.90764e-09
3563	8.84393e-09
3564	8.63881e-09
3565	8.77085e-09
3566	8.22394e-09
3567	8.93549e-09
3568	8.90235e-09
3569	8.68367e-09
3570	8.7495e-09
3571	8.31256e-09
3572	8.83946e-09
3573	9.03091e-09
3574	8.68693e-09
3575	8.79598e-09
3576	8.65386e-09
3577	8.70155e-09
3578	9.04621e-09
3579	8.68416e-09
3580	8.65407e-09
3581	8.7622e-09
3582	8.51392e-09
3583	9.05445e-09
3584	8.75696e-09
3585	8.70005e-09
3586	8.86524e-09
3587	8.54074e-09
3588	9.17831e-09
3589	8.95474e-09
3590	8.83131e-09
3591	9.04634e-09
3592	8.52489e-09
3593	9.20528e-09
3594	9.129e-09
3595	8.82772e-09
3596	8.95919e-09
3597	8.45457e-09
3598	9.0885e-09
3599	9.21047e-09
3600	8.82974e-09
3601	8.85443e-09
3602	8.53297e-09
3603	8.94229e-09
3604	9.05276e-09
3605	8.87506e-09
3606	8.87591e-09
3607	8.73888e-09
3608	8.84026e-09
3609	9.19735e-09
3610	9.08688e-09
3611	9.12572e-09
3612	9.20409e-09
3613	9.17065e-09
3614	9.65641e-09
3615	9.39972e-09
3616	9.28663e-09
3617	9.48306e-09
3618	9.2077e-09
3619	9.66324e-09
3620	9.48429e-09
3621	9.32527e-09
3622	9.43163e-09
3623	9.08124e-09
3624	9.65496e-09
3625	9.54648e-09
3626	9.30801e-09
3627	9.43579e-09
3628	9.03424e-09
3629	9.5001e-09
3630	9.59537e-09
3631	9.27997e-09
3632	9.40203e-09
3633	9.01625e-09
3634	9.2765e-09
3635	9.59921e-09
3636	9.28922e-09
3637	9.26874e-09
3638	9.18615e-09
3639	9.39414e-09
3640	9.67141e-09
3641	9.59984e-09
3642	9.55068e-09
3643	9.51041e-09
3644	9.59597e-09
3645	9.91747e-09
3646	9.90698e-09
3647	9.79124e-09
3648	9.73983e-09
3649	9.50959e-09
3650	9.89783e-09
3651	9.97644e-09
3652	9.69993e-09
3653	9.67066e-09
3654	9.64206e-09
3655	9.85131e-09
3656	9.87491e-09
3657	9.71203e-09
3658	9.68428e-09
3659	9.66384e-09
3660	9.88774e-09
3661	9.85593e-09
3662	9.68578e-09
3663	9.67308e-09
3664	9.52149e-09
3665	9.62404e-09
3666	9.66202e-09
3667	9.36631e-09
3668	9.32808e-09
3669	9.11854e-09
3670	9.14149e-09
3671	9.32408e-09
3672	8.98602e-09
3673	8.93796e-09
3674	8.72056e-09
3675	8.75617e-09
3676	8.94184e-09
3677	8.77711e-09
3678	8.63719e-09
3679	8.332e-09
3680	8.56896e-09
3681	8.66548e-09
3682	8.50409e-09
3683	8.47456e-09
3684	8.16612e-09
3685	8.44e-09
3686	8.44599e-09
3687	8.53301e-09
3688	8.43838e-09
3689	8.15297e-09
3690	8.47631e-09
3691	8.30907e-09
3692	8.61397e-09
3693	8.53269e-09
3694	8.35291e-09
3695	8.57922e-09
3696	8.41198e-09
3697	8.63731e-09
3698	8.56036e-09
3699	8.40325e-09
3700	8.53525e-09
3701	8.35186e-09
3702	8.56653e-09
3703	8.52046e-09
3704	8.4062e-09
3705	8.47391e-09
3706	8.46132e-09
3707	8.612e-09
3708	8.67367e-09
3709	8.48971e-09
3710	8.53979e-09
3711	8.71113e-09
3712	8.5261e-09
3713	8.64014e-09
3714	8.41632e-09
3715	8.16036e-09
3716	8.50354e-09
3717	8.16234e-09
3718	8.20093e-09
3719	8.15947e-09
3720	7.86746e-09
3721	8.11085e-09
3722	7.84409e-09
3723	7.93067e-09
3724	7.83848e-09
3725	7.65606e-09
3726	7.94004e-09
3727	7.70014e-09
3728	7.75365e-09
3729	7.82815e-09
3730	7.45848e-09
3731	7.79442e-09
3732	7.71196e-09
3733	7.54827e-09
3734	7.82947e-09
3735	7.51515e-09
3736	7.80451e-09
3737	7.88971e-09
3738	7.58794e-09
3739	7.92835e-09
3740	7.65096e-09
3741	7.96018e-09
3742	7.91669e-09
3743	7.68595e-09
3744	8.03671e-09
3745	7.69456e-09
3746	8.0979e-09
3747	7.95561e-09
3748	7.7888e-09
3749	8.02327e-09
3750	7.77865e-09
3751	8.10313e-09
3752	8.08739e-09
3753	8.07563e-09
3754	8.06361e-09
3755	8.06688e-09
3756	8.39261e-09
3757	8.33058e-09
3758	8.42953e-09
3759	8.35775e-09
3760	8.4101e-09
3761	8.51336e-09
3762	8.63496e-09
3763	8.52689e-09
3764	8.42913e-09
3765	8.52463e-09
3766	8.51892e-09
3767	8.74097e-09
3768	8.53358e-09
3769	8.32545e-09
3770	8.46952e-09
3771	8.51443e-09
3772	8.67373e-09
3773	8.41598e-09
3774	8.35953e-09
3775	8.36833e-09
3776	8.3959e-09
3777	8.66259e-09
3778	8.38319e-09
3779	8.44563e-09
3780	8.32323e-09
3781	8.19995e-09
3782	8.6783e-09
3783	8.3597e-09
3784	8.41887e-09
3785	8.36005e-09
3786	8.12209e-09
3787	8.65966e-09
3788	8.39065e-09
3789	8.3886e-09
3790	8.32429e-09
3791	8.12257e-09
3792	8.70592e-09
3793	8.36282e-09
3794	8.4374e-09
3795	8.41878e-09
3796	8.15071e-09
3797	8.72619e-09
3798	8.53629e-09
3799	8.40676e-09
3800	8.57009e-09
3801	8.34899e-09
3802	8.6728e-09
3803	8.82141e-09
3804	8.58904e-09
3805	8.6304e-09
3806	8.5082e-09
3807	8.73208e-09
3808	9.00592e-09
3809	8.67021e-09
3810	8.75817e-09
3811	8.50658e-09
3812	8.64873e-09
3813	8.94327e-09
3814	8.50275e-09
3815	8.57067e-09
3816	8.38016e-09
3817	8.31955e-09
3818	8.7707e-09
3819	8.42385e-09
3820	8.40151e-09
3821	8.302e-09
3822	8.1324e-09
3823	8.72697e-09
3824	8.4161e-09
3825	8.32786e-09
3826	8.28928e-09
3827	8.06087e-09
3828	8.72495e-09
3829	8.30105e-09
3830	8.42972e-09
3831	8.5576e-09
3832	8.16514e-09
3833	8.84412e-09
3834	8.71581e-09
3835	8.70296e-09
3836	8.87298e-09
3837	8.55587e-09
3838	9.07425e-09
3839	9.20643e-09
3840	8.96607e-09
3841	9.10593e-09
3842	8.8394e-09
3843	9.02633e-09
3844	9.31825e-09
3845	8.92189e-09
3846	9.03069e-09
3847	8.8133e-09
3848	8.92177e-09
3849	9.28338e-09
3850	8.90088e-09
3851	8.92911e-09
3852	8.76905e-09
3853	8.71077e-09
3854	9.31856e-09
3855	8.95615e-09
3856	8.87614e-09
3857	8.85823e-09
3858	8.59705e-09
3859	9.31332e-09
3860	9.03636e-09
3861	8.95979e-09
3862	8.99004e-09
3863	8.60064e-09
3864	9.28967e-09
3865	9.01144e-09
3866	9.034e-09
3867	9.13476e-09
3868	8.70156e-09
3869	9.26349e-09
3870	9.17945e-09
3871	9.10219e-09
3872	9.27254e-09
3873	8.9829e-09
3874	9.34111e-09
3875	9.54045e-09
3876	9.23927e-09
3877	9.3111e-09
3878	9.14943e-09
3879	9.40298e-09
3880	9.79163e-09
3881	9.43868e-09
3882	9.5505e-09
3883	9.41737e-09
3884	9.51839e-09
3885	2.63221e-09
3886	9.39647e-09
3887	9.66141e-09
3888	9.71128e-09
3889	9.37889e-09
3890	2.6242e-09
3891	9.47497e-09
3892	9.61769e-09
3893	9.76816e-09
3894	9.29345e-09
3895	9.95684e-09
3896	9.79022e-09
3897	9.7505e-09
3898	9.83211e-09
3899	9.36756e-09
3900	2.61094e-09
3901	9.51476e-09
3902	9.81743e-09
3903	2.60012e-09
3904	9.18564e-09
3905	9.98938e-09
3906	2.59172e-09
3907	9.45745e-09
3908	9.81792e-09
3909	9.49043e-09
3910	9.65155e-09
3911	9.87068e-09
3912	9.5153e-09
3913	9.47993e-09
3914	9.26838e-09
3915	9.3462e-09
3916	9.72462e-09
3917	9.24884e-09
3918	9.19163e-09
3919	9.09642e-09
3920	8.93632e-09
3921	9.46615e-09
3922	9.02633e-09
3923	8.95615e-09
3924	9.03995e-09
3925	8.54872e-09
3926	9.24283e-09
3927	8.99807e-09
3928	8.82595e-09
3929	8.97817e-09
3930	8.44197e-09
3931	9.13652e-09
3932	8.99279e-09
3933	8.83235e-09
3934	8.93283e-09
3935	8.46646e-09
3936	9.14499e-09
3937	8.93217e-09
3938	8.8894e-09
3939	8.99628e-09
3940	8.53689e-09
3941	9.11389e-09
3942	9.15409e-09
3943	8.90141e-09
3944	8.99786e-09
3945	8.68282e-09
3946	8.98399e-09
3947	9.40679e-09
3948	8.89054e-09
3949	8.96373e-09
3950	9.07807e-09
3951	8.91987e-09
3952	9.46588e-09
3953	9.14987e-09
3954	9.1227e-09
3955	9.22903e-09
3956	8.83661e-09
3957	9.4373e-09
3958	9.20561e-09
3959	9.01011e-09
3960	9.11942e-09
3961	8.52115e-09
3962	9.19229e-09
3963	9.00628e-09
3964	8.67427e-09
3965	8.8124e-09
3966	8.18452e-09
3967	8.82016e-09
3968	8.78235e-09
3969	8.44486e-09
3970	8.47779e-09
3971	7.9947e-09
3972	8.56292e-09
3973	8.60013e-09
3974	8.366e-09
3975	8.4787e-09
3976	8.21151e-09
3977	8.51076e-09
3978	8.78102e-09
3979	8.55514e-09
3980	8.69025e-09
3981	8.66304e-09
3982	8.65108e-09
3983	9.17915e-09
3984	8.90136e-09
3985	8.83366e-09
3986	8.99573e-09
3987	8.69775e-09
3988	9.26933e-09
3989	8.96777e-09
3990	8.82371e-09
3991	9.01944e-09
3992	8.60099e-09
3993	9.19936e-09
3994	8.99284e-09
3995	8.74131e-09
3996	8.87959e-09
3997	8.29898e-09
3998	8.94274e-09
3999	9.00213e-09
4000	8.68255e-09
4001	8.79689e-09
4002	8.41509e-09
4003	8.88397e-09
4004	9.04464e-09
4005	8.72955e-09
4006	8.74758e-09
4007	8.5e-09
4008	8.70952e-09
4009	8.88135e-09
4010	8.75434e-09
4011	8.69303e-09
4012	8.60795e-09
4013	8.57833e-09
4014	8.91568e-09
4015	8.86763e-09
4016	8.79772e-09
4017	8.83919e-09
4018	8.64782e-09
4019	9.13404e-09
4020	8.99974e-09
4021	8.77591e-09
4022	8.87085e-09
4023	8.69164e-09
4024	9.12154e-09
4025	9.07129e-09
4026	8.92102e-09
4027	8.98883e-09
4028	8.87378e-09
4029	9.31375e-09
4030	9.28069e-09
4031	9.11671e-09
4032	9.19279e-09
4033	8.93826e-09
4034	9.28583e-09
4035	9.39067e-09
4036	9.07408e-09
4037	9.09168e-09
4038	8.84233e-09
4039	8.98636e-09
4040	9.24839e-09
4041	8.88384e-09
4042	8.78324e-09
4043	8.59534e-09
4044	8.65299e-09
4045	8.86933e-09
4046	8.73325e-09
4047	8.58783e-09
4048	8.38205e-09
4049	8.44524e-09
4050	8.68421e-09
4051	8.73817e-09
4052	8.6506e-09
4053	8.51527e-09
4054	8.45566e-09
4055	8.72375e-09
4056	8.87501e-09
4057	8.54917e-09
4058	8.52775e-09
4059	8.52114e-09
4060	8.5284e-09
4061	8.79551e-09
4062	8.56183e-09
4063	8.38439e-09
4064	8.58706e-09
4065	8.50942e-09
4066	8.56582e-09
4067	8.46265e-09
4068	8.34926e-09
4069	8.47332e-09
4070	8.44235e-09
4071	8.5838e-09
4072	8.44455e-09
4073	8.45947e-09
4074	8.47193e-09
4075	8.52162e-09
4076	8.72052e-09
4077	8.65662e-09
4078	8.61771e-09
4079	8.57413e-09
4080	8.74284e-09
4081	8.91728e-09
4082	8.92051e-09
4083	8.78959e-09
4084	8.58984e-09
4085	8.89183e-09
4086	8.90696e-09
4087	8.96364e-09
4088	8.83889e-09
4089	8.46052e-09
4090	8.84678e-09
4091	8.67943e-09
4092	8.77512e-09
4093	8.64493e-09
4094	8.30855e-09
4095	8.78969e-09
4096	8.49731e-09
4097	8.74959e-09
4098	8.7459e-09
4099	8.46698e-09
4100	8.83277e-09
4101	8.51298e-09
4102	8.74125e-09
4103	8.81737e-09
4104	8.50186e-09
4105	8.61196e-09
4106	8.55131e-09
4107	8.64741e-09
4108	8.76373e-09
4109	8.48293e-09
4110	8.60782e-09
4111	8.74436e-09
4112	8.60203e-09
4113	8.80209e-09
4114	8.57788e-09
4115	8.60941e-09
4116	8.89362e-09
4117	8.53467e-09
4118	8.77891e-09
4119	8.6577e-09
4120	8.45537e-09
4121	8.87191e-09
4122	8.51201e-09
4123	8.72686e-09
4124	8.84599e-09
4125	8.57951e-09
4126	8.96532e-09
4127	8.83777e-09
4128	8.8525e-09
4129	9.01329e-09
4130	8.77236e-09
4131	9.11517e-09
4132	8.98681e-09
4133	8.83946e-09
4134	9.12452e-09
4135	8.73111e-09
4136	9.01652e-09
4137	9.05961e-09
4138	8.71267e-09
4139	9.03317e-09
4140	8.79543e-09
4141	9.02378e-09
4142	9.13067e-09
4143	8.87609e-09
4144	9.15527e-09
4145	9.0419e-09
4146	9.39578e-09
4147	9.28723e-09
4148	9.19961e-09
4149	9.41234e-09
4150	9.13818e-09
4151	9.53731e-09
4152	9.31566e-09
4153	9.31808e-09
4154	9.39177e-09
4155	9.07255e-09
4156	9.52321e-09
4157	9.25922e-09
4158	9.28448e-09
4159	9.16551e-09
4160	8.96667e-09
4161	9.2784e-09
4162	9.07942e-09
4163	9.1024e-09
4164	8.94401e-09
4165	8.70671e-09
4166	9.01671e-09
4167	8.90984e-09
4168	8.65187e-09
4169	8.60535e-09
4170	8.52055e-09
4171	8.69978e-09
4172	8.83448e-09
4173	8.59952e-09
4174	8.57352e-09
4175	8.65177e-09
4176	8.79157e-09
4177	8.94374e-09
4178	8.71782e-09
4179	8.77484e-09
4180	8.68461e-09
4181	8.7513e-09
4182	8.99239e-09
4183	8.72228e-09
4184	8.77438e-09
4185	8.59649e-09
4186	8.54391e-09
4187	8.92977e-09
4188	8.58021e-09
4189	8.55218e-09
4190	8.5042e-09
4191	8.38748e-09
4192	8.96202e-09
4193	8.61732e-09
4194	8.54344e-09
4195	8.58999e-09
4196	8.3097e-09
4197	9.05559e-09
4198	8.68773e-09
4199	8.68221e-09
4200	8.82599e-09
4201	8.20968e-09
4202	9.07659e-09
4203	8.78307e-09
4204	8.64024e-09
4205	8.90234e-09
4206	8.23554e-09
4207	8.89758e-09
4208	8.79893e-09
4209	8.65717e-09
4210	8.73326e-09
4211	8.26287e-09
4212	8.80016e-09
4213	8.78766e-09
4214	8.51272e-09
4215	8.60429e-09
4216	8.25263e-09
4217	8.55748e-09
4218	8.87946e-09
4219	8.48296e-09
4220	8.59344e-09
4221	8.48296e-09
4222	8.51533e-09
4223	9.04196e-09
4224	8.63844e-09
4225	8.66006e-09
4226	8.75576e-09
4227	8.50475e-09
4228	9.00016e-09
4229	8.77679e-09
4230	8.70095e-09
4231	8.77689e-09
4232	8.355e-09
4233	9.01367e-09
4234	8.6999e-09
4235	8.68365e-09
4236	8.7993e-09
4237	8.14523e-09
4238	8.97678e-09
4239	8.81969e-09
4240	8.57693e-09
4241	8.75724e-09
4242	8.10349e-09
4243	8.79675e-09
4244	8.86126e-09
4245	8.67768e-09
4246	8.70522e-09
4247	8.38943e-09
4248	8.85994e-09
4249	9.00523e-09
4250	8.70063e-09
4251	8.81877e-09
4252	8.6261e-09
4253	8.67644e-09
4254	9.06689e-09
4255	8.66205e-09
4256	8.75133e-09
4257	8.82193e-09
4258	8.54566e-09
4259	9.10617e-09
4260	8.79209e-09
4261	8.75315e-09
4262	8.96051e-09
4263	8.4983e-09
4264	9.1197e-09
4265	9.00369e-09
4266	8.78699e-09
4267	8.96126e-09
4268	8.46673e-09
4269	9.14105e-09
4270	9.06587e-09
4271	8.90388e-09
4272	8.97519e-09
4273	8.46363e-09
4274	9.24505e-09
4275	9.35755e-09
4276	9.07731e-09
4277	9.23678e-09
4278	8.8294e-09
4279	9.22342e-09
4280	9.41861e-09
4281	9.17367e-09
4282	9.15253e-09
4283	9.03765e-09
4284	9.04385e-09
4285	9.3255e-09
4286	9.1605e-09
4287	9.06398e-09
4288	9.07544e-09
4289	8.94203e-09
4290	9.30848e-09
4291	9.06401e-09
4292	9.05107e-09
4293	9.16077e-09
4294	8.83037e-09
4295	9.42674e-09
4296	9.17524e-09
4297	8.99438e-09
4298	9.15366e-09
4299	8.63504e-09
4300	9.17762e-09
4301	9.14558e-09
4302	8.78296e-09
4303	8.86531e-09
4304	8.46172e-09
4305	8.8148e-09
4306	8.89366e-09
4307	8.61059e-09
4308	8.57876e-09
4309	8.1858e-09
4310	8.52379e-09
4311	8.70803e-09
4312	8.41049e-09
4313	8.37343e-09
4314	8.17576e-09
4315	8.30158e-09
4316	8.6032e-09
4317	8.52931e-09
4318	8.42767e-09
4319	8.45884e-09
4320	8.4063e-09
4321	8.80041e-09
4322	8.81312e-09
4323	8.70476e-09
4324	8.69191e-09
4325	8.58465e-09
4326	8.98433e-09
4327	8.99538e-09
4328	8.79906e-09
4329	8.83241e-09
4330	8.81721e-09
4331	9.08185e-09
4332	9.08362e-09
4333	8.87806e-09
4334	8.87563e-09
4335	8.84834e-09
4336	9.09123e-09
4337	9.14556e-09
4338	8.98707e-09
4339	8.97582e-09
4340	8.9408e-09
4341	9.17656e-09
4342	9.33633e-09
4343	9.13489e-09
4344	9.1865e-09
4345	8.96006e-09
4346	9.11866e-09
4347	9.39744e-09
4348	9.07207e-09
4349	9.06848e-09
4350	8.80404e-09
4351	8.80278e-09
4352	9.1062e-09
4353	8.90235e-09
4354	8.65274e-09
4355	8.47246e-09
4356	8.66224e-09
4357	8.69731e-09
4358	8.75407e-09
4359	8.62454e-09
4360	8.3807e-09
4361	8.62968e-09
4362	8.55264e-09
4363	8.77909e-09
4364	8.68745e-09
4365	8.53527e-09
4366	8.7259e-09
4367	8.73748e-09
4368	9.06116e-09
4369	8.88517e-09
4370	8.88647e-09
4371	9.16101e-09
4372	8.99373e-09
4373	9.34811e-09
4374	9.20942e-09
4375	9.08718e-09
4376	9.3523e-09
4377	9.15927e-09
4378	9.29682e-09
4379	9.38977e-09
4380	9.18826e-09
4381	9.21608e-09
4382	9.29579e-09
4383	9.28508e-09
4384	9.35169e-09
4385	9.29396e-09
4386	9.14124e-09
4387	9.39128e-09
4388	9.37604e-09
4389	9.43019e-09
4390	9.34885e-09
4391	9.22543e-09
4392	9.61702e-09
4393	9.39798e-09
4394	9.52744e-09
4395	9.50466e-09
4396	9.27554e-09
4397	9.66398e-09
4398	9.3183e-09
4399	9.3609e-09
4400	9.38393e-09
4401	9.04717e-09
4402	9.36338e-09
4403	9.06144e-09
4404	9.02421e-09
4405	9.09753e-09
4406	8.6894e-09
4407	9.0062e-09
4408	8.88147e-09
4409	8.6515e-09
4410	8.83973e-09
4411	8.46398e-09
4412	8.7212e-09
4413	8.63422e-09
4414	8.34932e-09
4415	8.69641e-09
4416	8.3281e-09
4417	8.59515e-09
4418	8.5446e-09
4419	8.31573e-09
4420	8.64963e-09
4421	8.3944e-09
4422	8.57639e-09
4423	8.62619e-09
4424	8.38373e-09
4425	8.58705e-09
4426	8.45333e-09
4427	8.53365e-09
4428	8.65891e-09
4429	8.4014e-09
4430	8.46598e-09
4431	8.57587e-09
4432	8.53285e-09
4433	8.63727e-09
4434	8.52259e-09
4435	8.41331e-09
4436	8.59241e-09
4437	8.44947e-09
4438	8.63961e-09
4439	8.52609e-09
4440	8.4472e-09
4441	8.67641e-09
4442	8.49381e-09
4443	8.74799e-09
4444	8.51169e-09
4445	8.32321e-09
4446	8.53405e-09
4447	8.29343e-09
4448	8.56623e-09
4449	8.31171e-09
4450	8.16866e-09
4451	8.34011e-09
4452	8.12701e-09
4453	8.46096e-09
4454	8.26041e-09
4455	8.20182e-09
4456	8.17174e-09
4457	8.0006e-09
4458	8.47719e-09
4459	8.10683e-09
4460	8.21617e-09
4461	8.22659e-09
4462	7.85237e-09
4463	8.56703e-09
4464	8.24481e-09
4465	8.15473e-09
4466	8.28192e-09
4467	7.99513e-09
4468	8.64153e-09
4469	8.38551e-09
4470	8.34687e-09
4471	8.42926e-09
4472	8.19834e-09
4473	8.8345e-09
4474	8.57036e-09
4475	8.63284e-09
4476	8.73934e-09
4477	8.33445e-09
4478	8.87401e-09
4479	8.92668e-09
4480	8.6583e-09
4481	8.82051e-09
4482	8.53302e-09
4483	8.71305e-09
4484	8.98697e-09
4485	8.62703e-09
4486	8.69305e-09
4487	8.56448e-09
4488	8.65308e-09
4489	8.9413e-09
4490	8.66788e-09
4491	8.65343e-09
4492	8.41533e-09
4493	8.41769e-09
4494	8.84713e-09
4495	8.47136e-09
4496	8.48373e-09
4497	8.38272e-09
4498	8.10409e-09
4499	8.80709e-09
4500	8.40256e-09
4501	8.35163e-09
4502	8.44558e-09
4503	7.88635e-09
4504	8.61894e-09
4505	8.37257e-09
4506	8.33857e-09
4507	8.46894e-09
4508	7.91311e-09
4509	8.62913e-09
4510	8.52295e-09
4511	8.47618e-09
4512	8.67495e-09
4513	8.21189e-09
4514	8.82692e-09
4515	8.93253e-09
4516	8.68953e-09
4517	8.90775e-09
4518	8.63356e-09
4519	8.94422e-09
4520	9.39437e-09
4521	8.94983e-09
4522	9.02555e-09
4523	8.94637e-09
4524	9.02771e-09
4525	9.50597e-09
4526	9.07019e-09
4527	9.04846e-09
4528	9.10275e-09
4529	8.84404e-09
4530	9.38016e-09
4531	9.04438e-09
4532	8.98621e-09
4533	9.04784e-09
4534	8.52605e-09
4535	9.28702e-09
4536	9.04886e-09
4537	8.9177e-09
4538	9.05291e-09
4539	8.4253e-09
4540	9.09701e-09
4541	8.93311e-09
4542	8.80877e-09
4543	8.89029e-09
4544	8.3233e-09
4545	8.91195e-09
4546	8.81378e-09
4547	8.70138e-09
4548	8.74454e-09
4549	8.25747e-09
4550	8.75898e-09
4551	8.97582e-09
4552	8.51343e-09
4553	8.57118e-09
4554	8.4059e-09
4555	8.48402e-09
4556	8.9715e-09
4557	8.46669e-09
4558	8.51733e-09
4559	8.65377e-09
4560	8.39776e-09
4561	8.92858e-09
4562	8.69714e-09
4563	8.61033e-09
4564	8.73601e-09
4565	8.39621e-09
4566	9.091e-09
4567	8.84318e-09
4568	8.7435e-09
4569	8.89958e-09
4570	8.33076e-09
4571	9.09424e-09
4572	8.95679e-09
4573	8.70943e-09
4574	8.88371e-09
4575	8.31684e-09
4576	8.97772e-09
4577	8.92857e-09
4578	8.74815e-09
4579	8.7504e-09
4580	8.38992e-09
4581	8.88483e-09
4582	9.04613e-09
4583	8.8256e-09
4584	8.94782e-09
4585	8.80729e-09
4586	9.07454e-09
4587	9.48132e-09
4588	9.05465e-09
4589	9.084e-09
4590	9.15318e-09
4591	8.88805e-09
4592	9.50233e-09
4593	9.16896e-09
4594	9.02455e-09
4595	9.25668e-09
4596	8.80275e-09
4597	9.4066e-09
4598	9.26286e-09
4599	8.99381e-09
4600	9.17644e-09
4601	8.6726e-09
4602	9.26137e-09
4603	9.1488e-09
4604	8.8721e-09
4605	8.91379e-09
4606	8.37877e-09
4607	9.13734e-09
4608	9.12862e-09
4609	8.83433e-09
4610	8.99522e-09
4611	8.60185e-09
4612	9.10995e-09
4613	9.36341e-09
4614	9.15356e-09
4615	9.26115e-09
4616	9.19314e-09
4617	9.32261e-09
4618	9.69384e-09
4619	9.54557e-09
4620	9.48065e-09
4621	9.54551e-09
4622	9.47928e-09
4623	9.89575e-09
4624	9.61425e-09
4625	9.58241e-09
4626	9.75745e-09
4627	9.46463e-09
4628	2.57343e-09
4629	9.52091e-09
4630	9.65729e-09
4631	9.96163e-09
4632	9.41855e-09
4633	9.98426e-09
4634	9.98348e-09
4635	9.72012e-09
4636	9.84772e-09
4637	9.40947e-09
4638	9.95464e-09
4639	2.56532e-09
4640	9.35446e-09
4641	9.71247e-09
4642	9.37989e-09
4643	9.71442e-09
4644	9.8999e-09
4645	9.54643e-09
4646	9.61661e-09
4647	9.43385e-09
4648	9.5476e-09
4649	9.75918e-09
4650	9.63158e-09
4651	9.51714e-09
4652	9.52572e-09
4653	9.38266e-09
4654	9.63303e-09
4655	9.60868e-09
4656	9.45408e-09
4657	9.39972e-09
4658	9.22862e-09
4659	9.67355e-09
4660	9.56183e-09
4661	9.38707e-09
4662	9.4157e-09
4663	9.27548e-09
4664	9.62769e-09
4665	9.50028e-09
4666	9.31271e-09
4667	9.41876e-09
4668	9.25014e-09
4669	9.46957e-09
4670	9.4667e-09
4671	9.29559e-09
4672	9.28286e-09
4673	9.07771e-09
4674	9.31009e-09
4675	9.40339e-09
4676	9.09953e-09
4677	9.11673e-09
4678	8.85276e-09
4679	9.03173e-09
4680	9.26977e-09
4681	8.88667e-09
4682	8.95631e-09
4683	8.73147e-09
4684	8.74646e-09
4685	9.09608e-09
4686	8.88591e-09
4687	8.73706e-09
4688	8.50102e-09
4689	8.61161e-09
4690	8.70302e-09
4691	8.70651e-09
4692	8.51667e-09
4693	8.18414e-09
4694	8.4165e-09
4695	8.42445e-09
4696	8.55265e-09
4697	8.42875e-09
4698	8.23468e-09
4699	8.28389e-09
4700	8.29239e-09
4701	8.45912e-09
4702	8.23161e-09
4703	8.17732e-09
4704	8.26453e-09
4705	8.17679e-09
4706	8.48284e-09
4707	8.29673e-09
4708	8.27447e-09
4709	8.42467e-09
4710	8.26384e-09
4711	8.49904e-09
4712	8.49002e-09
4713	8.35527e-09
4714	8.35538e-09
4715	8.47712e-09
4716	8.51087e-09
4717	8.45774e-09
4718	8.39608e-09
4719	8.23041e-09
4720	8.42306e-09
4721	8.41226e-09
4722	8.38808e-09
4723	8.29362e-09
4724	8.1165e-09
4725	8.36818e-09
4726	8.19767e-09
4727	8.30882e-09
4728	8.26937e-09
4729	7.94647e-09
4730	8.36428e-09
4731	8.23296e-09
4732	8.32387e-09
4733	8.32164e-09
4734	8.04703e-09
4735	8.33554e-09
4736	8.05613e-09
4737	8.12254e-09
4738	8.17198e-09
4739	7.80449e-09
4740	8.06797e-09
4741	7.89181e-09
4742	7.88766e-09
4743	8.09246e-09
4744	7.68393e-09
4745	7.90029e-09
4746	7.83084e-09
4747	7.68641e-09
4748	7.94595e-09
4749	7.53109e-09
4750	7.75894e-09
4751	7.79127e-09
4752	7.62077e-09
4753	7.89426e-09
4754	7.65999e-09
4755	7.77267e-09
4756	7.92556e-09
4757	7.72212e-09
4758	8.01481e-09
4759	7.90526e-09
4760	7.98783e-09
4761	8.21095e-09
4762	7.95173e-09
4763	8.13277e-09
4764	8.23695e-09
4765	8.07936e-09
4766	8.35555e-09
4767	8.26965e-09
4768	8.17657e-09
4769	8.44027e-09
4770	8.27226e-09
4771	8.46906e-09
4772	8.39745e-09
4773	8.26543e-09
4774	8.48678e-09
4775	8.32589e-09
4776	8.58733e-09
4777	8.44041e-09
4778	8.27342e-09
4779	8.62241e-09
4780	8.43388e-09
4781	8.77021e-09
4782	8.63269e-09
4783	8.46518e-09
4784	8.68111e-09
4785	8.3772e-09
4786	8.66786e-09
4787	8.54913e-09
4788	8.46691e-09
4789	8.42113e-09
4790	8.21487e-09
4791	8.66046e-09
4792	8.33859e-09
4793	8.4122e-09
4794	8.33015e-09
4795	7.94415e-09
4796	8.60889e-09
4797	8.27096e-09
4798	8.22084e-09
4799	8.26513e-09
4800	7.93258e-09
4801	8.47827e-09
4802	8.2961e-09
4803	8.25859e-09
4804	8.2208e-09
4805	8.13606e-09
4806	8.64558e-09
4807	8.51842e-09
4808	8.4889e-09
4809	8.52904e-09
4810	8.36203e-09
4811	8.81855e-09
4812	8.85583e-09
4813	8.62875e-09
4814	8.78113e-09
4815	8.6359e-09
4816	8.84409e-09
4817	9.09229e-09
4818	8.73514e-09
4819	8.7662e-09
4820	8.59763e-09
4821	8.70359e-09
4822	8.98163e-09
4823	8.7066e-09
4824	8.71507e-09
4825	8.51381e-09
4826	8.5679e-09
4827	9.00642e-09
4828	8.68652e-09
4829	8.74742e-09
4830	8.58637e-09
4831	8.48078e-09
4832	9.16634e-09
4833	8.73712e-09
4834	8.68658e-09
4835	8.72059e-09
4836	8.39359e-09
4837	9.06721e-09
4838	8.68827e-09
4839	8.73214e-09
4840	8.79932e-09
4841	8.37812e-09
4842	9.02599e-09
4843	8.87191e-09
4844	8.84141e-09
4845	8.94767e-09
4846	8.5515e-09
4847	9.10573e-09
4848	9.15335e-09
4849	8.809e-09
4850	8.97152e-09
4851	8.6925e-09
4852	8.96343e-09
4853	9.28594e-09
4854	8.91447e-09
4855	9.05413e-09
4856	8.87645e-09
4857	9.04039e-09
4858	9.47321e-09
4859	9.11871e-09
4860	9.14229e-09
4861	9.0273e-09
4862	9.05286e-09
4863	9.65517e-09
4864	9.25978e-09
4865	9.21152e-09
4866	9.19016e-09
4867	8.93988e-09
4868	9.68754e-09
4869	9.31919e-09
4870	9.27244e-09
4871	9.36486e-09
4872	8.88175e-09
4873	9.58076e-09
4874	9.41081e-09
4875	9.45136e-09
4876	9.57307e-09
4877	9.14363e-09
4878	9.84421e-09
4879	9.7171e-09
4880	9.69242e-09
4881	9.79268e-09
4882	9.32901e-09
4883	9.90013e-09
4884	9.98023e-09
4885	9.56213e-09
4886	9.71331e-09
4887	9.48926e-09
4888	9.67223e-09
4889	2.61235e-09
4890	9.30716e-09
4891	9.65241e-09
4892	9.59014e-09
4893	9.58054e-09
4894	2.59121e-09
4895	9.31544e-09
4896	9.59948e-09
4897	9.62668e-09
4898	9.36353e-09
4899	9.9118e-09
4900	9.56709e-09
4901	9.5625e-09
4902	9.62651e-09
4903	9.15264e-09
4904	9.86772e-09
4905	9.59555e-09
4906	9.45328e-09
4907	9.61699e-09
4908	9.01408e-09
4909	9.66678e-09
4910	9.50752e-09
4911	9.42426e-09
4912	9.45156e-09
4913	8.94464e-09
4914	9.53112e-09
4915	9.40964e-09
4916	9.27892e-09
4917	9.32421e-09
4918	8.84462e-09
4919	9.38333e-09
4920	9.54207e-09
4921	9.05805e-09
4922	9.15644e-09
4923	9.02949e-09
4924	9.10575e-09
4925	9.6016e-09
4926	9.16393e-09
4927	9.24662e-09
4928	9.33613e-09
4929	9.10346e-09
4930	9.60951e-09
4931	9.29671e-09
4932	9.19061e-09
4933	9.27309e-09
4934	8.82965e-09
4935	9.34262e-09
4936	9.10531e-09
4937	8.96102e-09
4938	9.03344e-09
4939	8.39173e-09
4940	9.10104e-09
4941	8.91326e-09
4942	8.62307e-09
4943	8.79312e-09
4944	8.10649e-09
4945	8.72846e-09
4946	8.71362e-09
4947	8.46234e-09
4948	8.49723e-09
4949	8.02689e-09
4950	8.58402e-09
4951	8.74234e-09
4952	8.57035e-09
4953	8.63568e-09
4954	8.4071e-09
4955	8.74422e-09
4956	9.0208e-09
4957	8.70418e-09
4958	8.78392e-09
4959	8.79534e-09
4960	8.74968e-09
4961	9.23268e-09
4962	8.88589e-09
4963	8.82451e-09
4964	8.96808e-09
4965	8.61523e-09
4966	9.18069e-09
4967	8.9435e-09
4968	8.73122e-09
4969	8.87124e-09
4970	8.42914e-09
4971	9.04373e-09
4972	8.92466e-09
4973	8.66914e-09
4974	8.77457e-09
4975	8.26044e-09
4976	8.95342e-09
4977	9.02138e-09
4978	8.60522e-09
4979	8.69958e-09
4980	8.25678e-09
4981	8.5912e-09
4982	8.77249e-09
4983	8.48587e-09
4984	8.41831e-09
4985	8.22355e-09
4986	8.38105e-09
4987	8.56911e-09
4988	8.48601e-09
4989	8.42803e-09
4990	8.28471e-09
4991	8.27238e-09
4992	8.62642e-09
4993	8.47557e-09
4994	8.36212e-09
4995	8.45069e-09
4996	8.28227e-09
4997	8.76094e-09
4998	8.60369e-09
4999	8.43892e-09
5000	8.55603e-09
