1	0.00100615
2	0.000203993
3	0.000297124
4	0.000239189
5	0.000207925
6	0.000184045
7	0.000166034
8	0.000151902
9	0.000141227
10	0.000132491
11	0.000123868
12	0.000115081
13	0.000106324
14	9.77989e-05
15	8.97463e-05
16	8.23358e-05
17	7.57171e-05
18	6.98672e-05
19	6.47252e-05
20	6.0231e-05
21	5.6226e-05
22	5.26358e-05
23	4.93975e-05
24	4.64771e-05
25	4.3814e-05
26	4.13677e-05
27	3.91046e-05
28	3.70168e-05
29	3.50842e-05
30	3.32968e-05
31	3.16531e-05
32	3.00919e-05
33	2.8623e-05
34	2.72394e-05
35	2.59378e-05
36	2.47129e-05
37	2.35493e-05
38	2.24533e-05
39	2.14284e-05
40	2.04676e-05
41	1.95515e-05
42	1.86762e-05
43	1.78441e-05
44	1.70585e-05
45	1.63175e-05
46	1.56153e-05
47	1.49526e-05
48	1.43245e-05
49	1.37311e-05
50	1.31681e-05
51	1.26427e-05
52	1.21492e-05
53	1.16921e-05
54	1.12666e-05
55	1.08737e-05
56	1.05116e-05
57	1.01709e-05
58	9.848e-06
59	9.54906e-06
60	9.26344e-06
61	8.99832e-06
62	8.74715e-06
63	8.51723e-06
64	8.29651e-06
65	8.08812e-06
66	7.89178e-06
67	7.7083e-06
68	7.53702e-06
69	7.37754e-06
70	7.22398e-06
71	7.07834e-06
72	6.93635e-06
73	6.79476e-06
74	6.65654e-06
75	6.52279e-06
76	6.39349e-06
77	6.26479e-06
78	6.13856e-06
79	6.01237e-06
80	5.88582e-06
81	5.75532e-06
82	5.62447e-06
83	5.4912e-06
84	5.35948e-06
85	5.22416e-06
86	5.09188e-06
87	4.95783e-06
88	4.82618e-06
89	4.69419e-06
90	4.5654e-06
91	4.43896e-06
92	4.31889e-06
93	4.20154e-06
94	4.08852e-06
95	3.97987e-06
96	3.87362e-06
97	3.76781e-06
98	3.66478e-06
99	3.56427e-06
100	3.46688e-06
101	3.36822e-06
102	3.27382e-06
103	3.18282e-06
104	3.09656e-06
105	3.01445e-06
106	2.93502e-06
107	2.85932e-06
108	2.78615e-06
109	2.71522e-06
110	2.64777e-06
111	2.58186e-06
112	2.51844e-06
113	2.45706e-06
114	2.39772e-06
115	2.34113e-06
116	2.28692e-06
117	2.23514e-06
118	2.18608e-06
119	2.13801e-06
120	2.09249e-06
121	2.04824e-06
122	2.00469e-06
123	1.96269e-06
124	1.92181e-06
125	1.88093e-06
126	1.84028e-06
127	1.80132e-06
128	1.76241e-06
129	1.72514e-06
130	1.68857e-06
131	1.65268e-06
132	1.61828e-06
133	1.58494e-06
134	1.5526e-06
135	1.5208e-06
136	1.49007e-06
137	1.45945e-06
138	1.42985e-06
139	1.40119e-06
140	1.37389e-06
141	1.34696e-06
142	1.32112e-06
143	1.29568e-06
144	1.27111e-06
145	1.24721e-06
146	1.22374e-06
147	1.20103e-06
148	1.17878e-06
149	1.15742e-06
150	1.1368e-06
151	1.11649e-06
152	1.09714e-06
153	1.07788e-06
154	1.05988e-06
155	1.04143e-06
156	1.02326e-06
157	1.00523e-06
158	9.87484e-07
159	9.70671e-07
160	9.539e-07
161	9.37654e-07
162	9.21551e-07
163	9.06171e-07
164	8.92115e-07
165	8.7714e-07
166	8.63439e-07
167	8.49063e-07
168	8.34818e-07
169	8.2135e-07
170	8.07095e-07
171	7.93952e-07
172	7.80039e-07
173	7.66998e-07
174	7.54156e-07
175	7.40994e-07
176	7.29282e-07
177	7.16528e-07
178	7.04682e-07
179	6.92475e-07
180	6.80371e-07
181	6.69141e-07
182	6.57098e-07
183	6.46034e-07
184	6.34681e-07
185	6.23298e-07
186	6.12166e-07
187	6.0126e-07
188	5.90434e-07
189	5.793e-07
190	5.69165e-07
191	5.58989e-07
192	5.48058e-07
193	5.38156e-07
194	5.27741e-07
195	5.1797e-07
196	5.08775e-07
197	4.989e-07
198	4.89863e-07
199	4.79717e-07
200	4.71157e-07
201	4.62384e-07
202	4.52524e-07
203	4.44068e-07
204	4.3436e-07
205	4.25848e-07
206	4.17482e-07
207	4.07971e-07
208	4.00812e-07
209	3.919e-07
210	3.8403e-07
211	3.77342e-07
212	3.68702e-07
213	3.61643e-07
214	3.54059e-07
215	3.46959e-07
216	3.40674e-07
217	3.33009e-07
218	3.26896e-07
219	3.2024e-07
220	3.14326e-07
221	3.09094e-07
222	3.02131e-07
223	2.96887e-07
224	2.91363e-07
225	2.86561e-07
226	2.82039e-07
227	2.76185e-07
228	2.715e-07
229	2.66176e-07
230	2.62081e-07
231	2.58207e-07
232	2.52808e-07
233	2.48565e-07
234	2.44157e-07
235	2.409e-07
236	2.37632e-07
237	2.32826e-07
238	2.28987e-07
239	2.24859e-07
240	2.22582e-07
241	2.19559e-07
242	2.15823e-07
243	2.11929e-07
244	2.0832e-07
245	2.06375e-07
246	2.03378e-07
247	2.00484e-07
248	1.96926e-07
249	1.93232e-07
250	1.91673e-07
251	1.89103e-07
252	1.86438e-07
253	1.83182e-07
254	1.80144e-07
255	1.77737e-07
256	1.75476e-07
257	1.7261e-07
258	1.693e-07
259	1.66359e-07
260	1.63868e-07
261	1.62212e-07
262	1.59333e-07
263	1.5632e-07
264	1.53939e-07
265	1.51166e-07
266	1.4984e-07
267	1.4716e-07
268	1.44451e-07
269	1.42278e-07
270	1.39348e-07
271	1.38059e-07
272	1.35873e-07
273	1.33038e-07
274	1.31022e-07
275	1.28272e-07
276	1.26972e-07
277	1.25638e-07
278	1.22589e-07
279	1.20959e-07
280	1.18499e-07
281	1.17972e-07
282	1.16852e-07
283	1.14017e-07
284	1.12985e-07
285	1.10159e-07
286	1.09721e-07
287	1.09088e-07
288	1.06741e-07
289	1.05429e-07
290	1.03015e-07
291	1.02736e-07
292	1.01609e-07
293	1.00151e-07
294	9.84232e-08
295	9.62531e-08
296	9.60961e-08
297	9.47401e-08
298	9.41365e-08
299	9.22245e-08
300	9.03441e-08
301	8.98144e-08
302	8.84503e-08
303	8.76747e-08
304	8.672e-08
305	8.52644e-08
306	8.44438e-08
307	8.38463e-08
308	8.21628e-08
309	8.1651e-08
310	8.01257e-08
311	7.8759e-08
312	7.83829e-08
313	7.63621e-08
314	7.5961e-08
315	7.46198e-08
316	7.35317e-08
317	7.33133e-08
318	7.15905e-08
319	7.13209e-08
320	7.0639e-08
321	6.96079e-08
322	6.97256e-08
323	6.83209e-08
324	6.76702e-08
325	6.73551e-08
326	6.65111e-08
327	6.67021e-08
328	6.5539e-08
329	6.46459e-08
330	6.46713e-08
331	6.33101e-08
332	6.39671e-08
333	6.27479e-08
334	6.21098e-08
335	6.22544e-08
336	6.08368e-08
337	6.20297e-08
338	6.04201e-08
339	5.98219e-08
340	6.0017e-08
341	5.86958e-08
342	6.01427e-08
343	5.87931e-08
344	5.86316e-08
345	5.82356e-08
346	5.72113e-08
347	5.8771e-08
348	5.73478e-08
349	5.71092e-08
350	5.69784e-08
351	5.59761e-08
352	5.74414e-08
353	5.71319e-08
354	5.57368e-08
355	5.58953e-08
356	5.54014e-08
357	5.57561e-08
358	5.60295e-08
359	5.41516e-08
360	5.38255e-08
361	5.33786e-08
362	5.33991e-08
363	5.46064e-08
364	5.22442e-08
365	5.21417e-08
366	5.23194e-08
367	5.19742e-08
368	5.37519e-08
369	5.14749e-08
370	5.13845e-08
371	5.15006e-08
372	5.0958e-08
373	5.28107e-08
374	5.08368e-08
375	4.98223e-08
376	5.05088e-08
377	5.07071e-08
378	5.17959e-08
379	5.06467e-08
380	4.95408e-08
381	5.04627e-08
382	4.90498e-08
383	5.25865e-08
384	5.049e-08
385	4.86196e-08
386	5.09845e-08
387	4.75738e-08
388	5.16112e-08
389	4.99956e-08
390	4.85633e-08
391	4.92592e-08
392	4.78288e-08
393	5.05647e-08
394	4.98418e-08
395	4.80325e-08
396	4.93664e-08
397	4.69711e-08
398	4.90911e-08
399	4.99906e-08
400	4.87235e-08
401	4.91743e-08
402	4.78684e-08
403	4.86289e-08
404	5.13624e-08
405	4.84963e-08
406	4.91862e-08
407	4.88255e-08
408	4.84625e-08
409	5.12729e-08
410	4.82518e-08
411	4.80742e-08
412	5.01565e-08
413	4.61079e-08
414	4.9842e-08
415	4.80325e-08
416	4.68996e-08
417	4.87185e-08
418	4.55632e-08
419	4.8649e-08
420	4.87235e-08
421	4.63692e-08
422	4.7757e-08
423	4.53355e-08
424	4.75898e-08
425	4.84179e-08
426	4.62928e-08
427	4.70269e-08
428	4.57881e-08
429	4.71584e-08
430	4.83573e-08
431	4.65843e-08
432	4.68161e-08
433	4.61872e-08
434	4.66437e-08
435	4.88051e-08
436	4.71733e-08
437	4.6868e-08
438	4.72162e-08
439	4.61248e-08
440	4.89352e-08
441	4.70497e-08
442	4.65011e-08
443	4.72565e-08
444	4.59339e-08
445	4.85929e-08
446	4.7511e-08
447	4.66863e-08
448	4.79642e-08
449	4.60673e-08
450	4.81952e-08
451	4.878e-08
452	4.68211e-08
453	4.78869e-08
454	4.60543e-08
455	4.77661e-08
456	4.87055e-08
457	4.58081e-08
458	4.67504e-08
459	4.50492e-08
460	4.59326e-08
461	4.73534e-08
462	4.43471e-08
463	4.48905e-08
464	4.36949e-08
465	4.3838e-08
466	4.5047e-08
467	4.2829e-08
468	4.31769e-08
469	4.2122e-08
470	4.24075e-08
471	4.34828e-08
472	4.25763e-08
473	4.23146e-08
474	4.15666e-08
475	4.20701e-08
476	4.28758e-08
477	4.30956e-08
478	4.30911e-08
479	4.29125e-08
480	4.25705e-08
481	4.39415e-08
482	4.45264e-08
483	4.38177e-08
484	4.44591e-08
485	4.35915e-08
486	4.45766e-08
487	4.58073e-08
488	4.4174e-08
489	4.46688e-08
490	4.38504e-08
491	4.46834e-08
492	4.51598e-08
493	4.347e-08
494	4.45843e-08
495	4.31384e-08
496	4.45032e-08
497	4.46391e-08
498	4.34058e-08
499	4.4423e-08
500	4.28814e-08
501	4.4126e-08
502	4.37249e-08
503	4.273e-08
504	4.35105e-08
505	4.16062e-08
506	4.28412e-08
507	4.23455e-08
508	4.12744e-08
509	4.15748e-08
510	4.0231e-08
511	4.11802e-08
512	4.07371e-08
513	4.02576e-08
514	4.06733e-08
515	3.94743e-08
516	4.01199e-08
517	3.99331e-08
518	3.90224e-08
519	3.95901e-08
520	3.88178e-08
521	3.92703e-08
522	3.93669e-08
523	3.86801e-08
524	3.9858e-08
525	3.89056e-08
526	3.97981e-08
527	4.00944e-08
528	3.88641e-08
529	4.01732e-08
530	3.95633e-08
531	3.989e-08
532	4.08937e-08
533	3.97484e-08
534	4.11013e-08
535	4.0585e-08
536	4.03915e-08
537	4.18559e-08
538	4.04194e-08
539	4.14384e-08
540	4.13106e-08
541	4.06503e-08
542	4.22588e-08
543	4.11946e-08
544	4.12448e-08
545	4.21455e-08
546	4.18033e-08
547	4.31024e-08
548	4.21745e-08
549	4.15908e-08
550	4.31743e-08
551	4.22238e-08
552	4.31946e-08
553	4.26044e-08
554	4.11103e-08
555	4.25025e-08
556	4.13955e-08
557	4.22441e-08
558	4.18803e-08
559	4.08221e-08
560	4.20768e-08
561	4.05315e-08
562	4.24358e-08
563	4.14812e-08
564	4.03595e-08
565	4.16337e-08
566	4.0212e-08
567	4.25583e-08
568	4.13741e-08
569	4.08651e-08
570	4.20916e-08
571	4.03093e-08
572	4.33249e-08
573	4.22691e-08
574	4.16641e-08
575	4.28874e-08
576	4.14206e-08
577	4.40041e-08
578	4.37264e-08
579	4.31108e-08
580	4.39123e-08
581	4.32585e-08
582	4.48711e-08
583	4.54177e-08
584	4.41554e-08
585	4.47621e-08
586	4.4843e-08
587	4.55586e-08
588	4.68152e-08
589	4.50149e-08
590	4.56928e-08
591	4.59109e-08
592	4.602e-08
593	4.81784e-08
594	4.62293e-08
595	4.62649e-08
596	4.66314e-08
597	4.62277e-08
598	4.87981e-08
599	4.66632e-08
600	4.59041e-08
601	4.64717e-08
602	4.56245e-08
603	4.78455e-08
604	4.57442e-08
605	4.50278e-08
606	4.56925e-08
607	4.44637e-08
608	4.70103e-08
609	4.50469e-08
610	4.40608e-08
611	4.50563e-08
612	4.34078e-08
613	4.58874e-08
614	4.51037e-08
615	4.38273e-08
616	4.49565e-08
617	4.29423e-08
618	4.54826e-08
619	4.53413e-08
620	4.39798e-08
621	4.5047e-08
622	4.35823e-08
623	4.54267e-08
624	4.68933e-08
625	4.48903e-08
626	4.58426e-08
627	4.48824e-08
628	4.60338e-08
629	4.79345e-08
630	4.52461e-08
631	4.64694e-08
632	4.59793e-08
633	4.60846e-08
634	4.88823e-08
635	4.62297e-08
636	4.5983e-08
637	4.64323e-08
638	4.61391e-08
639	4.86064e-08
640	4.67085e-08
641	4.56994e-08
642	4.65962e-08
643	4.54396e-08
644	4.83245e-08
645	4.69656e-08
646	4.56049e-08
647	4.6822e-08
648	4.46839e-08
649	4.73769e-08
650	4.69195e-08
651	4.50869e-08
652	4.59775e-08
653	4.3551e-08
654	4.59813e-08
655	4.57518e-08
656	4.37501e-08
657	4.48488e-08
658	4.26978e-08
659	4.4822e-08
660	4.56281e-08
661	4.36159e-08
662	4.45456e-08
663	4.30335e-08
664	4.47343e-08
665	4.60473e-08
666	4.36771e-08
667	4.45822e-08
668	4.37385e-08
669	4.43102e-08
670	4.73761e-08
671	4.47916e-08
672	4.44613e-08
673	4.51459e-08
674	4.43875e-08
675	4.66482e-08
676	4.50727e-08
677	4.38718e-08
678	4.53776e-08
679	4.3482e-08
680	4.60066e-08
681	4.52676e-08
682	4.32469e-08
683	4.47978e-08
684	4.26425e-08
685	4.53011e-08
686	4.49968e-08
687	4.29581e-08
688	4.42689e-08
689	4.17438e-08
690	4.47824e-08
691	4.49482e-08
692	4.31239e-08
693	4.45125e-08
694	4.21702e-08
695	4.46757e-08
696	4.58731e-08
697	4.37416e-08
698	4.42839e-08
699	4.32129e-08
700	4.4323e-08
701	4.59106e-08
702	4.38754e-08
703	4.39805e-08
704	4.39098e-08
705	4.35576e-08
706	4.63054e-08
707	4.43405e-08
708	4.3653e-08
709	4.4819e-08
710	4.33e-08
711	4.6282e-08
712	4.49132e-08
713	4.34563e-08
714	4.55149e-08
715	4.28801e-08
716	4.60547e-08
717	4.54879e-08
718	4.32069e-08
719	4.53404e-08
720	4.26932e-08
721	4.58463e-08
722	4.61216e-08
723	4.3447e-08
724	4.4813e-08
725	4.25543e-08
726	4.51366e-08
727	4.58551e-08
728	4.36819e-08
729	4.45792e-08
730	4.33878e-08
731	4.44327e-08
732	4.62328e-08
733	4.47274e-08
734	4.48472e-08
735	4.49553e-08
736	4.5025e-08
737	4.75553e-08
738	4.62063e-08
739	4.59793e-08
740	4.6715e-08
741	4.56293e-08
742	4.84863e-08
743	4.64586e-08
744	4.5278e-08
745	4.68384e-08
746	4.48259e-08
747	4.75829e-08
748	4.61948e-08
749	4.42903e-08
750	4.55637e-08
751	4.32142e-08
752	4.57943e-08
753	4.51274e-08
754	4.301e-08
755	4.42171e-08
756	4.19975e-08
757	4.36609e-08
758	4.464e-08
759	4.20781e-08
760	4.27314e-08
761	4.11961e-08
762	4.22583e-08
763	4.37959e-08
764	4.14982e-08
765	4.17254e-08
766	4.13242e-08
767	4.17747e-08
768	4.36395e-08
769	4.19308e-08
770	4.16369e-08
771	4.21092e-08
772	4.13736e-08
773	4.36284e-08
774	4.27273e-08
775	4.20194e-08
776	4.25045e-08
777	4.15132e-08
778	4.37351e-08
779	4.30139e-08
780	4.22753e-08
781	4.26089e-08
782	4.2172e-08
783	4.38371e-08
784	4.38594e-08
785	4.27304e-08
786	4.29903e-08
787	4.25604e-08
788	4.39602e-08
789	4.40273e-08
790	4.26389e-08
791	4.34142e-08
792	4.25495e-08
793	4.40316e-08
794	4.50335e-08
795	4.27175e-08
796	4.347e-08
797	4.25804e-08
798	4.32331e-08
799	4.46393e-08
800	4.22283e-08
801	4.2645e-08
802	4.18173e-08
803	4.20556e-08
804	4.34566e-08
805	4.14306e-08
806	4.15377e-08
807	4.06867e-08
808	4.15804e-08
809	4.19535e-08
810	4.12409e-08
811	4.10129e-08
812	3.99476e-08
813	4.08027e-08
814	4.12218e-08
815	4.12361e-08
816	4.10004e-08
817	4.05733e-08
818	4.09717e-08
819	4.15268e-08
820	4.24181e-08
821	4.16438e-08
822	4.14586e-08
823	4.18882e-08
824	4.22255e-08
825	4.30074e-08
826	4.21377e-08
827	4.2347e-08
828	4.23173e-08
829	4.28531e-08
830	4.3714e-08
831	4.30764e-08
832	4.3522e-08
833	4.30013e-08
834	4.4354e-08
835	4.42878e-08
836	4.40728e-08
837	4.47469e-08
838	4.3522e-08
839	4.53754e-08
840	4.48678e-08
841	4.44161e-08
842	4.51969e-08
843	4.36092e-08
844	4.5536e-08
845	4.46963e-08
846	4.4187e-08
847	4.45695e-08
848	4.30188e-08
849	4.4577e-08
850	4.37426e-08
851	4.32626e-08
852	4.34888e-08
853	4.21936e-08
854	4.33372e-08
855	4.27214e-08
856	4.20932e-08
857	4.3116e-08
858	4.18449e-08
859	4.26722e-08
860	4.29101e-08
861	4.14761e-08
862	4.31628e-08
863	4.23245e-08
864	4.29382e-08
865	4.38372e-08
866	4.25965e-08
867	4.39987e-08
868	4.32372e-08
869	4.32947e-08
870	4.43147e-08
871	4.29287e-08
872	4.41238e-08
873	4.38164e-08
874	4.35702e-08
875	4.4712e-08
876	4.33602e-08
877	4.40234e-08
878	4.40911e-08
879	4.38223e-08
880	4.48763e-08
881	4.3588e-08
882	4.37454e-08
883	4.4573e-08
884	4.41649e-08
885	4.52379e-08
886	4.46199e-08
887	4.42345e-08
888	4.55457e-08
889	4.48279e-08
890	4.56463e-08
891	4.50834e-08
892	4.4175e-08
893	4.55385e-08
894	4.44941e-08
895	4.57732e-08
896	4.49578e-08
897	4.3744e-08
898	4.56824e-08
899	4.37912e-08
900	4.53894e-08
901	4.45548e-08
902	4.34223e-08
903	4.48242e-08
904	4.3141e-08
905	4.51365e-08
906	4.40915e-08
907	4.32309e-08
908	4.42468e-08
909	4.26297e-08
910	4.51113e-08
911	4.39373e-08
912	4.3039e-08
913	4.39313e-08
914	4.23884e-08
915	4.47261e-08
916	4.38128e-08
917	4.30314e-08
918	4.3548e-08
919	4.20274e-08
920	4.4658e-08
921	4.38707e-08
922	4.25826e-08
923	4.3659e-08
924	4.23364e-08
925	4.41086e-08
926	4.4774e-08
927	4.29605e-08
928	4.41051e-08
929	4.32036e-08
930	4.4303e-08
931	4.61183e-08
932	4.4007e-08
933	4.47589e-08
934	4.4359e-08
935	4.44388e-08
936	4.70517e-08
937	4.4594e-08
938	4.50556e-08
939	4.50143e-08
940	4.46889e-08
941	4.70055e-08
942	4.4322e-08
943	4.37911e-08
944	4.42686e-08
945	4.33017e-08
946	4.56305e-08
947	4.36302e-08
948	4.24933e-08
949	4.32764e-08
950	4.18272e-08
951	4.45748e-08
952	4.32437e-08
953	4.19148e-08
954	4.3129e-08
955	4.08178e-08
956	4.3861e-08
957	4.34477e-08
958	4.19985e-08
959	4.32532e-08
960	4.08494e-08
961	4.40395e-08
962	4.45165e-08
963	4.24607e-08
964	4.43981e-08
965	4.23326e-08
966	4.44516e-08
967	4.62552e-08
968	4.37047e-08
969	4.45768e-08
970	4.37957e-08
971	4.4778e-08
972	4.68801e-08
973	4.44208e-08
974	4.47407e-08
975	4.46799e-08
976	4.4892e-08
977	4.73044e-08
978	4.5106e-08
979	4.46192e-08
980	4.58031e-08
981	4.44435e-08
982	4.72931e-08
983	4.60475e-08
984	4.48493e-08
985	4.61698e-08
986	4.38197e-08
987	4.68145e-08
988	4.62172e-08
989	4.39263e-08
990	4.53496e-08
991	4.28881e-08
992	4.56567e-08
993	4.53635e-08
994	4.30899e-08
995	4.41014e-08
996	4.16886e-08
997	4.43692e-08
998	4.46689e-08
999	4.2478e-08
1000	4.35885e-08
1001	4.16092e-08
1002	4.32648e-08
1003	4.47942e-08
1004	4.21021e-08
1005	4.24267e-08
1006	4.19677e-08
1007	4.2292e-08
1008	4.47137e-08
1009	4.26783e-08
1010	4.25052e-08
1011	4.34009e-08
1012	4.24175e-08
1013	4.51933e-08
1014	4.37296e-08
1015	4.27067e-08
1016	4.43129e-08
1017	4.20412e-08
1018	4.51116e-08
1019	4.41378e-08
1020	4.18413e-08
1021	4.3705e-08
1022	4.1184e-08
1023	4.42952e-08
1024	4.39452e-08
1025	4.13762e-08
1026	4.30466e-08
1027	4.04947e-08
1028	4.33437e-08
1029	4.37817e-08
1030	4.1374e-08
1031	4.25969e-08
1032	4.08191e-08
1033	4.28404e-08
1034	4.43458e-08
1035	4.24624e-08
1036	4.29345e-08
1037	4.25785e-08
1038	4.27883e-08
1039	4.4849e-08
1040	4.29281e-08
1041	4.26899e-08
1042	4.31391e-08
1043	4.22386e-08
1044	4.48711e-08
1045	4.30811e-08
1046	4.23805e-08
1047	4.38731e-08
1048	4.1938e-08
1049	4.50989e-08
1050	4.35691e-08
1051	4.19496e-08
1052	4.41319e-08
1053	4.13583e-08
1054	4.46656e-08
1055	4.43361e-08
1056	4.17801e-08
1057	4.35678e-08
1058	4.12131e-08
1059	4.39762e-08
1060	4.43586e-08
1061	4.19496e-08
1062	4.31503e-08
1063	4.18563e-08
1064	4.37467e-08
1065	4.48272e-08
1066	4.30052e-08
1067	4.3394e-08
1068	4.25329e-08
1069	4.29234e-08
1070	4.51264e-08
1071	4.37308e-08
1072	4.35811e-08
1073	4.39321e-08
1074	4.32866e-08
1075	4.60659e-08
1076	4.46994e-08
1077	4.40095e-08
1078	4.52658e-08
1079	4.41061e-08
1080	4.67474e-08
1081	4.55061e-08
1082	4.45303e-08
1083	4.57539e-08
1084	4.42826e-08
1085	4.69833e-08
1086	4.57364e-08
1087	4.46787e-08
1088	4.60315e-08
1089	4.41055e-08
1090	4.62588e-08
1091	4.65371e-08
1092	4.44099e-08
1093	4.54502e-08
1094	4.42854e-08
1095	4.56973e-08
1096	4.7074e-08
1097	4.47024e-08
1098	4.51813e-08
1099	4.43453e-08
1100	4.52657e-08
1101	4.7128e-08
1102	4.46554e-08
1103	4.48653e-08
1104	4.44498e-08
1105	4.44217e-08
1106	4.64818e-08
1107	4.48468e-08
1108	4.4744e-08
1109	4.44701e-08
1110	4.41588e-08
1111	4.64158e-08
1112	4.56764e-08
1113	4.51585e-08
1114	4.54605e-08
1115	4.48713e-08
1116	4.64652e-08
1117	4.66081e-08
1118	4.58419e-08
1119	4.58258e-08
1120	4.58464e-08
1121	4.6715e-08
1122	4.69854e-08
1123	4.62059e-08
1124	4.63175e-08
1125	4.61914e-08
1126	4.73174e-08
1127	4.77098e-08
1128	4.60701e-08
1129	4.67484e-08
1130	4.65292e-08
1131	4.74576e-08
1132	4.8088e-08
1133	4.58466e-08
1134	4.67993e-08
1135	4.57709e-08
1136	4.63025e-08
1137	4.693e-08
1138	4.492e-08
1139	4.56837e-08
1140	4.43324e-08
1141	4.53501e-08
1142	4.57102e-08
1143	4.45316e-08
1144	4.50847e-08
1145	4.34914e-08
1146	4.45976e-08
1147	4.48635e-08
1148	4.38368e-08
1149	4.39581e-08
1150	4.27372e-08
1151	4.39653e-08
1152	4.38031e-08
1153	4.35924e-08
1154	4.34227e-08
1155	4.22634e-08
1156	4.37579e-08
1157	4.32485e-08
1158	4.31987e-08
1159	4.35158e-08
1160	4.27515e-08
1161	4.33856e-08
1162	4.34032e-08
1163	4.36696e-08
1164	4.35124e-08
1165	4.31996e-08
1166	4.30405e-08
1167	4.38683e-08
1168	4.345e-08
1169	4.36901e-08
1170	4.35089e-08
1171	4.28162e-08
1172	4.42775e-08
1173	4.32424e-08
1174	4.31668e-08
1175	4.32092e-08
1176	4.1905e-08
1177	4.37372e-08
1178	4.24919e-08
1179	4.24924e-08
1180	4.28884e-08
1181	4.11386e-08
1182	4.30598e-08
1183	4.18862e-08
1184	4.15563e-08
1185	4.17861e-08
1186	4.04485e-08
1187	4.18983e-08
1188	4.09073e-08
1189	3.99935e-08
1190	4.13042e-08
1191	4.00046e-08
1192	4.10049e-08
1193	4.07056e-08
1194	3.91703e-08
1195	4.11016e-08
1196	4.00386e-08
1197	4.03725e-08
1198	4.09372e-08
1199	3.91733e-08
1200	4.07229e-08
1201	3.97778e-08
1202	4.03905e-08
1203	4.05698e-08
1204	3.94262e-08
1205	4.08811e-08
1206	4.0143e-08
1207	4.15751e-08
1208	4.11333e-08
1209	4.06224e-08
1210	4.17809e-08
1211	4.07954e-08
1212	4.28901e-08
1213	4.17081e-08
1214	4.16612e-08
1215	4.24982e-08
1216	4.13433e-08
1217	4.37758e-08
1218	4.23434e-08
1219	4.18011e-08
1220	4.2374e-08
1221	4.14219e-08
1222	4.34147e-08
1223	4.28877e-08
1224	4.23555e-08
1225	4.2735e-08
1226	4.23862e-08
1227	4.36685e-08
1228	4.45296e-08
1229	4.27912e-08
1230	4.3087e-08
1231	4.36608e-08
1232	4.36092e-08
1233	4.53253e-08
1234	4.3513e-08
1235	4.35269e-08
1236	4.39953e-08
1237	4.3584e-08
1238	4.55729e-08
1239	4.35143e-08
1240	4.31319e-08
1241	4.3723e-08
1242	4.31096e-08
1243	4.517e-08
1244	4.31582e-08
1245	4.26603e-08
1246	4.28613e-08
1247	4.20769e-08
1248	4.40701e-08
1249	4.16868e-08
1250	4.12805e-08
1251	4.18847e-08
1252	4.07347e-08
1253	4.3431e-08
1254	4.17516e-08
1255	4.08598e-08
1256	4.18187e-08
1257	4.02224e-08
1258	4.32356e-08
1259	4.23138e-08
1260	4.09868e-08
1261	4.23155e-08
1262	4.03846e-08
1263	4.28236e-08
1264	4.36723e-08
1265	4.1601e-08
1266	4.27591e-08
1267	4.17431e-08
1268	4.31322e-08
1269	4.47285e-08
1270	4.22433e-08
1271	4.32742e-08
1272	4.23828e-08
1273	4.27349e-08
1274	4.53701e-08
1275	4.25877e-08
1276	4.31571e-08
1277	4.32974e-08
1278	4.30036e-08
1279	4.53972e-08
1280	4.31778e-08
1281	4.2384e-08
1282	4.27589e-08
1283	4.17763e-08
1284	4.41631e-08
1285	4.21351e-08
1286	4.09685e-08
1287	4.20392e-08
1288	4.02703e-08
1289	4.28796e-08
1290	4.17664e-08
1291	4.0172e-08
1292	4.13782e-08
1293	3.91373e-08
1294	4.17544e-08
1295	4.1536e-08
1296	3.98909e-08
1297	4.11164e-08
1298	3.91591e-08
1299	4.16485e-08
1300	4.27258e-08
1301	4.08895e-08
1302	4.20969e-08
1303	4.12844e-08
1304	4.30871e-08
1305	4.4563e-08
1306	4.23688e-08
1307	4.32766e-08
1308	4.24743e-08
1309	4.33893e-08
1310	4.61293e-08
1311	4.34174e-08
1312	4.36253e-08
1313	4.37817e-08
1314	4.3412e-08
1315	4.62371e-08
1316	4.42334e-08
1317	4.30773e-08
1318	4.45313e-08
1319	4.27464e-08
1320	4.57498e-08
1321	4.46737e-08
1322	4.30348e-08
1323	4.44439e-08
1324	4.2255e-08
1325	4.51735e-08
1326	4.50988e-08
1327	4.32364e-08
1328	4.44775e-08
1329	4.21719e-08
1330	4.47064e-08
1331	4.49707e-08
1332	4.30875e-08
1333	4.41701e-08
1334	4.23977e-08
1335	4.4366e-08
1336	4.56706e-08
1337	4.3378e-08
1338	4.41153e-08
1339	4.30253e-08
1340	4.43809e-08
1341	4.65014e-08
1342	4.3981e-08
1343	4.42959e-08
1344	4.44405e-08
1345	4.45928e-08
1346	4.75669e-08
1347	4.52307e-08
1348	4.48123e-08
1349	4.60301e-08
1350	4.43803e-08
1351	4.77067e-08
1352	4.67537e-08
1353	4.52067e-08
1354	4.70723e-08
1355	4.5014e-08
1356	4.81717e-08
1357	4.75748e-08
1358	4.55088e-08
1359	4.73317e-08
1360	4.49383e-08
1361	4.78686e-08
1362	4.79323e-08
1363	4.57138e-08
1364	4.72686e-08
1365	4.49993e-08
1366	4.73623e-08
1367	4.8266e-08
1368	4.62798e-08
1369	4.70435e-08
1370	4.56929e-08
1371	4.74996e-08
1372	4.91193e-08
1373	4.69679e-08
1374	4.74643e-08
1375	4.71529e-08
1376	4.76315e-08
1377	4.98677e-08
1378	4.67222e-08
1379	4.7516e-08
1380	4.82881e-08
1381	4.66496e-08
1382	4.93494e-08
1383	4.76829e-08
1384	4.65195e-08
1385	4.80165e-08
1386	4.57858e-08
1387	4.88098e-08
1388	4.78435e-08
1389	4.55062e-08
1390	4.7426e-08
1391	4.49169e-08
1392	4.77452e-08
1393	4.75868e-08
1394	4.5014e-08
1395	4.62338e-08
1396	4.38837e-08
1397	4.67929e-08
1398	4.71774e-08
1399	4.50686e-08
1400	4.60976e-08
1401	4.43166e-08
1402	4.67822e-08
1403	4.79613e-08
1404	4.63279e-08
1405	4.67123e-08
1406	4.62879e-08
1407	4.66387e-08
1408	4.87787e-08
1409	4.73434e-08
1410	4.70575e-08
1411	4.74731e-08
1412	4.68159e-08
1413	4.92966e-08
1414	4.77319e-08
1415	4.68303e-08
1416	4.79049e-08
1417	4.64024e-08
1418	4.93116e-08
1419	4.76219e-08
1420	4.64137e-08
1421	4.83004e-08
1422	4.56431e-08
1423	4.91383e-08
1424	4.83075e-08
1425	4.55356e-08
1426	4.74174e-08
1427	4.46426e-08
1428	4.64686e-08
1429	4.67258e-08
1430	4.41031e-08
1431	4.49506e-08
1432	4.32868e-08
1433	4.44151e-08
1434	4.55513e-08
1435	4.30665e-08
1436	4.33969e-08
1437	4.22779e-08
1438	4.30621e-08
1439	4.44748e-08
1440	4.21486e-08
1441	4.21545e-08
1442	4.19005e-08
1443	4.17666e-08
1444	4.39433e-08
1445	4.25351e-08
1446	4.22782e-08
1447	4.30168e-08
1448	4.20277e-08
1449	4.49448e-08
1450	4.40155e-08
1451	4.31869e-08
1452	4.39537e-08
1453	4.30691e-08
1454	4.52226e-08
1455	4.45382e-08
1456	4.39832e-08
1457	4.42626e-08
1458	4.37226e-08
1459	4.53512e-08
1460	4.50129e-08
1461	4.37237e-08
1462	4.44242e-08
1463	4.33992e-08
1464	4.50342e-08
1465	4.55338e-08
1466	4.3615e-08
1467	4.45783e-08
1468	4.35193e-08
1469	4.47031e-08
1470	4.60322e-08
1471	4.34389e-08
1472	4.43406e-08
1473	4.32569e-08
1474	4.35465e-08
1475	4.49857e-08
1476	4.27554e-08
1477	4.28241e-08
1478	4.18867e-08
1479	4.22495e-08
1480	4.32085e-08
1481	4.182e-08
1482	4.17487e-08
1483	4.05411e-08
1484	4.13171e-08
1485	4.18105e-08
1486	4.14511e-08
1487	4.11389e-08
1488	4.02574e-08
1489	4.06148e-08
1490	4.10021e-08
1491	4.14272e-08
1492	4.07196e-08
1493	4.04768e-08
1494	4.08496e-08
1495	4.15427e-08
1496	4.22966e-08
1497	4.1441e-08
1498	4.17663e-08
1499	4.20579e-08
1500	4.18433e-08
1501	4.29211e-08
1502	4.20049e-08
1503	4.20772e-08
1504	4.20887e-08
1505	4.24427e-08
1506	4.27052e-08
1507	4.18046e-08
1508	4.21906e-08
1509	4.08946e-08
1510	4.21696e-08
1511	4.2082e-08
1512	4.12972e-08
1513	4.1841e-08
1514	4.03406e-08
1515	4.17758e-08
1516	4.15172e-08
1517	4.078e-08
1518	4.10506e-08
1519	3.97684e-08
1520	4.15068e-08
1521	4.08402e-08
1522	4.05596e-08
1523	4.04921e-08
1524	3.90364e-08
1525	4.0492e-08
1526	3.94018e-08
1527	3.89232e-08
1528	3.9325e-08
1529	3.7813e-08
1530	3.88806e-08
1531	3.88796e-08
1532	3.78144e-08
1533	3.88301e-08
1534	3.78613e-08
1535	3.84343e-08
1536	3.85596e-08
1537	3.73821e-08
1538	3.85773e-08
1539	3.75678e-08
1540	3.79467e-08
1541	3.87074e-08
1542	3.733e-08
1543	3.86263e-08
1544	3.81576e-08
1545	3.75702e-08
1546	3.95807e-08
1547	3.82061e-08
1548	3.90283e-08
1549	3.93042e-08
1550	3.88704e-08
1551	4.04882e-08
1552	3.90229e-08
1553	3.93709e-08
1554	3.9944e-08
1555	3.94674e-08
1556	4.07015e-08
1557	3.98443e-08
1558	3.97756e-08
1559	4.08715e-08
1560	4.03178e-08
1561	4.15981e-08
1562	4.07695e-08
1563	4.02285e-08
1564	4.18326e-08
1565	4.04943e-08
1566	4.19567e-08
1567	4.18911e-08
1568	4.04599e-08
1569	4.25361e-08
1570	4.09125e-08
1571	4.20521e-08
1572	4.17238e-08
1573	4.02958e-08
1574	4.20683e-08
1575	4.00795e-08
1576	4.1998e-08
1577	4.14485e-08
1578	4.00442e-08
1579	4.13083e-08
1580	3.98473e-08
1581	4.20126e-08
1582	4.12311e-08
1583	4.04901e-08
1584	4.12576e-08
1585	3.95148e-08
1586	4.23989e-08
1587	4.14141e-08
1588	4.06053e-08
1589	4.15491e-08
1590	4.02459e-08
1591	4.22984e-08
1592	4.23102e-08
1593	4.14768e-08
1594	4.19937e-08
1595	4.19702e-08
1596	4.34648e-08
1597	4.41901e-08
1598	4.29768e-08
1599	4.36369e-08
1600	4.38655e-08
1601	4.44768e-08
1602	4.61064e-08
1603	4.41041e-08
1604	4.49418e-08
1605	4.52019e-08
1606	4.51789e-08
1607	4.75975e-08
1608	4.50889e-08
1609	4.52985e-08
1610	4.60446e-08
1611	4.54363e-08
1612	4.82448e-08
1613	4.58939e-08
1614	4.56456e-08
1615	4.6573e-08
1616	4.56439e-08
1617	4.82209e-08
1618	4.65305e-08
1619	4.59851e-08
1620	4.62685e-08
1621	4.50952e-08
1622	4.77946e-08
1623	4.60293e-08
1624	4.49687e-08
1625	4.59233e-08
1626	4.43439e-08
1627	4.69101e-08
1628	4.61489e-08
1629	4.46649e-08
1630	4.59447e-08
1631	4.39885e-08
1632	4.66804e-08
1633	4.69421e-08
1634	4.51059e-08
1635	4.63553e-08
1636	4.48432e-08
1637	4.64342e-08
1638	4.78659e-08
1639	4.56885e-08
1640	4.66452e-08
1641	4.56513e-08
1642	4.6732e-08
1643	4.88611e-08
1644	4.62948e-08
1645	4.72841e-08
1646	4.67064e-08
1647	4.69014e-08
1648	4.98067e-08
1649	4.7173e-08
1650	4.6753e-08
1651	4.75699e-08
1652	4.71031e-08
1653	4.95391e-08
1654	4.66366e-08
1655	4.65894e-08
1656	4.78411e-08
1657	4.60373e-08
1658	4.84907e-08
1659	4.7505e-08
1660	4.61227e-08
1661	4.72816e-08
1662	4.51276e-08
1663	4.78366e-08
1664	4.75113e-08
1665	4.57147e-08
1666	4.70104e-08
1667	4.46314e-08
1668	4.72779e-08
1669	4.71083e-08
1670	4.50309e-08
1671	4.63792e-08
1672	4.42753e-08
1673	4.59029e-08
1674	4.67866e-08
1675	4.45611e-08
1676	4.52661e-08
1677	4.38395e-08
1678	4.53385e-08
1679	4.68915e-08
1680	4.41128e-08
1681	4.44243e-08
1682	4.39181e-08
1683	4.36867e-08
1684	4.64017e-08
1685	4.40689e-08
1686	4.34774e-08
1687	4.46568e-08
1688	4.32837e-08
1689	4.59036e-08
1690	4.47144e-08
1691	4.35086e-08
1692	4.49545e-08
1693	4.29359e-08
1694	4.59742e-08
1695	4.51594e-08
1696	4.31606e-08
1697	4.51365e-08
1698	4.25568e-08
1699	4.55944e-08
1700	4.57488e-08
1701	4.33938e-08
1702	4.47326e-08
1703	4.21975e-08
1704	4.50946e-08
1705	4.51178e-08
1706	4.30201e-08
1707	4.38792e-08
1708	4.15981e-08
1709	4.38466e-08
1710	4.50424e-08
1711	4.34034e-08
1712	4.40084e-08
1713	4.34145e-08
1714	4.40202e-08
1715	4.60293e-08
1716	4.41875e-08
1717	4.40794e-08
1718	4.43552e-08
1719	4.38487e-08
1720	4.65902e-08
1721	4.44876e-08
1722	4.37347e-08
1723	4.51585e-08
1724	4.32088e-08
1725	4.61396e-08
1726	4.48791e-08
1727	4.31728e-08
1728	4.50923e-08
1729	4.25209e-08
1730	4.56026e-08
1731	4.51013e-08
1732	4.26459e-08
1733	4.43424e-08
1734	4.1791e-08
1735	4.4446e-08
1736	4.48862e-08
1737	4.23973e-08
1738	4.36221e-08
1739	4.18546e-08
1740	4.34655e-08
1741	4.48063e-08
1742	4.28477e-08
1743	4.31592e-08
1744	4.23756e-08
1745	4.31606e-08
1746	4.52228e-08
1747	4.38036e-08
1748	4.34354e-08
1749	4.38871e-08
1750	4.33783e-08
1751	4.5696e-08
1752	4.42789e-08
1753	4.36095e-08
1754	4.43234e-08
1755	4.29957e-08
1756	4.58928e-08
1757	4.4348e-08
1758	4.31869e-08
1759	4.43996e-08
1760	4.27495e-08
1761	4.51436e-08
1762	4.42862e-08
1763	4.30927e-08
1764	4.42168e-08
1765	4.29131e-08
1766	4.48474e-08
1767	4.46276e-08
1768	4.29141e-08
1769	4.35183e-08
1770	4.19429e-08
1771	4.34104e-08
1772	4.42885e-08
1773	4.1661e-08
1774	4.21987e-08
1775	4.10204e-08
1776	4.18751e-08
1777	4.32812e-08
1778	4.04024e-08
1779	4.0692e-08
1780	3.9972e-08
1781	3.98913e-08
1782	4.18545e-08
1783	3.99049e-08
1784	3.9613e-08
1785	3.93409e-08
1786	3.92538e-08
1787	4.06875e-08
1788	3.97713e-08
1789	3.95896e-08
1790	3.96674e-08
1791	3.97601e-08
1792	4.12132e-08
1793	4.11772e-08
1794	4.07893e-08
1795	4.08712e-08
1796	4.08072e-08
1797	4.17693e-08
1798	4.24331e-08
1799	4.164e-08
1800	4.14722e-08
1801	4.16635e-08
1802	4.25333e-08
1803	4.27945e-08
1804	4.14603e-08
1805	4.17051e-08
1806	4.16625e-08
1807	4.22139e-08
1808	4.29821e-08
1809	4.13981e-08
1810	4.21477e-08
1811	4.18127e-08
1812	4.27546e-08
1813	4.35239e-08
1814	4.18573e-08
1815	4.27691e-08
1816	4.14382e-08
1817	4.27166e-08
1818	4.29256e-08
1819	4.16603e-08
1820	4.20402e-08
1821	4.07717e-08
1822	4.17788e-08
1823	4.15945e-08
1824	4.07916e-08
1825	4.05959e-08
1826	3.93755e-08
1827	4.08856e-08
1828	4.05684e-08
1829	4.03617e-08
1830	4.00613e-08
1831	3.91718e-08
1832	4.05696e-08
1833	3.95229e-08
1834	3.98812e-08
1835	4.01173e-08
1836	3.91718e-08
1837	4.01297e-08
1838	4.02925e-08
1839	4.06046e-08
1840	4.11463e-08
1841	4.1044e-08
1842	4.06438e-08
1843	4.20879e-08
1844	4.18861e-08
1845	4.22694e-08
1846	4.23035e-08
1847	4.17084e-08
1848	4.338e-08
1849	4.2416e-08
1850	4.29745e-08
1851	4.30704e-08
1852	4.18013e-08
1853	4.39379e-08
1854	4.27863e-08
1855	4.3151e-08
1856	4.37105e-08
1857	4.2072e-08
1858	4.44871e-08
1859	4.3198e-08
1860	4.29089e-08
1861	4.41637e-08
1862	4.28213e-08
1863	4.44309e-08
1864	4.42652e-08
1865	4.29433e-08
1866	4.45352e-08
1867	4.36606e-08
1868	4.44606e-08
1869	4.44792e-08
1870	4.27774e-08
1871	4.45553e-08
1872	4.31457e-08
1873	4.33856e-08
1874	4.38499e-08
1875	4.18787e-08
1876	4.35802e-08
1877	4.24057e-08
1878	4.27232e-08
1879	4.29892e-08
1880	4.15373e-08
1881	4.29686e-08
1882	4.20736e-08
1883	4.31408e-08
1884	4.27469e-08
1885	4.2137e-08
1886	4.35198e-08
1887	4.27688e-08
1888	4.46011e-08
1889	4.36e-08
1890	4.36145e-08
1891	4.45396e-08
1892	4.33002e-08
1893	4.57956e-08
1894	4.47962e-08
1895	4.43084e-08
1896	4.51758e-08
1897	4.41547e-08
1898	4.56809e-08
1899	4.58445e-08
1900	4.51976e-08
1901	4.52909e-08
1902	4.51008e-08
1903	4.62142e-08
1904	4.67827e-08
1905	4.5406e-08
1906	4.56997e-08
1907	4.58152e-08
1908	4.58134e-08
1909	4.76394e-08
1910	4.58534e-08
1911	4.61884e-08
1912	4.66245e-08
1913	4.59594e-08
1914	4.79452e-08
1915	4.58447e-08
1916	4.54578e-08
1917	4.57318e-08
1918	4.49787e-08
1919	4.72167e-08
1920	4.4792e-08
1921	4.43929e-08
1922	4.50012e-08
1923	4.4034e-08
1924	4.62628e-08
1925	4.4297e-08
1926	4.35893e-08
1927	4.39946e-08
1928	4.28066e-08
1929	4.52595e-08
1930	4.36009e-08
1931	4.27903e-08
1932	4.37619e-08
1933	4.19919e-08
1934	4.49719e-08
1935	4.40722e-08
1936	4.26799e-08
1937	4.41813e-08
1938	4.18009e-08
1939	4.46132e-08
1940	4.4769e-08
1941	4.25448e-08
1942	4.4165e-08
1943	4.22564e-08
1944	4.41889e-08
1945	4.56257e-08
1946	4.31317e-08
1947	4.4181e-08
1948	4.32387e-08
1949	4.41545e-08
1950	4.57576e-08
1951	4.36261e-08
1952	4.43756e-08
1953	4.37183e-08
1954	4.43727e-08
1955	4.68348e-08
1956	4.44884e-08
1957	4.44362e-08
1958	4.50931e-08
1959	4.4653e-08
1960	4.68657e-08
1961	4.50104e-08
1962	4.38443e-08
1963	4.49328e-08
1964	4.32287e-08
1965	4.55394e-08
1966	4.48414e-08
1967	4.31687e-08
1968	4.41461e-08
1969	4.16449e-08
1970	4.43178e-08
1971	4.38502e-08
1972	4.1926e-08
1973	4.32316e-08
1974	4.05724e-08
1975	4.36561e-08
1976	4.34516e-08
1977	4.12021e-08
1978	4.27608e-08
1979	4.03126e-08
1980	4.29325e-08
1981	4.4323e-08
1982	4.18933e-08
1983	4.29099e-08
1984	4.22428e-08
1985	4.33514e-08
1986	4.54185e-08
1987	4.3597e-08
1988	4.36705e-08
1989	4.39495e-08
1990	4.3846e-08
1991	4.63918e-08
1992	4.47126e-08
1993	4.43476e-08
1994	4.55179e-08
1995	4.42385e-08
1996	4.7139e-08
1997	4.56336e-08
1998	4.45689e-08
1999	4.64538e-08
2000	4.3976e-08
2001	4.74105e-08
2002	4.67695e-08
2003	4.43492e-08
2004	4.63629e-08
2005	4.33666e-08
2006	4.63424e-08
2007	4.64527e-08
2008	4.38569e-08
2009	4.46512e-08
2010	4.20762e-08
2011	4.45878e-08
2012	4.483e-08
2013	4.24775e-08
2014	4.30015e-08
2015	4.1289e-08
2016	4.22449e-08
2017	4.38367e-08
2018	4.19635e-08
2019	4.19392e-08
2020	4.18505e-08
2021	4.13284e-08
2022	4.36525e-08
2023	4.19726e-08
2024	4.15339e-08
2025	4.22259e-08
2026	4.12257e-08
2027	4.40445e-08
2028	4.22133e-08
2029	4.11587e-08
2030	4.31554e-08
2031	4.12018e-08
2032	4.4241e-08
2033	4.28677e-08
2034	4.13846e-08
2035	4.31785e-08
2036	4.09243e-08
2037	4.39887e-08
2038	4.36877e-08
2039	4.16816e-08
2040	4.30822e-08
2041	4.09973e-08
2042	4.31529e-08
2043	4.41608e-08
2044	4.19687e-08
2045	4.25081e-08
2046	4.13515e-08
2047	4.24166e-08
2048	4.38576e-08
2049	4.15272e-08
2050	4.15607e-08
2051	4.11399e-08
2052	4.14338e-08
2053	4.34992e-08
2054	4.19286e-08
2055	4.1636e-08
2056	4.24503e-08
2057	4.13992e-08
2058	4.36837e-08
2059	4.2683e-08
2060	4.1877e-08
2061	4.24474e-08
2062	4.14842e-08
2063	4.38198e-08
2064	4.30029e-08
2065	4.22516e-08
2066	4.28857e-08
2067	4.22034e-08
2068	4.36921e-08
2069	4.33556e-08
2070	4.21769e-08
2071	4.27561e-08
2072	4.1928e-08
2073	4.33366e-08
2074	4.34958e-08
2075	4.16257e-08
2076	4.23062e-08
2077	4.12084e-08
2078	4.26881e-08
2079	4.39147e-08
2080	4.16613e-08
2081	4.25958e-08
2082	4.18468e-08
2083	4.28168e-08
2084	4.441e-08
2085	4.18039e-08
2086	4.26874e-08
2087	4.19892e-08
2088	4.23497e-08
2089	4.40136e-08
2090	4.25761e-08
2091	4.27915e-08
2092	4.21197e-08
2093	4.28951e-08
2094	4.34444e-08
2095	4.29506e-08
2096	4.2866e-08
2097	4.18896e-08
2098	4.26741e-08
2099	4.33933e-08
2100	4.34852e-08
2101	4.30737e-08
2102	4.30838e-08
2103	4.32835e-08
2104	4.4268e-08
2105	4.49419e-08
2106	4.41973e-08
2107	4.4282e-08
2108	4.42249e-08
2109	4.44425e-08
2110	4.5478e-08
2111	4.45407e-08
2112	4.46493e-08
2113	4.45194e-08
2114	4.49828e-08
2115	4.55484e-08
2116	4.46389e-08
2117	4.53476e-08
2118	4.46207e-08
2119	4.58331e-08
2120	4.56056e-08
2121	4.50858e-08
2122	4.57142e-08
2123	4.40999e-08
2124	4.58758e-08
2125	4.54853e-08
2126	4.48003e-08
2127	4.55209e-08
2128	4.40733e-08
2129	4.56246e-08
2130	4.51154e-08
2131	4.46101e-08
2132	4.50807e-08
2133	4.37015e-08
2134	4.55187e-08
2135	4.48141e-08
2136	4.45199e-08
2137	4.49454e-08
2138	4.40765e-08
2139	4.52825e-08
2140	4.45964e-08
2141	4.39633e-08
2142	4.4801e-08
2143	4.37276e-08
2144	4.45568e-08
2145	4.46174e-08
2146	4.34825e-08
2147	4.48436e-08
2148	4.37892e-08
2149	4.42355e-08
2150	4.47837e-08
2151	4.36129e-08
2152	4.50076e-08
2153	4.41569e-08
2154	4.40136e-08
2155	4.52741e-08
2156	4.37744e-08
2157	4.45998e-08
2158	4.44268e-08
2159	4.35366e-08
2160	4.47128e-08
2161	4.32626e-08
2162	4.35825e-08
2163	4.33919e-08
2164	4.29652e-08
2165	4.3898e-08
2166	4.26647e-08
2167	4.26393e-08
2168	4.32319e-08
2169	4.24035e-08
2170	4.36079e-08
2171	4.26634e-08
2172	4.17924e-08
2173	4.31316e-08
2174	4.23076e-08
2175	4.31138e-08
2176	4.26837e-08
2177	4.18583e-08
2178	4.31416e-08
2179	4.22681e-08
2180	4.35436e-08
2181	4.28115e-08
2182	4.18827e-08
2183	4.35612e-08
2184	4.21598e-08
2185	4.36957e-08
2186	4.29121e-08
2187	4.16987e-08
2188	4.29603e-08
2189	4.1539e-08
2190	4.36719e-08
2191	4.26259e-08
2192	4.17582e-08
2193	4.26619e-08
2194	4.14178e-08
2195	4.38632e-08
2196	4.23561e-08
2197	4.205e-08
2198	4.31025e-08
2199	4.17665e-08
2200	4.44267e-08
2201	4.3068e-08
2202	4.21949e-08
2203	4.3226e-08
2204	4.14615e-08
2205	4.39416e-08
2206	4.33522e-08
2207	4.19183e-08
2208	4.29085e-08
2209	4.13e-08
2210	4.31805e-08
2211	4.372e-08
2212	4.20473e-08
2213	4.29631e-08
2214	4.1863e-08
2215	4.27412e-08
2216	4.45371e-08
2217	4.21208e-08
2218	4.28286e-08
2219	4.22895e-08
2220	4.22511e-08
2221	4.46691e-08
2222	4.21033e-08
2223	4.24573e-08
2224	4.24602e-08
2225	4.23395e-08
2226	4.50383e-08
2227	4.2751e-08
2228	4.20953e-08
2229	4.29254e-08
2230	4.23073e-08
2231	4.47424e-08
2232	4.31989e-08
2233	4.21993e-08
2234	4.31853e-08
2235	4.18973e-08
2236	4.48354e-08
2237	4.35848e-08
2238	4.22992e-08
2239	4.36492e-08
2240	4.15351e-08
2241	4.44199e-08
2242	4.43626e-08
2243	4.2516e-08
2244	4.38366e-08
2245	4.1717e-08
2246	4.46308e-08
2247	4.53057e-08
2248	4.3178e-08
2249	4.46936e-08
2250	4.3025e-08
2251	4.48324e-08
2252	4.65523e-08
2253	4.40648e-08
2254	4.49114e-08
2255	4.40585e-08
2256	4.467e-08
2257	4.69444e-08
2258	4.42685e-08
2259	4.40865e-08
2260	4.40694e-08
2261	4.37914e-08
2262	4.62115e-08
2263	4.39144e-08
2264	4.29229e-08
2265	4.40335e-08
2266	4.23336e-08
2267	4.48324e-08
2268	4.35819e-08
2269	4.19162e-08
2270	4.31917e-08
2271	4.08254e-08
2272	4.36076e-08
2273	4.29105e-08
2274	4.08729e-08
2275	4.22744e-08
2276	3.98077e-08
2277	4.27051e-08
2278	4.29494e-08
2279	4.09566e-08
2280	4.20593e-08
2281	4.01767e-08
2282	4.27298e-08
2283	4.33793e-08
2284	4.14445e-08
2285	4.2161e-08
2286	4.07341e-08
2287	4.23783e-08
2288	4.41325e-08
2289	4.16801e-08
2290	4.19797e-08
2291	4.20887e-08
2292	4.20483e-08
2293	4.46682e-08
2294	4.28555e-08
2295	4.2563e-08
2296	4.38465e-08
2297	4.24891e-08
2298	4.55595e-08
2299	4.42448e-08
2300	4.27958e-08
2301	4.46482e-08
2302	4.23976e-08
2303	4.50398e-08
2304	4.43221e-08
2305	4.19944e-08
2306	4.36761e-08
2307	4.11129e-08
2308	4.39091e-08
2309	4.3586e-08
2310	4.08803e-08
2311	4.25092e-08
2312	3.9985e-08
2313	4.25839e-08
2314	4.3391e-08
2315	4.09355e-08
2316	4.1868e-08
2317	4.05113e-08
2318	4.19133e-08
2319	4.35163e-08
2320	4.18674e-08
2321	4.20918e-08
2322	4.21075e-08
2323	4.23105e-08
2324	4.47891e-08
2325	4.3181e-08
2326	4.31026e-08
2327	4.38726e-08
2328	4.26903e-08
2329	4.57994e-08
2330	4.43119e-08
2331	4.36522e-08
2332	4.54879e-08
2333	4.35266e-08
2334	4.70087e-08
2335	4.57566e-08
2336	4.3756e-08
2337	4.5866e-08
2338	4.33245e-08
2339	4.64042e-08
2340	4.62056e-08
2341	4.38123e-08
2342	4.53854e-08
2343	4.33351e-08
2344	4.60003e-08
2345	4.64271e-08
2346	4.4069e-08
2347	4.50696e-08
2348	4.35893e-08
2349	4.50464e-08
2350	4.63114e-08
2351	4.43807e-08
2352	4.45477e-08
2353	4.40744e-08
2354	4.41295e-08
2355	4.62937e-08
2356	4.49792e-08
2357	4.4586e-08
2358	4.50639e-08
2359	4.42579e-08
2360	4.70473e-08
2361	4.57069e-08
2362	4.51439e-08
2363	4.65304e-08
2364	4.50187e-08
2365	4.78178e-08
2366	4.68554e-08
2367	4.58078e-08
2368	4.71488e-08
2369	4.55795e-08
2370	4.84897e-08
2371	4.75793e-08
2372	4.63782e-08
2373	4.78762e-08
2374	4.63377e-08
2375	4.87474e-08
2376	4.9271e-08
2377	4.71476e-08
2378	4.81749e-08
2379	4.6942e-08
2380	4.84087e-08
2381	4.96545e-08
2382	4.7268e-08
2383	4.7694e-08
2384	4.6789e-08
2385	4.74278e-08
2386	4.92504e-08
2387	4.68277e-08
2388	4.6901e-08
2389	4.6574e-08
2390	4.66737e-08
2391	4.86679e-08
2392	4.72864e-08
2393	4.69618e-08
2394	4.67596e-08
2395	4.64592e-08
2396	4.85187e-08
2397	4.77007e-08
2398	4.73193e-08
2399	4.74591e-08
2400	4.66414e-08
2401	4.80902e-08
2402	4.82548e-08
2403	4.74722e-08
2404	4.71114e-08
2405	4.65968e-08
2406	4.74952e-08
2407	4.76839e-08
2408	4.64521e-08
2409	4.61234e-08
2410	4.58112e-08
2411	4.64854e-08
2412	4.64256e-08
2413	4.4598e-08
2414	4.49792e-08
2415	4.42212e-08
2416	4.51065e-08
2417	4.549e-08
2418	4.33482e-08
2419	4.44765e-08
2420	4.34962e-08
2421	4.42906e-08
2422	4.5363e-08
2423	4.33645e-08
2424	4.44953e-08
2425	4.32967e-08
2426	4.43588e-08
2427	4.47464e-08
2428	4.40262e-08
2429	4.43056e-08
2430	4.2753e-08
2431	4.40787e-08
2432	4.40472e-08
2433	4.31581e-08
2434	4.3546e-08
2435	4.21959e-08
2436	4.31886e-08
2437	4.30785e-08
2438	4.28223e-08
2439	4.24961e-08
2440	4.14134e-08
2441	4.24505e-08
2442	4.19794e-08
2443	4.20335e-08
2444	4.20282e-08
2445	4.11666e-08
2446	4.17777e-08
2447	4.18064e-08
2448	4.1688e-08
2449	4.15869e-08
2450	4.14949e-08
2451	4.09207e-08
2452	4.16771e-08
2453	4.10255e-08
2454	4.13023e-08
2455	4.11921e-08
2456	4.00473e-08
2457	4.15657e-08
2458	4.06774e-08
2459	4.08318e-08
2460	4.08929e-08
2461	3.96692e-08
2462	4.16098e-08
2463	4.02063e-08
2464	4.03947e-08
2465	4.06336e-08
2466	3.90519e-08
2467	4.09188e-08
2468	3.96013e-08
2469	3.93366e-08
2470	4.02521e-08
2471	3.89532e-08
2472	4.02278e-08
2473	3.98207e-08
2474	3.87573e-08
2475	4.02875e-08
2476	3.92055e-08
2477	4.01734e-08
2478	4.02532e-08
2479	3.85633e-08
2480	4.05663e-08
2481	3.91929e-08
2482	3.98103e-08
2483	4.02551e-08
2484	3.87658e-08
2485	4.03732e-08
2486	3.94936e-08
2487	4.04686e-08
2488	4.04633e-08
2489	3.94559e-08
2490	4.09313e-08
2491	4.01624e-08
2492	4.17779e-08
2493	4.10201e-08
2494	4.10396e-08
2495	4.18858e-08
2496	4.08401e-08
2497	4.35064e-08
2498	4.21873e-08
2499	4.17547e-08
2500	4.27017e-08
2501	4.14108e-08
2502	4.39067e-08
2503	4.30082e-08
2504	4.19894e-08
2505	4.24196e-08
2506	4.19067e-08
2507	4.31257e-08
2508	4.30859e-08
2509	4.19702e-08
2510	4.22535e-08
2511	4.20557e-08
2512	4.2637e-08
2513	4.33606e-08
2514	4.14303e-08
2515	4.16447e-08
2516	4.20823e-08
2517	4.16658e-08
2518	4.36023e-08
2519	4.1673e-08
2520	4.15186e-08
2521	4.23586e-08
2522	4.19472e-08
2523	4.38924e-08
2524	4.1983e-08
2525	4.13371e-08
2526	4.19701e-08
2527	4.11951e-08
2528	4.32475e-08
2529	4.13176e-08
2530	4.11283e-08
2531	4.13578e-08
2532	4.0452e-08
2533	4.29963e-08
2534	4.11542e-08
2535	4.06634e-08
2536	4.14164e-08
2537	3.98486e-08
2538	4.27426e-08
2539	4.12186e-08
2540	4.01301e-08
2541	4.12998e-08
2542	3.97856e-08
2543	4.26875e-08
2544	4.21268e-08
2545	4.06537e-08
2546	4.20143e-08
2547	4.03569e-08
2548	4.23233e-08
2549	4.32419e-08
2550	4.11211e-08
2551	4.21534e-08
2552	4.10923e-08
2553	4.19319e-08
2554	4.39705e-08
2555	4.13191e-08
2556	4.2188e-08
2557	4.17494e-08
2558	4.19742e-08
2559	4.44722e-08
2560	4.17052e-08
2561	4.18678e-08
2562	4.21098e-08
2563	4.18509e-08
2564	4.43572e-08
2565	4.22068e-08
2566	4.17487e-08
2567	4.26183e-08
2568	4.16975e-08
2569	4.46628e-08
2570	4.30679e-08
2571	4.19814e-08
2572	4.3141e-08
2573	4.13746e-08
2574	4.44057e-08
2575	4.36917e-08
2576	4.22163e-08
2577	4.34742e-08
2578	4.13523e-08
2579	4.38595e-08
2580	4.36694e-08
2581	4.21913e-08
2582	4.34165e-08
2583	4.1791e-08
2584	4.38891e-08
2585	4.51498e-08
2586	4.32523e-08
2587	4.42986e-08
2588	4.31993e-08
2589	4.46141e-08
2590	4.67045e-08
2591	4.44019e-08
2592	4.50438e-08
2593	4.46203e-08
2594	4.5347e-08
2595	4.79053e-08
2596	4.53239e-08
2597	4.53578e-08
2598	4.56045e-08
2599	4.4596e-08
2600	4.7718e-08
2601	4.5805e-08
2602	4.43472e-08
2603	4.57011e-08
2604	4.35978e-08
2605	4.65068e-08
2606	4.55808e-08
2607	4.36954e-08
2608	4.50159e-08
2609	4.28912e-08
2610	4.575e-08
2611	4.56203e-08
2612	4.38693e-08
2613	4.52276e-08
2614	4.33108e-08
2615	4.61972e-08
2616	4.67927e-08
2617	4.51717e-08
2618	4.64365e-08
2619	4.52023e-08
2620	4.74602e-08
2621	4.8837e-08
2622	4.67169e-08
2623	4.77627e-08
2624	4.71899e-08
2625	4.81444e-08
2626	5.07382e-08
2627	4.70377e-08
2628	4.81219e-08
2629	4.87004e-08
2630	4.83539e-08
2631	5.09214e-08
2632	4.7664e-08
2633	4.83371e-08
2634	4.96993e-08
2635	4.75262e-08
2636	5.05336e-08
2637	4.82422e-08
2638	4.79032e-08
2639	4.96891e-08
2640	4.69798e-08
2641	4.98052e-08
2642	4.8272e-08
2643	4.73184e-08
2644	4.89181e-08
2645	4.59914e-08
2646	4.86153e-08
2647	4.85123e-08
2648	4.62833e-08
2649	4.76329e-08
2650	4.54484e-08
2651	4.74695e-08
2652	4.8413e-08
2653	4.65304e-08
2654	4.71131e-08
2655	4.5637e-08
2656	4.74664e-08
2657	4.88115e-08
2658	4.62695e-08
2659	4.65289e-08
2660	4.61627e-08
2661	4.6133e-08
2662	4.88223e-08
2663	4.65169e-08
2664	4.60681e-08
2665	4.7002e-08
2666	4.57088e-08
2667	4.85609e-08
2668	4.69614e-08
2669	4.56641e-08
2670	4.7114e-08
2671	4.47573e-08
2672	4.77173e-08
2673	4.70305e-08
2674	4.48491e-08
2675	4.6688e-08
2676	4.40385e-08
2677	4.68438e-08
2678	4.6614e-08
2679	4.412e-08
2680	4.56202e-08
2681	4.29896e-08
2682	4.57901e-08
2683	4.62244e-08
2684	4.36692e-08
2685	4.45561e-08
2686	4.27865e-08
2687	4.48212e-08
2688	4.62815e-08
2689	4.45026e-08
2690	4.49284e-08
2691	4.42739e-08
2692	4.4586e-08
2693	4.68134e-08
2694	4.49938e-08
2695	4.48392e-08
2696	4.52142e-08
2697	4.43332e-08
2698	4.68934e-08
2699	4.49223e-08
2700	4.38389e-08
2701	4.52927e-08
2702	4.35175e-08
2703	4.64312e-08
2704	4.46874e-08
2705	4.31312e-08
2706	4.51419e-08
2707	4.22637e-08
2708	4.56139e-08
2709	4.48725e-08
2710	4.22834e-08
2711	4.42203e-08
2712	4.17839e-08
2713	4.41935e-08
2714	4.50414e-08
2715	4.25372e-08
2716	4.35686e-08
2717	4.19248e-08
2718	4.32749e-08
2719	4.47539e-08
2720	4.23789e-08
2721	4.26574e-08
2722	4.17043e-08
2723	4.23789e-08
2724	4.38605e-08
2725	4.20735e-08
2726	4.20954e-08
2727	4.19047e-08
2728	4.17835e-08
2729	4.40085e-08
2730	4.24191e-08
2731	4.20368e-08
2732	4.2923e-08
2733	4.16614e-08
2734	4.45523e-08
2735	4.35208e-08
2736	4.26324e-08
2737	4.3677e-08
2738	4.26331e-08
2739	4.44857e-08
2740	4.39194e-08
2741	4.33126e-08
2742	4.36461e-08
2743	4.27976e-08
2744	4.45506e-08
2745	4.4315e-08
2746	4.2949e-08
2747	4.3513e-08
2748	4.23316e-08
2749	4.40341e-08
2750	4.45557e-08
2751	4.23694e-08
2752	4.33172e-08
2753	4.20512e-08
2754	4.32097e-08
2755	4.47671e-08
2756	4.18638e-08
2757	4.25706e-08
2758	4.19934e-08
2759	4.21425e-08
2760	4.39244e-08
2761	4.22219e-08
2762	4.23486e-08
2763	4.16075e-08
2764	4.24591e-08
2765	4.35565e-08
2766	4.22347e-08
2767	4.23337e-08
2768	4.11812e-08
2769	4.16782e-08
2770	4.23968e-08
2771	4.19878e-08
2772	4.14722e-08
2773	4.10673e-08
2774	4.10018e-08
2775	4.15756e-08
2776	4.21126e-08
2777	4.104e-08
2778	4.08824e-08
2779	4.08315e-08
2780	4.13143e-08
2781	4.21387e-08
2782	4.09304e-08
2783	4.09594e-08
2784	4.13252e-08
2785	4.13659e-08
2786	4.23376e-08
2787	4.11706e-08
2788	4.13928e-08
2789	4.10104e-08
2790	4.15332e-08
2791	4.16225e-08
2792	4.06354e-08
2793	4.12204e-08
2794	3.97556e-08
2795	4.10945e-08
2796	4.10744e-08
2797	4.01758e-08
2798	4.05022e-08
2799	3.91876e-08
2800	4.07269e-08
2801	4.04874e-08
2802	3.97985e-08
2803	3.97958e-08
2804	3.83109e-08
2805	3.97969e-08
2806	3.93938e-08
2807	3.92483e-08
2808	3.92289e-08
2809	3.81624e-08
2810	3.98754e-08
2811	3.91579e-08
2812	3.90585e-08
2813	3.96162e-08
2814	3.84762e-08
2815	3.98067e-08
2816	3.96952e-08
2817	3.89492e-08
2818	4.00029e-08
2819	3.92904e-08
2820	3.99673e-08
2821	4.04078e-08
2822	3.93487e-08
2823	4.04811e-08
2824	3.99604e-08
2825	3.95444e-08
2826	4.10084e-08
2827	3.98762e-08
2828	4.0771e-08
2829	4.09401e-08
2830	4.01704e-08
2831	4.1929e-08
2832	4.03664e-08
2833	4.12353e-08
2834	4.17376e-08
2835	4.07407e-08
2836	4.28758e-08
2837	4.12234e-08
2838	4.13671e-08
2839	4.1996e-08
2840	4.0649e-08
2841	4.22381e-08
2842	4.17522e-08
2843	4.1035e-08
2844	4.2167e-08
2845	4.09876e-08
2846	4.22042e-08
2847	4.17824e-08
2848	4.07067e-08
2849	4.25112e-08
2850	4.05196e-08
2851	4.17367e-08
2852	4.19709e-08
2853	3.98789e-08
2854	4.20944e-08
2855	4.04111e-08
2856	4.16086e-08
2857	4.16454e-08
2858	4.00947e-08
2859	4.19164e-08
2860	4.06149e-08
2861	4.2291e-08
2862	4.21778e-08
2863	4.14793e-08
2864	4.29311e-08
2865	4.20292e-08
2866	4.44918e-08
2867	4.36052e-08
2868	4.32189e-08
2869	4.44804e-08
2870	4.33714e-08
2871	4.60909e-08
2872	4.51981e-08
2873	4.42892e-08
2874	4.52258e-08
2875	4.4218e-08
2876	4.63766e-08
2877	4.62174e-08
2878	4.52407e-08
2879	4.56945e-08
2880	4.53263e-08
2881	4.66258e-08
2882	4.74236e-08
2883	4.58382e-08
2884	4.63757e-08
2885	4.62936e-08
2886	4.66748e-08
2887	4.80963e-08
2888	4.59841e-08
2889	4.64865e-08
2890	4.6573e-08
2891	4.61241e-08
2892	4.84954e-08
2893	4.61993e-08
2894	4.6453e-08
2895	4.73677e-08
2896	4.62392e-08
2897	4.8926e-08
2898	4.65255e-08
2899	4.6187e-08
2900	4.71688e-08
2901	4.60727e-08
2902	4.84626e-08
2903	4.65203e-08
2904	4.59146e-08
2905	4.65479e-08
2906	4.51798e-08
2907	4.78509e-08
2908	4.63867e-08
2909	4.5265e-08
2910	4.62533e-08
2911	4.4529e-08
2912	4.73495e-08
2913	4.65581e-08
2914	4.50414e-08
2915	4.61505e-08
2916	4.37076e-08
2917	4.64005e-08
2918	4.64633e-08
2919	4.44436e-08
2920	4.57091e-08
2921	4.3528e-08
2922	4.54248e-08
2923	4.6467e-08
2924	4.42326e-08
2925	4.52258e-08
2926	4.40521e-08
2927	4.54488e-08
2928	4.72031e-08
2929	4.46575e-08
2930	4.57277e-08
2931	4.50302e-08
2932	4.55228e-08
2933	4.81751e-08
2934	4.57269e-08
2935	4.55475e-08
2936	4.58849e-08
2937	4.51696e-08
2938	4.73969e-08
2939	4.56054e-08
2940	4.43396e-08
2941	4.55174e-08
2942	4.3774e-08
2943	4.62474e-08
2944	4.54422e-08
2945	4.363e-08
2946	4.49056e-08
2947	4.25786e-08
2948	4.50018e-08
2949	4.43549e-08
2950	4.22047e-08
2951	4.36822e-08
2952	4.08636e-08
2953	4.38834e-08
2954	4.37788e-08
2955	4.14952e-08
2956	4.32529e-08
2957	4.06201e-08
2958	4.33559e-08
2959	4.44999e-08
2960	4.22676e-08
2961	4.30172e-08
2962	4.18446e-08
2963	4.34032e-08
2964	4.52151e-08
2965	4.3179e-08
2966	4.37504e-08
2967	4.37547e-08
2968	4.37595e-08
2969	4.61529e-08
2970	4.41983e-08
2971	4.38223e-08
2972	4.47057e-08
2973	4.3207e-08
2974	4.62479e-08
2975	4.45627e-08
2976	4.34096e-08
2977	4.53365e-08
2978	4.29417e-08
2979	4.61331e-08
2980	4.54138e-08
2981	4.30695e-08
2982	4.51374e-08
2983	4.22354e-08
2984	4.50501e-08
2985	4.48016e-08
2986	4.23101e-08
2987	4.34961e-08
2988	4.09185e-08
2989	4.33494e-08
2990	4.36212e-08
2991	4.13276e-08
2992	4.22732e-08
2993	4.03014e-08
2994	4.18001e-08
2995	4.32507e-08
2996	4.15348e-08
2997	4.17663e-08
2998	4.14425e-08
2999	4.13855e-08
3000	4.36424e-08
3001	4.23967e-08
3002	4.22238e-08
3003	4.2865e-08
3004	4.22936e-08
3005	4.50174e-08
3006	4.35705e-08
3007	4.31488e-08
3008	4.46871e-08
3009	4.33356e-08
3010	4.65279e-08
3011	4.51345e-08
3012	4.39016e-08
3013	4.54354e-08
3014	4.37203e-08
3015	4.65569e-08
3016	4.59973e-08
3017	4.43303e-08
3018	4.54915e-08
3019	4.35511e-08
3020	4.54359e-08
3021	4.61492e-08
3022	4.37088e-08
3023	4.44795e-08
3024	4.28757e-08
3025	4.4124e-08
3026	4.54558e-08
3027	4.28338e-08
3028	4.34067e-08
3029	4.23524e-08
3030	4.29289e-08
3031	4.48104e-08
3032	4.23921e-08
3033	4.21228e-08
3034	4.17716e-08
3035	4.13312e-08
3036	4.30389e-08
3037	4.15985e-08
3038	4.09206e-08
3039	4.09103e-08
3040	3.9938e-08
3041	4.18221e-08
3042	4.12485e-08
3043	4.05485e-08
3044	4.09051e-08
3045	4.03021e-08
3046	4.13184e-08
3047	4.16477e-08
3048	4.07352e-08
3049	4.05903e-08
3050	4.0523e-08
3051	4.15643e-08
3052	4.17319e-08
3053	4.06209e-08
3054	4.10012e-08
3055	4.07422e-08
3056	4.21522e-08
3057	4.26054e-08
3058	4.09732e-08
3059	4.18102e-08
3060	4.11806e-08
3061	4.23603e-08
3062	4.33974e-08
3063	4.13644e-08
3064	4.25528e-08
3065	4.16267e-08
3066	4.23215e-08
3067	4.36433e-08
3068	4.18881e-08
3069	4.2542e-08
3070	4.15599e-08
3071	4.26886e-08
3072	4.30809e-08
3073	4.24473e-08
3074	4.24476e-08
3075	4.10826e-08
3076	4.23768e-08
3077	4.26466e-08
3078	4.21907e-08
3079	4.216e-08
3080	4.0867e-08
3081	4.19963e-08
3082	4.15613e-08
3083	4.13451e-08
3084	4.0908e-08
3085	4.01361e-08
3086	4.07805e-08
3087	4.06335e-08
3088	4.1333e-08
3089	4.07316e-08
3090	4.04426e-08
3091	4.04495e-08
3092	4.10609e-08
3093	4.1481e-08
3094	4.11629e-08
3095	4.12461e-08
3096	4.10785e-08
3097	4.23073e-08
3098	4.18508e-08
3099	4.21808e-08
3100	4.25308e-08
3101	4.13077e-08
3102	4.31145e-08
3103	4.25088e-08
3104	4.2503e-08
3105	4.30483e-08
3106	4.1561e-08
3107	4.36435e-08
3108	4.26342e-08
3109	4.27077e-08
3110	4.33335e-08
3111	4.16163e-08
3112	4.37763e-08
3113	4.27334e-08
3114	4.25567e-08
3115	4.33023e-08
3116	4.19565e-08
3117	4.34066e-08
3118	4.33685e-08
3119	4.23359e-08
3120	4.36787e-08
3121	4.2604e-08
3122	4.37239e-08
3123	4.41073e-08
3124	4.24325e-08
3125	4.43856e-08
3126	4.37198e-08
3127	4.42239e-08
3128	4.49842e-08
3129	4.32466e-08
3130	4.45491e-08
3131	4.37444e-08
3132	4.44088e-08
3133	4.45253e-08
3134	4.31186e-08
3135	4.47732e-08
3136	4.35777e-08
3137	4.48931e-08
3138	4.43939e-08
3139	4.32718e-08
3140	4.46149e-08
3141	4.33885e-08
3142	4.50173e-08
3143	4.47824e-08
3144	4.43723e-08
3145	4.49193e-08
3146	4.44313e-08
3147	4.57189e-08
3148	4.57762e-08
3149	4.51796e-08
3150	4.52631e-08
3151	4.52183e-08
3152	4.63316e-08
3153	4.65468e-08
3154	4.56943e-08
3155	4.58448e-08
3156	4.62455e-08
3157	4.62018e-08
3158	4.74339e-08
3159	4.58165e-08
3160	4.53316e-08
3161	4.61542e-08
3162	4.54277e-08
3163	4.69372e-08
3164	4.50401e-08
3165	4.4352e-08
3166	4.53601e-08
3167	4.42577e-08
3168	4.63041e-08
3169	4.44045e-08
3170	4.37026e-08
3171	4.46361e-08
3172	4.32487e-08
3173	4.56539e-08
3174	4.38047e-08
3175	4.34082e-08
3176	4.41827e-08
3177	4.24131e-08
3178	4.51338e-08
3179	4.34597e-08
3180	4.24264e-08
3181	4.34442e-08
3182	4.1711e-08
3183	4.41379e-08
3184	4.32643e-08
3185	4.18955e-08
3186	4.2764e-08
3187	4.09876e-08
3188	4.37049e-08
3189	4.31943e-08
3190	4.1697e-08
3191	4.32439e-08
3192	4.0884e-08
3193	4.32768e-08
3194	4.42564e-08
3195	4.19393e-08
3196	4.34947e-08
3197	4.24041e-08
3198	4.37306e-08
3199	4.55747e-08
3200	4.29434e-08
3201	4.40475e-08
3202	4.35154e-08
3203	4.37264e-08
3204	4.62085e-08
3205	4.37759e-08
3206	4.40301e-08
3207	4.41193e-08
3208	4.41658e-08
3209	4.62067e-08
3210	4.39751e-08
3211	4.33211e-08
3212	4.40025e-08
3213	4.31152e-08
3214	4.55394e-08
3215	4.36964e-08
3216	4.25358e-08
3217	4.37152e-08
3218	4.17144e-08
3219	4.44937e-08
3220	4.40749e-08
3221	4.23741e-08
3222	4.37177e-08
3223	4.14787e-08
3224	4.44614e-08
3225	4.40587e-08
3226	4.22085e-08
3227	4.364e-08
3228	4.07612e-08
3229	4.36003e-08
3230	4.41914e-08
3231	4.18901e-08
3232	4.30719e-08
3233	4.10943e-08
3234	4.2951e-08
3235	4.43624e-08
3236	4.18072e-08
3237	4.22961e-08
3238	4.14985e-08
3239	4.22824e-08
3240	4.4478e-08
3241	4.21328e-08
3242	4.21156e-08
3243	4.27906e-08
3244	4.19534e-08
3245	4.45606e-08
3246	4.30311e-08
3247	4.22376e-08
3248	4.37411e-08
3249	4.21487e-08
3250	4.53054e-08
3251	4.43234e-08
3252	4.25905e-08
3253	4.45532e-08
3254	4.22895e-08
3255	4.54785e-08
3256	4.50974e-08
3257	4.28418e-08
3258	4.44562e-08
3259	4.19949e-08
3260	4.50828e-08
3261	4.51927e-08
3262	4.30154e-08
3263	4.4302e-08
3264	4.19051e-08
3265	4.45484e-08
3266	4.58204e-08
3267	4.3654e-08
3268	4.4575e-08
3269	4.3733e-08
3270	4.43337e-08
3271	4.64806e-08
3272	4.49783e-08
3273	4.46908e-08
3274	4.46457e-08
3275	4.41609e-08
3276	4.65602e-08
3277	4.46591e-08
3278	4.39239e-08
3279	4.47879e-08
3280	4.30609e-08
3281	4.59561e-08
3282	4.41677e-08
3283	4.27749e-08
3284	4.44068e-08
3285	4.17768e-08
3286	4.50461e-08
3287	4.40511e-08
3288	4.15723e-08
3289	4.34946e-08
3290	4.06449e-08
3291	4.33622e-08
3292	4.35701e-08
3293	4.09359e-08
3294	4.22983e-08
3295	4.07983e-08
3296	4.27398e-08
3297	4.3482e-08
3298	4.15258e-08
3299	4.20336e-08
3300	4.07549e-08
3301	4.19718e-08
3302	4.35774e-08
3303	4.16423e-08
3304	4.18418e-08
3305	4.15522e-08
3306	4.14307e-08
3307	4.37215e-08
3308	4.23361e-08
3309	4.20601e-08
3310	4.28184e-08
3311	4.19446e-08
3312	4.4653e-08
3313	4.33721e-08
3314	4.27059e-08
3315	4.37602e-08
3316	4.24517e-08
3317	4.51267e-08
3318	4.41889e-08
3319	4.30899e-08
3320	4.42508e-08
3321	4.33174e-08
3322	4.55442e-08
3323	4.48819e-08
3324	4.37695e-08
3325	4.45879e-08
3326	4.29028e-08
3327	4.48137e-08
3328	4.53748e-08
3329	4.28231e-08
3330	4.38063e-08
3331	4.26101e-08
3332	4.36328e-08
3333	4.49716e-08
3334	4.23347e-08
3335	4.27055e-08
3336	4.19953e-08
3337	4.23781e-08
3338	4.41524e-08
3339	4.18104e-08
3340	4.18064e-08
3341	4.12185e-08
3342	4.14513e-08
3343	4.31671e-08
3344	4.17148e-08
3345	4.16997e-08
3346	4.14903e-08
3347	4.17656e-08
3348	4.30377e-08
3349	4.29995e-08
3350	4.2796e-08
3351	4.26835e-08
3352	4.25994e-08
3353	4.38752e-08
3354	4.44231e-08
3355	4.34299e-08
3356	4.34743e-08
3357	4.34612e-08
3358	4.424e-08
3359	4.49977e-08
3360	4.40135e-08
3361	4.4327e-08
3362	4.45111e-08
3363	4.5022e-08
3364	4.57259e-08
3365	4.42448e-08
3366	4.50763e-08
3367	4.47263e-08
3368	4.55557e-08
3369	4.65088e-08
3370	4.51317e-08
3371	4.61781e-08
3372	4.49543e-08
3373	4.65086e-08
3374	4.70011e-08
3375	4.58962e-08
3376	4.68002e-08
3377	4.52017e-08
3378	4.62668e-08
3379	4.63034e-08
3380	4.55139e-08
3381	4.5602e-08
3382	4.41624e-08
3383	4.55411e-08
3384	4.49961e-08
3385	4.44952e-08
3386	4.46414e-08
3387	4.33194e-08
3388	4.46083e-08
3389	4.39713e-08
3390	4.38719e-08
3391	4.40205e-08
3392	4.29807e-08
3393	4.42629e-08
3394	4.40511e-08
3395	4.40948e-08
3396	4.48236e-08
3397	4.41047e-08
3398	4.44849e-08
3399	4.50725e-08
3400	4.46193e-08
3401	4.51444e-08
3402	4.50246e-08
3403	4.45915e-08
3404	4.6013e-08
3405	4.50231e-08
3406	4.5813e-08
3407	4.55677e-08
3408	4.45102e-08
3409	4.64019e-08
3410	4.47494e-08
3411	4.47827e-08
3412	4.5015e-08
3413	4.33819e-08
3414	4.53613e-08
3415	4.37124e-08
3416	4.36787e-08
3417	4.41835e-08
3418	4.27198e-08
3419	4.41137e-08
3420	4.30672e-08
3421	4.22872e-08
3422	4.34472e-08
3423	4.20801e-08
3424	4.28574e-08
3425	4.24161e-08
3426	4.11111e-08
3427	4.24761e-08
3428	4.10018e-08
3429	4.18172e-08
3430	4.15477e-08
3431	3.96881e-08
3432	4.15377e-08
3433	4.02098e-08
3434	4.09018e-08
3435	4.07078e-08
3436	3.9392e-08
3437	4.08975e-08
3438	3.94001e-08
3439	4.08678e-08
3440	4.02272e-08
3441	3.96704e-08
3442	4.13628e-08
3443	3.98965e-08
3444	4.21688e-08
3445	4.1263e-08
3446	4.09744e-08
3447	4.20321e-08
3448	4.06788e-08
3449	4.34316e-08
3450	4.20237e-08
3451	4.16113e-08
3452	4.25249e-08
3453	4.06317e-08
3454	4.33679e-08
3455	4.22766e-08
3456	4.10824e-08
3457	4.1966e-08
3458	4.05479e-08
3459	4.26564e-08
3460	4.26033e-08
3461	4.11402e-08
3462	4.21974e-08
3463	4.13967e-08
3464	4.28754e-08
3465	4.40068e-08
3466	4.23207e-08
3467	4.31501e-08
3468	4.26175e-08
3469	4.27333e-08
3470	4.49865e-08
3471	4.2723e-08
3472	4.29155e-08
3473	4.28786e-08
3474	4.27318e-08
3475	4.51324e-08
3476	4.25596e-08
3477	4.25337e-08
3478	4.27441e-08
3479	4.22237e-08
3480	4.41705e-08
3481	4.20262e-08
3482	4.14168e-08
3483	4.17231e-08
3484	4.09025e-08
3485	4.33538e-08
3486	4.1272e-08
3487	4.06348e-08
3488	4.14989e-08
3489	3.96943e-08
3490	4.28453e-08
3491	4.18219e-08
3492	4.03675e-08
3493	4.20994e-08
3494	4.00926e-08
3495	4.29964e-08
3496	4.32908e-08
3497	4.14753e-08
3498	4.28185e-08
3499	4.09651e-08
3500	4.3164e-08
3501	4.44916e-08
3502	4.23181e-08
3503	4.34247e-08
3504	4.23765e-08
3505	4.36235e-08
3506	4.56992e-08
3507	4.29499e-08
3508	4.39093e-08
3509	4.36246e-08
3510	4.39453e-08
3511	4.68928e-08
3512	4.44432e-08
3513	4.43006e-08
3514	4.51362e-08
3515	4.45879e-08
3516	4.71667e-08
3517	4.54031e-08
3518	4.41622e-08
3519	4.53198e-08
3520	4.37265e-08
3521	4.6354e-08
3522	4.52611e-08
3523	4.37442e-08
3524	4.49506e-08
3525	4.23775e-08
3526	4.53019e-08
3527	4.47234e-08
3528	4.24124e-08
3529	4.38694e-08
3530	4.12458e-08
3531	4.37067e-08
3532	4.38482e-08
3533	4.16955e-08
3534	4.27517e-08
3535	4.05251e-08
3536	4.26452e-08
3537	4.37633e-08
3538	4.16454e-08
3539	4.24245e-08
3540	4.11103e-08
3541	4.27458e-08
3542	4.47452e-08
3543	4.22795e-08
3544	4.26133e-08
3545	4.26181e-08
3546	4.28548e-08
3547	4.5739e-08
3548	4.35899e-08
3549	4.33666e-08
3550	4.46578e-08
3551	4.28402e-08
3552	4.57189e-08
3553	4.43814e-08
3554	4.26175e-08
3555	4.42589e-08
3556	4.20314e-08
3557	4.47675e-08
3558	4.42354e-08
3559	4.20305e-08
3560	4.39411e-08
3561	4.15288e-08
3562	4.45247e-08
3563	4.45358e-08
3564	4.22424e-08
3565	4.37669e-08
3566	4.14243e-08
3567	4.42168e-08
3568	4.50168e-08
3569	4.25189e-08
3570	4.32777e-08
3571	4.19734e-08
3572	4.36917e-08
3573	4.53858e-08
3574	4.34384e-08
3575	4.37332e-08
3576	4.36872e-08
3577	4.33867e-08
3578	4.57285e-08
3579	4.37898e-08
3580	4.32847e-08
3581	4.42246e-08
3582	4.27621e-08
3583	4.58143e-08
3584	4.41844e-08
3585	4.30341e-08
3586	4.49705e-08
3587	4.28083e-08
3588	4.60737e-08
3589	4.52114e-08
3590	4.31856e-08
3591	4.53904e-08
3592	4.293e-08
3593	4.58673e-08
3594	4.59199e-08
3595	4.3572e-08
3596	4.50731e-08
3597	4.27666e-08
3598	4.57639e-08
3599	4.63378e-08
3600	4.36755e-08
3601	4.45623e-08
3602	4.31996e-08
3603	4.44961e-08
3604	4.61951e-08
3605	4.42808e-08
3606	4.41791e-08
3607	4.42503e-08
3608	4.411e-08
3609	4.66754e-08
3610	4.55009e-08
3611	4.53679e-08
3612	4.62234e-08
3613	4.572e-08
3614	4.86022e-08
3615	4.67446e-08
3616	4.58453e-08
3617	4.75433e-08
3618	4.58077e-08
3619	4.87849e-08
3620	4.72938e-08
3621	4.59018e-08
3622	4.77992e-08
3623	4.54134e-08
3624	4.84481e-08
3625	4.80434e-08
3626	4.59391e-08
3627	4.75609e-08
3628	4.56885e-08
3629	4.75428e-08
3630	4.82647e-08
3631	4.64342e-08
3632	4.71922e-08
3633	4.55013e-08
3634	4.68109e-08
3635	4.82518e-08
3636	4.58195e-08
3637	4.63701e-08
3638	4.58324e-08
3639	4.66312e-08
3640	4.86215e-08
3641	4.6842e-08
3642	4.68323e-08
3643	4.70584e-08
3644	4.69537e-08
3645	4.93092e-08
3646	4.82738e-08
3647	4.75394e-08
3648	4.81001e-08
3649	4.69171e-08
3650	4.93498e-08
3651	4.85589e-08
3652	4.75356e-08
3653	4.79446e-08
3654	4.75012e-08
3655	4.90347e-08
3656	4.87044e-08
3657	4.80263e-08
3658	4.82662e-08
3659	4.73569e-08
3660	4.88904e-08
3661	4.87329e-08
3662	4.7113e-08
3663	4.76895e-08
3664	4.66902e-08
3665	4.75679e-08
3666	4.79252e-08
3667	4.56284e-08
3668	4.62257e-08
3669	4.49662e-08
3670	4.55741e-08
3671	4.6535e-08
3672	4.36364e-08
3673	4.43029e-08
3674	4.33483e-08
3675	4.35768e-08
3676	4.48301e-08
3677	4.26568e-08
3678	4.28085e-08
3679	4.16832e-08
3680	4.23889e-08
3681	4.29709e-08
3682	4.16658e-08
3683	4.18202e-08
3684	4.06407e-08
3685	4.1397e-08
3686	4.18509e-08
3687	4.14398e-08
3688	4.13514e-08
3689	4.03576e-08
3690	4.10476e-08
3691	4.12476e-08
3692	4.17973e-08
3693	4.14555e-08
3694	4.13161e-08
3695	4.15369e-08
3696	4.19531e-08
3697	4.27623e-08
3698	4.18682e-08
3699	4.18988e-08
3700	4.19103e-08
3701	4.22505e-08
3702	4.28146e-08
3703	4.21803e-08
3704	4.25649e-08
3705	4.19109e-08
3706	4.29742e-08
3707	4.30422e-08
3708	4.25625e-08
3709	4.31605e-08
3710	4.19711e-08
3711	4.32384e-08
3712	4.28512e-08
3713	4.20387e-08
3714	4.20309e-08
3715	4.02653e-08
3716	4.19913e-08
3717	4.10617e-08
3718	4.04908e-08
3719	4.07002e-08
3720	3.89004e-08
3721	4.0421e-08
3722	3.9473e-08
3723	3.89363e-08
3724	3.9464e-08
3725	3.83081e-08
3726	3.9346e-08
3727	3.89843e-08
3728	3.81043e-08
3729	3.9003e-08
3730	3.80943e-08
3731	3.86092e-08
3732	3.86005e-08
3733	3.74741e-08
3734	3.88948e-08
3735	3.7959e-08
3736	3.87933e-08
3737	3.91751e-08
3738	3.76071e-08
3739	3.94642e-08
3740	3.83562e-08
3741	3.90722e-08
3742	3.9664e-08
3743	3.79938e-08
3744	3.98276e-08
3745	3.88606e-08
3746	3.97532e-08
3747	3.96961e-08
3748	3.88613e-08
3749	3.98443e-08
3750	3.90408e-08
3751	4.02377e-08
3752	4.06664e-08
3753	4.00896e-08
3754	4.05035e-08
3755	4.05537e-08
3756	4.16457e-08
3757	4.21192e-08
3758	4.15855e-08
3759	4.17967e-08
3760	4.21562e-08
3761	4.2291e-08
3762	4.31618e-08
3763	4.24518e-08
3764	4.21982e-08
3765	4.28745e-08
3766	4.25507e-08
3767	4.37714e-08
3768	4.25301e-08
3769	4.17292e-08
3770	4.26365e-08
3771	4.23337e-08
3772	4.39517e-08
3773	4.21755e-08
3774	4.15452e-08
3775	4.25423e-08
3776	4.15625e-08
3777	4.36808e-08
3778	4.19181e-08
3779	4.11737e-08
3780	4.19222e-08
3781	4.06119e-08
3782	4.32595e-08
3783	4.13541e-08
3784	4.10495e-08
3785	4.18054e-08
3786	4.00538e-08
3787	4.29145e-08
3788	4.14403e-08
3789	4.07855e-08
3790	4.15959e-08
3791	4.01589e-08
3792	4.25026e-08
3793	4.19493e-08
3794	4.1303e-08
3795	4.18939e-08
3796	4.09688e-08
3797	4.26859e-08
3798	4.33893e-08
3799	4.17035e-08
3800	4.29439e-08
3801	4.23712e-08
3802	4.28259e-08
3803	4.4977e-08
3804	4.27508e-08
3805	4.30908e-08
3806	4.31714e-08
3807	4.31188e-08
3808	4.57987e-08
3809	4.30435e-08
3810	4.30412e-08
3811	4.34431e-08
3812	4.28011e-08
3813	4.50898e-08
3814	4.25873e-08
3815	4.20506e-08
3816	4.2669e-08
3817	4.15151e-08
3818	4.38857e-08
3819	4.19786e-08
3820	4.14607e-08
3821	4.21923e-08
3822	4.08169e-08
3823	4.36293e-08
3824	4.24112e-08
3825	4.10789e-08
3826	4.21393e-08
3827	4.06556e-08
3828	4.32381e-08
3829	4.27211e-08
3830	4.16363e-08
3831	4.27699e-08
3832	4.14393e-08
3833	4.3354e-08
3834	4.43754e-08
3835	4.2951e-08
3836	4.39306e-08
3837	4.31283e-08
3838	4.46057e-08
3839	4.64337e-08
3840	4.40655e-08
3841	4.4971e-08
3842	4.44138e-08
3843	4.47748e-08
3844	4.74561e-08
3845	4.46033e-08
3846	4.50096e-08
3847	4.52608e-08
3848	4.48939e-08
3849	4.74517e-08
3850	4.53723e-08
3851	4.44643e-08
3852	4.53086e-08
3853	4.41391e-08
3854	4.70361e-08
3855	4.5443e-08
3856	4.41834e-08
3857	4.50042e-08
3858	4.31486e-08
3859	4.61961e-08
3860	4.55457e-08
3861	4.39775e-08
3862	4.51003e-08
3863	4.32852e-08
3864	4.58122e-08
3865	4.59391e-08
3866	4.43494e-08
3867	4.52116e-08
3868	4.41174e-08
3869	4.56206e-08
3870	4.67427e-08
3871	4.52018e-08
3872	4.60689e-08
3873	4.54623e-08
3874	4.66627e-08
3875	4.83373e-08
3876	4.60144e-08
3877	4.66107e-08
3878	4.63371e-08
3879	4.7068e-08
3880	4.96734e-08
3881	4.72578e-08
3882	4.73243e-08
3883	4.77822e-08
3884	4.73648e-08
3885	5.04558e-08
3886	4.7502e-08
3887	4.74726e-08
3888	4.88249e-08
3889	4.68317e-08
3890	4.97427e-08
3891	4.79359e-08
3892	4.7378e-08
3893	4.87588e-08
3894	4.66088e-08
3895	4.93134e-08
3896	4.92755e-08
3897	4.77304e-08
3898	4.884e-08
3899	4.69787e-08
3900	4.91995e-08
3901	4.83596e-08
3902	4.78782e-08
3903	4.90783e-08
3904	4.64407e-08
3905	4.89058e-08
3906	5.00443e-08
3907	4.65482e-08
3908	4.81487e-08
3909	4.71514e-08
3910	4.75408e-08
3911	4.93308e-08
3912	4.6734e-08
3913	4.67035e-08
3914	4.63726e-08
3915	4.61732e-08
3916	4.85516e-08
3917	4.61404e-08
3918	4.51291e-08
3919	4.5963e-08
3920	4.44112e-08
3921	4.70019e-08
3922	4.55543e-08
3923	4.37628e-08
3924	4.51428e-08
3925	4.2772e-08
3926	4.56292e-08
3927	4.51091e-08
3928	4.30524e-08
3929	4.44235e-08
3930	4.20306e-08
3931	4.48963e-08
3932	4.49146e-08
3933	4.26805e-08
3934	4.39949e-08
3935	4.19149e-08
3936	4.42922e-08
3937	4.47786e-08
3938	4.2962e-08
3939	4.39129e-08
3940	4.25941e-08
3941	4.43762e-08
3942	4.56534e-08
3943	4.36302e-08
3944	4.42975e-08
3945	4.35536e-08
3946	4.44495e-08
3947	4.68306e-08
3948	4.43574e-08
3949	4.45558e-08
3950	4.54686e-08
3951	4.43787e-08
3952	4.73572e-08
3953	4.57192e-08
3954	4.47655e-08
3955	4.62562e-08
3956	4.39259e-08
3957	4.6875e-08
3958	4.61393e-08
3959	4.37452e-08
3960	4.54439e-08
3961	4.27477e-08
3962	4.55939e-08
3963	4.50519e-08
3964	4.24803e-08
3965	4.37688e-08
3966	4.10822e-08
3967	4.38631e-08
3968	4.39296e-08
3969	4.1297e-08
3970	4.23441e-08
3971	4.01318e-08
3972	4.22804e-08
3973	4.33649e-08
3974	4.12236e-08
3975	4.17851e-08
3976	4.11806e-08
3977	4.16442e-08
3978	4.39021e-08
3979	4.24535e-08
3980	4.25651e-08
3981	4.28781e-08
3982	4.26187e-08
3983	4.55004e-08
3984	4.38246e-08
3985	4.31819e-08
3986	4.45328e-08
3987	4.27846e-08
3988	4.61412e-08
3989	4.44086e-08
3990	4.30238e-08
3991	4.52218e-08
3992	4.27305e-08
3993	4.59933e-08
3994	4.5331e-08
3995	4.28432e-08
3996	4.48863e-08
3997	4.22081e-08
3998	4.48811e-08
3999	4.53563e-08
4000	4.29339e-08
4001	4.39905e-08
4002	4.2258e-08
4003	4.39937e-08
4004	4.49363e-08
4005	4.27182e-08
4006	4.33576e-08
4007	4.21426e-08
4008	4.28077e-08
4009	4.44974e-08
4010	4.27105e-08
4011	4.2579e-08
4012	4.27548e-08
4013	4.21657e-08
4014	4.47298e-08
4015	4.35493e-08
4016	4.30175e-08
4017	4.39509e-08
4018	4.29778e-08
4019	4.56507e-08
4020	4.42681e-08
4021	4.31665e-08
4022	4.45096e-08
4023	4.30419e-08
4024	4.58589e-08
4025	4.49202e-08
4026	4.37276e-08
4027	4.49042e-08
4028	4.37731e-08
4029	4.61145e-08
4030	4.60249e-08
4031	4.45732e-08
4032	4.53739e-08
4033	4.39343e-08
4034	4.56528e-08
4035	4.62589e-08
4036	4.39755e-08
4037	4.46438e-08
4038	4.34325e-08
4039	4.44741e-08
4040	4.57905e-08
4041	4.30194e-08
4042	4.34839e-08
4043	4.26893e-08
4044	4.28436e-08
4045	4.46826e-08
4046	4.2722e-08
4047	4.23169e-08
4048	4.20835e-08
4049	4.1901e-08
4050	4.34956e-08
4051	4.25578e-08
4052	4.23464e-08
4053	4.21704e-08
4054	4.18776e-08
4055	4.32751e-08
4056	4.31917e-08
4057	4.23593e-08
4058	4.2283e-08
4059	4.18607e-08
4060	4.27702e-08
4061	4.32645e-08
4062	4.22459e-08
4063	4.21778e-08
4064	4.22006e-08
4065	4.26108e-08
4066	4.31033e-08
4067	4.17135e-08
4068	4.18016e-08
4069	4.19953e-08
4070	4.24737e-08
4071	4.31963e-08
4072	4.17312e-08
4073	4.23295e-08
4074	4.21574e-08
4075	4.29948e-08
4076	4.37376e-08
4077	4.23363e-08
4078	4.34888e-08
4079	4.2482e-08
4080	4.37193e-08
4081	4.46252e-08
4082	4.34678e-08
4083	4.38306e-08
4084	4.27701e-08
4085	4.38498e-08
4086	4.42714e-08
4087	4.38604e-08
4088	4.37646e-08
4089	4.2427e-08
4090	4.39071e-08
4091	4.34633e-08
4092	4.33458e-08
4093	4.30865e-08
4094	4.19941e-08
4095	4.38116e-08
4096	4.32361e-08
4097	4.35012e-08
4098	4.35381e-08
4099	4.28947e-08
4100	4.3481e-08
4101	4.35296e-08
4102	4.37499e-08
4103	4.33185e-08
4104	4.30053e-08
4105	4.252e-08
4106	4.3376e-08
4107	4.30148e-08
4108	4.32548e-08
4109	4.29782e-08
4110	4.23481e-08
4111	4.40618e-08
4112	4.29991e-08
4113	4.34937e-08
4114	4.36937e-08
4115	4.23343e-08
4116	4.44914e-08
4117	4.3324e-08
4118	4.33761e-08
4119	4.37054e-08
4120	4.20095e-08
4121	4.43019e-08
4122	4.31922e-08
4123	4.33323e-08
4124	4.43312e-08
4125	4.27569e-08
4126	4.47668e-08
4127	4.46714e-08
4128	4.36809e-08
4129	4.50114e-08
4130	4.42289e-08
4131	4.52474e-08
4132	4.51718e-08
4133	4.35354e-08
4134	4.53327e-08
4135	4.40363e-08
4136	4.46517e-08
4137	4.52352e-08
4138	4.33943e-08
4139	4.50515e-08
4140	4.42432e-08
4141	4.50336e-08
4142	4.5548e-08
4143	4.42845e-08
4144	4.59181e-08
4145	4.5102e-08
4146	4.62804e-08
4147	4.59467e-08
4148	4.52239e-08
4149	4.64524e-08
4150	4.53223e-08
4151	4.6811e-08
4152	4.57154e-08
4153	4.56227e-08
4154	4.63401e-08
4155	4.45992e-08
4156	4.67656e-08
4157	4.57392e-08
4158	4.48291e-08
4159	4.52411e-08
4160	4.41992e-08
4161	4.53695e-08
4162	4.52975e-08
4163	4.43013e-08
4164	4.42155e-08
4165	4.35926e-08
4166	4.42327e-08
4167	4.45112e-08
4168	4.30104e-08
4169	4.28596e-08
4170	4.30352e-08
4171	4.28852e-08
4172	4.44886e-08
4173	4.26977e-08
4174	4.28042e-08
4175	4.34647e-08
4176	4.28629e-08
4177	4.51291e-08
4178	4.31286e-08
4179	4.28625e-08
4180	4.3736e-08
4181	4.26879e-08
4182	4.49481e-08
4183	4.30721e-08
4184	4.25425e-08
4185	4.31209e-08
4186	4.23313e-08
4187	4.44169e-08
4188	4.25904e-08
4189	4.21621e-08
4190	4.28824e-08
4191	4.1753e-08
4192	4.45292e-08
4193	4.30294e-08
4194	4.20424e-08
4195	4.33288e-08
4196	4.16299e-08
4197	4.45137e-08
4198	4.3859e-08
4199	4.2307e-08
4200	4.37002e-08
4201	4.13108e-08
4202	4.42654e-08
4203	4.43006e-08
4204	4.21272e-08
4205	4.36519e-08
4206	4.15867e-08
4207	4.33848e-08
4208	4.45195e-08
4209	4.20828e-08
4210	4.31917e-08
4211	4.20244e-08
4212	4.30955e-08
4213	4.48195e-08
4214	4.20233e-08
4215	4.26863e-08
4216	4.21255e-08
4217	4.23196e-08
4218	4.47247e-08
4219	4.2485e-08
4220	4.23809e-08
4221	4.29833e-08
4222	4.27306e-08
4223	4.49732e-08
4224	4.34096e-08
4225	4.26255e-08
4226	4.3927e-08
4227	4.2267e-08
4228	4.48876e-08
4229	4.40303e-08
4230	4.23025e-08
4231	4.37786e-08
4232	4.16655e-08
4233	4.44687e-08
4234	4.41086e-08
4235	4.22854e-08
4236	4.36054e-08
4237	4.1028e-08
4238	4.42624e-08
4239	4.44044e-08
4240	4.20022e-08
4241	4.34411e-08
4242	4.103e-08
4243	4.34148e-08
4244	4.48327e-08
4245	4.25601e-08
4246	4.32889e-08
4247	4.2349e-08
4248	4.35571e-08
4249	4.53198e-08
4250	4.30981e-08
4251	4.34361e-08
4252	4.34735e-08
4253	4.27755e-08
4254	4.53062e-08
4255	4.35368e-08
4256	4.3137e-08
4257	4.42798e-08
4258	4.29923e-08
4259	4.55878e-08
4260	4.4204e-08
4261	4.31742e-08
4262	4.50595e-08
4263	4.25069e-08
4264	4.59316e-08
4265	4.52993e-08
4266	4.29571e-08
4267	4.50966e-08
4268	4.2343e-08
4269	4.54317e-08
4270	4.56176e-08
4271	4.33053e-08
4272	4.44753e-08
4273	4.24749e-08
4274	4.55964e-08
4275	4.61688e-08
4276	4.4201e-08
4277	4.51795e-08
4278	4.34693e-08
4279	4.48851e-08
4280	4.63517e-08
4281	4.45424e-08
4282	4.45822e-08
4283	4.43617e-08
4284	4.41493e-08
4285	4.66007e-08
4286	4.49454e-08
4287	4.44026e-08
4288	4.52867e-08
4289	4.39864e-08
4290	4.65973e-08
4291	4.52061e-08
4292	4.42047e-08
4293	4.59648e-08
4294	4.41675e-08
4295	4.71089e-08
4296	4.55387e-08
4297	4.4135e-08
4298	4.58781e-08
4299	4.30504e-08
4300	4.59904e-08
4301	4.55328e-08
4302	4.30365e-08
4303	4.44218e-08
4304	4.22859e-08
4305	4.37244e-08
4306	4.45895e-08
4307	4.21724e-08
4308	4.26544e-08
4309	4.12124e-08
4310	4.23319e-08
4311	4.35996e-08
4312	4.14536e-08
4313	4.15048e-08
4314	4.08684e-08
4315	4.13044e-08
4316	4.32164e-08
4317	4.16932e-08
4318	4.15424e-08
4319	4.20959e-08
4320	4.15901e-08
4321	4.43305e-08
4322	4.32506e-08
4323	4.27521e-08
4324	4.36871e-08
4325	4.24622e-08
4326	4.51429e-08
4327	4.4521e-08
4328	4.35848e-08
4329	4.44848e-08
4330	4.39974e-08
4331	4.54775e-08
4332	4.53519e-08
4333	4.45149e-08
4334	4.47883e-08
4335	4.40713e-08
4336	4.59625e-08
4337	4.60374e-08
4338	4.45707e-08
4339	4.54408e-08
4340	4.45366e-08
4341	4.61676e-08
4342	4.72505e-08
4343	4.49207e-08
4344	4.58539e-08
4345	4.48913e-08
4346	4.56676e-08
4347	4.73181e-08
4348	4.46116e-08
4349	4.52413e-08
4350	4.42891e-08
4351	4.43433e-08
4352	4.58941e-08
4353	4.38856e-08
4354	4.36538e-08
4355	4.26803e-08
4356	4.32786e-08
4357	4.38548e-08
4358	4.31854e-08
4359	4.31867e-08
4360	4.23543e-08
4361	4.28244e-08
4362	4.3269e-08
4363	4.35617e-08
4364	4.3315e-08
4365	4.29723e-08
4366	4.33404e-08
4367	4.42049e-08
4368	4.49903e-08
4369	4.4231e-08
4370	4.43857e-08
4371	4.49059e-08
4372	4.53171e-08
4373	4.64536e-08
4374	4.53814e-08
4375	4.5628e-08
4376	4.58711e-08
4377	4.59796e-08
4378	4.68161e-08
4379	4.60303e-08
4380	4.63589e-08
4381	4.58335e-08
4382	4.69366e-08
4383	4.66686e-08
4384	4.63028e-08
4385	4.70586e-08
4386	4.56004e-08
4387	4.72742e-08
4388	4.7222e-08
4389	4.65332e-08
4390	4.71018e-08
4391	4.59047e-08
4392	4.76193e-08
4393	4.72775e-08
4394	4.67448e-08
4395	4.71119e-08
4396	4.61121e-08
4397	4.74202e-08
4398	4.6437e-08
4399	4.60208e-08
4400	4.62677e-08
4401	4.50255e-08
4402	4.62519e-08
4403	4.53838e-08
4404	4.43427e-08
4405	4.49567e-08
4406	4.36251e-08
4407	4.42436e-08
4408	4.41967e-08
4409	4.25285e-08
4410	4.34348e-08
4411	4.24543e-08
4412	4.26494e-08
4413	4.28551e-08
4414	4.1462e-08
4415	4.25847e-08
4416	4.16546e-08
4417	4.19228e-08
4418	4.26002e-08
4419	4.10343e-08
4420	4.2393e-08
4421	4.17436e-08
4422	4.13336e-08
4423	4.28815e-08
4424	4.13963e-08
4425	4.19968e-08
4426	4.21048e-08
4427	4.17025e-08
4428	4.30177e-08
4429	4.18613e-08
4430	4.16942e-08
4431	4.28208e-08
4432	4.2311e-08
4433	4.29547e-08
4434	4.23662e-08
4435	4.18245e-08
4436	4.27818e-08
4437	4.19989e-08
4438	4.30751e-08
4439	4.24984e-08
4440	4.16599e-08
4441	4.32694e-08
4442	4.19579e-08
4443	4.32122e-08
4444	4.25671e-08
4445	4.11198e-08
4446	4.25723e-08
4447	4.11108e-08
4448	4.27412e-08
4449	4.15328e-08
4450	4.04826e-08
4451	4.18262e-08
4452	4.02014e-08
4453	4.23851e-08
4454	4.12656e-08
4455	4.02901e-08
4456	4.12882e-08
4457	3.98923e-08
4458	4.23616e-08
4459	4.06344e-08
4460	4.03348e-08
4461	4.13011e-08
4462	3.95663e-08
4463	4.23855e-08
4464	4.11253e-08
4465	4.01582e-08
4466	4.15363e-08
4467	4.00828e-08
4468	4.25609e-08
4469	4.21215e-08
4470	4.06126e-08
4471	4.18166e-08
4472	4.09236e-08
4473	4.26402e-08
4474	4.35795e-08
4475	4.18048e-08
4476	4.2783e-08
4477	4.20592e-08
4478	4.29145e-08
4479	4.5042e-08
4480	4.26579e-08
4481	4.32561e-08
4482	4.30686e-08
4483	4.29749e-08
4484	4.55817e-08
4485	4.28341e-08
4486	4.31465e-08
4487	4.36535e-08
4488	4.29538e-08
4489	4.53519e-08
4490	4.32149e-08
4491	4.23945e-08
4492	4.30996e-08
4493	4.19149e-08
4494	4.42942e-08
4495	4.26778e-08
4496	4.1568e-08
4497	4.24728e-08
4498	4.0819e-08
4499	4.35076e-08
4500	4.23955e-08
4501	4.10954e-08
4502	4.21886e-08
4503	3.97923e-08
4504	4.27049e-08
4505	4.24127e-08
4506	4.0696e-08
4507	4.20424e-08
4508	3.99321e-08
4509	4.22737e-08
4510	4.34924e-08
4511	4.12099e-08
4512	4.26693e-08
4513	4.15864e-08
4514	4.3084e-08
4515	4.49815e-08
4516	4.27176e-08
4517	4.36641e-08
4518	4.31954e-08
4519	4.41264e-08
4520	4.68558e-08
4521	4.42706e-08
4522	4.44665e-08
4523	4.48966e-08
4524	4.4597e-08
4525	4.73009e-08
4526	4.53189e-08
4527	4.42651e-08
4528	4.58843e-08
4529	4.3877e-08
4530	4.64882e-08
4531	4.56048e-08
4532	4.37561e-08
4533	4.51345e-08
4534	4.29769e-08
4535	4.5751e-08
4536	4.54075e-08
4537	4.34203e-08
4538	4.45878e-08
4539	4.20593e-08
4540	4.46482e-08
4541	4.45957e-08
4542	4.25984e-08
4543	4.37394e-08
4544	4.1606e-08
4545	4.34772e-08
4546	4.44909e-08
4547	4.23913e-08
4548	4.30659e-08
4549	4.18044e-08
4550	4.31369e-08
4551	4.51178e-08
4552	4.25038e-08
4553	4.25357e-08
4554	4.25689e-08
4555	4.23759e-08
4556	4.50161e-08
4557	4.28176e-08
4558	4.24036e-08
4559	4.36987e-08
4560	4.18813e-08
4561	4.486e-08
4562	4.39372e-08
4563	4.22876e-08
4564	4.41603e-08
4565	4.19462e-08
4566	4.51054e-08
4567	4.45264e-08
4568	4.25482e-08
4569	4.43405e-08
4570	4.19349e-08
4571	4.50295e-08
4572	4.49e-08
4573	4.25943e-08
4574	4.41361e-08
4575	4.18712e-08
4576	4.45131e-08
4577	4.52824e-08
4578	4.30187e-08
4579	4.37358e-08
4580	4.25733e-08
4581	4.41792e-08
4582	4.59271e-08
4583	4.39419e-08
4584	4.45838e-08
4585	4.46765e-08
4586	4.49038e-08
4587	4.74774e-08
4588	4.55952e-08
4589	4.50117e-08
4590	4.58674e-08
4591	4.4665e-08
4592	4.77554e-08
4593	4.61774e-08
4594	4.50214e-08
4595	4.66184e-08
4596	4.42553e-08
4597	4.76554e-08
4598	4.69356e-08
4599	4.46491e-08
4600	4.66114e-08
4601	4.39901e-08
4602	4.67077e-08
4603	4.65569e-08
4604	4.38061e-08
4605	4.49065e-08
4606	4.26906e-08
4607	4.55289e-08
4608	4.59152e-08
4609	4.36271e-08
4610	4.46962e-08
4611	4.318e-08
4612	4.51762e-08
4613	4.69211e-08
4614	4.52944e-08
4615	4.58077e-08
4616	4.5916e-08
4617	4.59998e-08
4618	4.86717e-08
4619	4.70865e-08
4620	4.68938e-08
4621	4.77916e-08
4622	4.69387e-08
4623	4.96746e-08
4624	4.81539e-08
4625	4.71595e-08
4626	4.90105e-08
4627	4.7521e-08
4628	5.0745e-08
4629	4.82249e-08
4630	4.79738e-08
4631	5.02618e-08
4632	4.73342e-08
4633	5.04632e-08
4634	5.02592e-08
4635	4.79524e-08
4636	4.96408e-08
4637	4.72229e-08
4638	4.95359e-08
4639	5.00889e-08
4640	4.6433e-08
4641	4.84383e-08
4642	4.69421e-08
4643	4.78686e-08
4644	4.91847e-08
4645	4.68805e-08
4646	4.72333e-08
4647	4.65798e-08
4648	4.70704e-08
4649	4.8657e-08
4650	4.69548e-08
4651	4.66944e-08
4652	4.70726e-08
4653	4.61032e-08
4654	4.84033e-08
4655	4.70042e-08
4656	4.61646e-08
4657	4.69361e-08
4658	4.54479e-08
4659	4.81996e-08
4660	4.70277e-08
4661	4.58796e-08
4662	4.68809e-08
4663	4.56901e-08
4664	4.78128e-08
4665	4.67954e-08
4666	4.59346e-08
4667	4.66078e-08
4668	4.54215e-08
4669	4.70909e-08
4670	4.68616e-08
4671	4.52915e-08
4672	4.61357e-08
4673	4.45791e-08
4674	4.61869e-08
4675	4.69814e-08
4676	4.44221e-08
4677	4.52091e-08
4678	4.403e-08
4679	4.49093e-08
4680	4.62407e-08
4681	4.34515e-08
4682	4.41805e-08
4683	4.34115e-08
4684	4.35245e-08
4685	4.52221e-08
4686	4.30519e-08
4687	4.28854e-08
4688	4.21736e-08
4689	4.24016e-08
4690	4.33229e-08
4691	4.21792e-08
4692	4.20046e-08
4693	4.08102e-08
4694	4.1349e-08
4695	4.19215e-08
4696	4.20129e-08
4697	4.14886e-08
4698	4.10183e-08
4699	4.08579e-08
4700	4.16477e-08
4701	4.17951e-08
4702	4.08902e-08
4703	4.08429e-08
4704	4.05608e-08
4705	4.11918e-08
4706	4.20775e-08
4707	4.07949e-08
4708	4.13964e-08
4709	4.14674e-08
4710	4.15431e-08
4711	4.27826e-08
4712	4.14033e-08
4713	4.16629e-08
4714	4.1252e-08
4715	4.22148e-08
4716	4.22546e-08
4717	4.12559e-08
4718	4.21921e-08
4719	4.05903e-08
4720	4.21192e-08
4721	4.2099e-08
4722	4.11795e-08
4723	4.17257e-08
4724	4.03918e-08
4725	4.16376e-08
4726	4.15437e-08
4727	4.08892e-08
4728	4.13396e-08
4729	4.00229e-08
4730	4.14953e-08
4731	4.1301e-08
4732	4.12171e-08
4733	4.1207e-08
4734	4.01477e-08
4735	4.11543e-08
4736	4.03755e-08
4737	3.99707e-08
4738	4.04524e-08
4739	3.92783e-08
4740	3.96635e-08
4741	3.96891e-08
4742	3.87724e-08
4743	3.98674e-08
4744	3.90021e-08
4745	3.89821e-08
4746	3.92489e-08
4747	3.83697e-08
4748	3.92276e-08
4749	3.82102e-08
4750	3.83584e-08
4751	3.92235e-08
4752	3.79587e-08
4753	3.90446e-08
4754	3.87815e-08
4755	3.79509e-08
4756	3.99706e-08
4757	3.86112e-08
4758	3.94378e-08
4759	3.98517e-08
4760	3.90544e-08
4761	4.0913e-08
4762	4.00433e-08
4763	4.00199e-08
4764	4.11087e-08
4765	4.00935e-08
4766	4.15848e-08
4767	4.11899e-08
4768	4.04439e-08
4769	4.19827e-08
4770	4.10746e-08
4771	4.21442e-08
4772	4.18939e-08
4773	4.09756e-08
4774	4.28213e-08
4775	4.14375e-08
4776	4.26235e-08
4777	4.24477e-08
4778	4.12167e-08
4779	4.31646e-08
4780	4.20725e-08
4781	4.34758e-08
4782	4.27454e-08
4783	4.17533e-08
4784	4.30927e-08
4785	4.13374e-08
4786	4.32195e-08
4787	4.21461e-08
4788	4.11943e-08
4789	4.21303e-08
4790	4.06226e-08
4791	4.29118e-08
4792	4.14851e-08
4793	4.09349e-08
4794	4.16669e-08
4795	3.96911e-08
4796	4.27654e-08
4797	4.14246e-08
4798	4.05781e-08
4799	4.15551e-08
4800	3.97868e-08
4801	4.20072e-08
4802	4.18979e-08
4803	4.06445e-08
4804	4.14358e-08
4805	4.09039e-08
4806	4.23058e-08
4807	4.3432e-08
4808	4.17435e-08
4809	4.2593e-08
4810	4.24076e-08
4811	4.28249e-08
4812	4.47313e-08
4813	4.27757e-08
4814	4.33552e-08
4815	4.34471e-08
4816	4.3509e-08
4817	4.58044e-08
4818	4.33995e-08
4819	4.34526e-08
4820	4.37468e-08
4821	4.32944e-08
4822	4.58762e-08
4823	4.35917e-08
4824	4.30098e-08
4825	4.37792e-08
4826	4.29657e-08
4827	4.53952e-08
4828	4.37357e-08
4829	4.31413e-08
4830	4.37318e-08
4831	4.26468e-08
4832	4.54525e-08
4833	4.37799e-08
4834	4.2873e-08
4835	4.38091e-08
4836	4.22314e-08
4837	4.49955e-08
4838	4.42228e-08
4839	4.28194e-08
4840	4.38503e-08
4841	4.2205e-08
4842	4.43289e-08
4843	4.54563e-08
4844	4.36479e-08
4845	4.45715e-08
4846	4.3781e-08
4847	4.50005e-08
4848	4.67943e-08
4849	4.4187e-08
4850	4.49153e-08
4851	4.43888e-08
4852	4.49021e-08
4853	4.72747e-08
4854	4.4692e-08
4855	4.51151e-08
4856	4.51761e-08
4857	4.51468e-08
4858	4.79157e-08
4859	4.54925e-08
4860	4.4955e-08
4861	4.60588e-08
4862	4.49576e-08
4863	4.79774e-08
4864	4.67491e-08
4865	4.52671e-08
4866	4.65201e-08
4867	4.49789e-08
4868	4.77907e-08
4869	4.72022e-08
4870	4.57938e-08
4871	4.68236e-08
4872	4.49087e-08
4873	4.75293e-08
4874	4.77782e-08
4875	4.63188e-08
4876	4.74796e-08
4877	4.61021e-08
4878	4.83461e-08
4879	4.93888e-08
4880	4.73942e-08
4881	4.83671e-08
4882	4.71879e-08
4883	4.86162e-08
4884	5.02192e-08
4885	4.74552e-08
4886	4.82033e-08
4887	4.78206e-08
4888	4.81278e-08
4889	5.05015e-08
4890	4.68133e-08
4891	4.78099e-08
4892	4.83793e-08
4893	4.76195e-08
4894	5.00988e-08
4895	4.69838e-08
4896	4.71095e-08
4897	4.86301e-08
4898	4.66283e-08
4899	4.91145e-08
4900	4.82382e-08
4901	4.6603e-08
4902	4.78611e-08
4903	4.55553e-08
4904	4.82854e-08
4905	4.77493e-08
4906	4.5908e-08
4907	4.7048e-08
4908	4.4519e-08
4909	4.71422e-08
4910	4.73268e-08
4911	4.53789e-08
4912	4.61989e-08
4913	4.43563e-08
4914	4.63381e-08
4915	4.71518e-08
4916	4.51645e-08
4917	4.58507e-08
4918	4.44754e-08
4919	4.60084e-08
4920	4.76427e-08
4921	4.50322e-08
4922	4.53028e-08
4923	4.52623e-08
4924	4.53675e-08
4925	4.78741e-08
4926	4.58213e-08
4927	4.55844e-08
4928	4.65061e-08
4929	4.49045e-08
4930	4.77886e-08
4931	4.62807e-08
4932	4.45539e-08
4933	4.62083e-08
4934	4.37175e-08
4935	4.61807e-08
4936	4.55241e-08
4937	4.32386e-08
4938	4.46618e-08
4939	4.19034e-08
4940	4.47331e-08
4941	4.45412e-08
4942	4.21557e-08
4943	4.34632e-08
4944	4.0529e-08
4945	4.31989e-08
4946	4.37001e-08
4947	4.12667e-08
4948	4.20851e-08
4949	4.03153e-08
4950	4.21344e-08
4951	4.37544e-08
4952	4.20747e-08
4953	4.25722e-08
4954	4.23175e-08
4955	4.27088e-08
4956	4.49108e-08
4957	4.31828e-08
4958	4.31396e-08
4959	4.37489e-08
4960	4.32008e-08
4961	4.5951e-08
4962	4.42298e-08
4963	4.35352e-08
4964	4.49792e-08
4965	4.29487e-08
4966	4.62956e-08
4967	4.47673e-08
4968	4.27703e-08
4969	4.50456e-08
4970	4.24535e-08
4971	4.54517e-08
4972	4.50673e-08
4973	4.25077e-08
4974	4.42183e-08
4975	4.18276e-08
4976	4.45533e-08
4977	4.50286e-08
4978	4.229e-08
4979	4.31159e-08
4980	4.12024e-08
4981	4.24532e-08
4982	4.37059e-08
4983	4.15772e-08
4984	4.16467e-08
4985	4.06706e-08
4986	4.11888e-08
4987	4.29761e-08
4988	4.14495e-08
4989	4.12578e-08
4990	4.15303e-08
4991	4.09185e-08
4992	4.34512e-08
4993	4.19261e-08
4994	4.13528e-08
4995	4.25494e-08
4996	4.142e-08
4997	4.41895e-08
4998	4.29131e-08
4999	4.19576e-08
5000	4.31424e-08
