1	1
2	0.994154
3	0.049918
4	0.0184939
5	0.0138106
6	0.0139101
7	0.016805
8	0.0248101
9	0.0684811
10	0.0466248
11	0.0273055
12	0.0247695
13	0.0277754
14	0.0380001
15	0.0672404
16	0.106637
17	0.0568151
18	0.0445239
19	0.0414348
20	0.0429877
21	0.0501125
22	0.0653586
23	0.0957326
24	0.102754
25	0.0755056
26	0.0632696
27	0.0576332
28	0.0552776
29	0.0546243
30	0.0552295
31	0.0569332
32	0.0590141
33	0.061142
34	0.0624668
35	0.062766
36	0.0623729
37	0.0611498
38	0.0593066
39	0.0569905
40	0.0544687
41	0.052012
42	0.0499347
43	0.0481883
44	0.046807
45	0.045828
46	0.0450865
47	0.0445111
48	0.04413
49	0.0439883
50	0.0440875
51	0.0442698
52	0.0443947
53	0.0444267
54	0.0443069
55	0.0439586
56	0.0433585
57	0.0426383
58	0.0418427
59	0.0410009
60	0.0401591
61	0.0393424
62	0.0385377
63	0.0377191
64	0.0369679
65	0.0362325
66	0.0355223
67	0.0348741
68	0.0342565
69	0.0337136
70	0.0332412
71	0.0328151
72	0.0323769
73	0.0319381
74	0.0314833
75	0.0310164
76	0.0305086
77	0.02998
78	0.0294137
79	0.0288472
80	0.028244
81	0.0276404
82	0.0270436
83	0.0264488
84	0.0258388
85	0.0252309
86	0.0246231
87	0.0240463
88	0.0234621
89	0.0228933
90	0.0223351
91	0.0217854
92	0.0212191
93	0.0207038
94	0.020261
95	0.0198022
96	0.0193643
97	0.0189493
98	0.0185379
99	0.0181391
100	0.0177422
101	0.01735
102	0.0169504
103	0.0165612
104	0.0161798
105	0.0158159
106	0.0154567
107	0.0151084
108	0.0147652
109	0.0144367
110	0.0141079
111	0.0137918
112	0.0134802
113	0.0131807
114	0.0128837
115	0.0126069
116	0.012341
117	0.0120834
118	0.0118299
119	0.0115851
120	0.0113442
121	0.0111124
122	0.010889
123	0.010677
124	0.0104709
125	0.0102649
126	0.0100645
127	0.0098632
128	0.0096678
129	0.00947608
130	0.00928643
131	0.00909968
132	0.00891439
133	0.00873148
134	0.00855007
135	0.00837299
136	0.0082004
137	0.00803249
138	0.0078702
139	0.00771419
140	0.00755935
141	0.00740741
142	0.00725635
143	0.00710621
144	0.00696188
145	0.00682106
146	0.00668685
147	0.00655509
148	0.00642538
149	0.00629772
150	0.00617266
151	0.006048
152	0.00592212
153	0.0058072
154	0.00569421
155	0.00558428
156	0.00547569
157	0.00536912
158	0.00526659
159	0.00516519
160	0.00506731
161	0.00496817
162	0.00487091
163	0.0047803
164	0.00468954
165	0.00460238
166	0.0045104
167	0.00442021
168	0.0043319
169	0.00424514
170	0.00416425
171	0.0040806
172	0.00400398
173	0.00392978
174	0.00385563
175	0.00378583
176	0.00371158
177	0.00364187
178	0.00357468
179	0.00350451
180	0.00344072
181	0.00337291
182	0.0033093
183	0.00324779
184	0.00318411
185	0.00312669
186	0.00306558
187	0.0030059
188	0.00294915
189	0.00289042
190	0.00283921
191	0.00278746
192	0.00273232
193	0.00268392
194	0.0026326
195	0.00258661
196	0.00254008
197	0.0024873
198	0.00244302
199	0.00239665
200	0.00235406
201	0.00231083
202	0.00226135
203	0.00222093
204	0.0021796
205	0.00214218
206	0.0021022
207	0.00205955
208	0.00202483
209	0.00198863
210	0.00195793
211	0.00192216
212	0.00188511
213	0.00185567
214	0.00182275
215	0.00179685
216	0.00176505
217	0.0017306
218	0.00170691
219	0.00167662
220	0.00165498
221	0.00162714
222	0.00159383
223	0.00157408
224	0.00154522
225	0.0015265
226	0.00150031
227	0.00146759
228	0.00145102
229	0.00142473
230	0.00140898
231	0.00138538
232	0.00135197
233	0.00133808
234	0.00131463
235	0.00130051
236	0.0012803
237	0.0012496
238	0.00123643
239	0.00121628
240	0.00120143
241	0.00118827
242	0.00116201
243	0.00114567
244	0.0011274
245	0.0011091
246	0.00110277
247	0.00108185
248	0.001062
249	0.00104821
250	0.00102848
251	0.00102479
252	0.00100473
253	0.000981751
254	0.000971867
255	0.000953461
256	0.00094952
257	0.000931105
258	0.00090846
259	0.000902
260	0.000886292
261	0.000881505
262	0.000867526
263	0.000848125
264	0.000841231
265	0.000827885
266	0.000820549
267	0.000810311
268	0.000793573
269	0.00078342
270	0.000772094
271	0.000762532
272	0.000753475
273	0.000735893
274	0.000724681
275	0.000716581
276	0.000709012
277	0.00070032
278	0.000680817
279	0.000671368
280	0.000665587
281	0.00065899
282	0.00064962
283	0.000633851
284	0.000627239
285	0.000616817
286	0.000612755
287	0.000603866
288	0.000591282
289	0.000585899
290	0.000570211
291	0.000569186
292	0.000564813
293	0.000552633
294	0.000543267
295	0.000529176
296	0.000526623
297	0.000527161
298	0.000513504
299	0.000505038
300	0.00049564
301	0.000487477
302	0.000489614
303	0.000475552
304	0.000471508
305	0.00046576
306	0.000452994
307	0.000457899
308	0.000444517
309	0.000439987
310	0.000436716
311	0.000422219
312	0.000427096
313	0.000416175
314	0.000407762
315	0.000406993
316	0.00039484
317	0.000396628
318	0.000389444
319	0.000377772
320	0.000382289
321	0.000373818
322	0.000370264
323	0.000367122
324	0.000353785
325	0.000358721
326	0.000352695
327	0.000344752
328	0.000344266
329	0.000331205
330	0.000335456
331	0.000330376
332	0.000321953
333	0.000322529
334	0.000311586
335	0.000314118
336	0.000311807
337	0.000307036
338	0.000304589
339	0.000297137
340	0.000296252
341	0.000297849
342	0.000293719
343	0.000291637
344	0.000286133
345	0.000282847
346	0.000284085
347	0.000279765
348	0.000277964
349	0.000272735
350	0.000269517
351	0.00027075
352	0.000267471
353	0.000265002
354	0.00026043
355	0.000256577
356	0.000257147
357	0.000258882
358	0.000257523
359	0.000248112
360	0.00024723
361	0.000245605
362	0.000249883
363	0.000248825
364	0.000237239
365	0.000237709
366	0.000236165
367	0.000238305
368	0.000237855
369	0.000224991
370	0.000226464
371	0.000226847
372	0.000227869
373	0.000228324
374	0.000216281
375	0.000214837
376	0.000217953
377	0.0002161
378	0.000221486
379	0.000214522
380	0.000203876
381	0.000211937
382	0.000206006
383	0.000213905
384	0.000211315
385	0.000194187
386	0.00020484
387	0.000198004
388	0.000203639
389	0.000205519
390	0.000185942
391	0.000197348
392	0.00019185
393	0.000195763
394	0.000200253
395	0.000180817
396	0.00019064
397	0.000184432
398	0.000189403
399	0.000197365
400	0.00018162
401	0.000183484
402	0.000182856
403	0.000182123
404	0.000191
405	0.000179529
406	0.000175955
407	0.000180868
408	0.000178112
409	0.00018401
410	0.000175407
411	0.000167156
412	0.000176401
413	0.00017296
414	0.000175709
415	0.000172069
416	0.000157864
417	0.000171493
418	0.000166916
419	0.00016797
420	0.000171803
421	0.000154779
422	0.000165007
423	0.000160747
424	0.000159829
425	0.000168786
426	0.000151807
427	0.000156818
428	0.000156793
429	0.000153546
430	0.000163702
431	0.00014975
432	0.000151181
433	0.000151387
434	0.000151055
435	0.000160123
436	0.000150665
437	0.000146918
438	0.000149778
439	0.000149699
440	0.000155699
441	0.000150584
442	0.000146321
443	0.000150311
444	0.000148122
445	0.000151951
446	0.000152598
447	0.000147265
448	0.000149311
449	0.000148308
450	0.000149045
451	0.000151373
452	0.000144629
453	0.000145811
454	0.000144208
455	0.000146808
456	0.000148899
457	0.000139046
458	0.000139094
459	0.00013797
460	0.000142096
461	0.000143707
462	0.000132855
463	0.000131808
464	0.000132706
465	0.000132962
466	0.000136848
467	0.000129007
468	0.00012736
469	0.000127978
470	0.000126936
471	0.000130613
472	0.000127074
473	0.000126188
474	0.000124223
475	0.000125991
476	0.000129063
477	0.000127253
478	0.000124815
479	0.000122375
480	0.000123487
481	0.000129562
482	0.000128835
483	0.000124884
484	0.000120908
485	0.000122653
486	0.000129736
487	0.000127391
488	0.000124276
489	0.000120056
490	0.000121597
491	0.000128017
492	0.000123681
493	0.000124444
494	0.000121597
495	0.000120342
496	0.000126715
497	0.00012027
498	0.000122466
499	0.000122379
500	0.000117628
501	0.000125049
502	0.000118427
503	0.000117894
504	0.000120414
505	0.000113627
506	0.000121255
507	0.000117825
508	0.000113916
509	0.000115589
510	0.000109511
511	0.000116092
512	0.000116121
513	0.000109
514	0.000113799
515	0.00011041
516	0.000112894
517	0.000113299
518	0.000104615
519	0.000114436
520	0.000112214
521	0.000110872
522	0.000113431
523	0.000103756
524	0.000115452
525	0.000113306
526	0.00010894
527	0.000116205
528	0.000103509
529	0.000113975
530	0.000111348
531	0.000105212
532	0.000117598
533	0.000105376
534	0.000112194
535	0.000110761
536	0.000102895
537	0.000117264
538	0.000107836
539	0.000108683
540	0.000111896
541	0.00010796
542	0.000114356
543	0.000109202
544	0.000105998
545	0.000114474
546	0.000111902
547	0.00011206
548	0.000110834
549	0.000105619
550	0.000114809
551	0.000113445
552	0.000110883
553	0.000111433
554	0.000105496
555	0.000114368
556	0.000112497
557	0.000108853
558	0.000111925
559	0.000103726
560	0.000111781
561	0.000110961
562	0.00010947
563	0.00011195
564	0.000101864
565	0.000108621
566	0.000111069
567	0.000112926
568	0.00011261
569	0.000103783
570	0.00010869
571	0.000112093
572	0.000115582
573	0.000113316
574	0.000105022
575	0.000110018
576	0.000111693
577	0.000115473
578	0.000113401
579	0.000106776
580	0.000111666
581	0.000112814
582	0.000117835
583	0.000116276
584	0.00011098
585	0.000113677
586	0.000114759
587	0.000122216
588	0.000121519
589	0.000113009
590	0.000116702
591	0.000116297
592	0.000125004
593	0.000124984
594	0.000113714
595	0.000115767
596	0.000116102
597	0.000123788
598	0.000124559
599	0.000113493
600	0.000112669
601	0.00011489
602	0.000118361
603	0.000121282
604	0.000112473
605	0.000109265
606	0.000113467
607	0.00011448
608	0.000118929
609	0.000112485
610	0.000106986
611	0.000111909
612	0.000111065
613	0.000118062
614	0.000117288
615	0.000105694
616	0.0001134
617	0.000109333
618	0.000118948
619	0.000122501
620	0.000107896
621	0.00011693
622	0.00011154
623	0.000121615
624	0.000127019
625	0.000111981
626	0.000119264
627	0.00011558
628	0.000123872
629	0.000127813
630	0.00011395
631	0.000120025
632	0.000118762
633	0.000123881
634	0.000127262
635	0.000113411
636	0.000116815
637	0.00011742
638	0.000120304
639	0.000125353
640	0.00011546
641	0.00011304
642	0.00011575
643	0.000114521
644	0.000123644
645	0.000118818
646	0.000108718
647	0.000115978
648	0.000111402
649	0.000121743
650	0.000122812
651	0.000107194
652	0.000115975
653	0.000110453
654	0.000118638
655	0.00012338
656	0.000106026
657	0.000116035
658	0.000110234
659	0.000118496
660	0.000125918
661	0.000108458
662	0.000117552
663	0.000114005
664	0.000120902
665	0.000126472
666	0.000110468
667	0.000118817
668	0.000116612
669	0.00012062
670	0.000127898
671	0.000115735
672	0.000117406
673	0.000118413
674	0.000118442
675	0.000127196
676	0.000119188
677	0.000113956
678	0.000120185
679	0.000114656
680	0.000124345
681	0.000122196
682	0.000110268
683	0.000118566
684	0.000112477
685	0.000120537
686	0.000124182
687	0.000106656
688	0.00011671
689	0.000111522
690	0.000116553
691	0.000123858
692	0.000103669
693	0.000114425
694	0.000109644
695	0.000115191
696	0.000125614
697	0.000108252
698	0.000116238
699	0.0001114
700	0.000116491
701	0.000128257
702	0.00011504
703	0.000116393
704	0.000117123
705	0.000117787
706	0.000127909
707	0.00011864
708	0.000114875
709	0.000119665
710	0.000117777
711	0.000125327
712	0.000118936
713	0.000111057
714	0.000120061
715	0.00011637
716	0.000122261
717	0.000121831
718	0.000107666
719	0.00011841
720	0.000114463
721	0.000118865
722	0.000124326
723	0.000105779
724	0.000116526
725	0.000111569
726	0.000114431
727	0.000125312
728	0.000108566
729	0.000114155
730	0.000111416
731	0.000111939
732	0.000126993
733	0.000114246
734	0.00011324
735	0.000113985
736	0.000112666
737	0.000126792
738	0.000117497
739	0.000112532
740	0.000116844
741	0.000116927
742	0.000125
743	0.000118091
744	0.000110559
745	0.000117708
746	0.000118923
747	0.000122491
748	0.00011735
749	0.000108804
750	0.000117877
751	0.000115143
752	0.000119646
753	0.000120854
754	0.000109495
755	0.000116336
756	0.000113872
757	0.000115901
758	0.000123938
759	0.000110835
760	0.000113073
761	0.000113812
762	0.000112885
763	0.000122405
764	0.000109389
765	0.000108603
766	0.000112547
767	0.000111305
768	0.000120652
769	0.000110388
770	0.000106073
771	0.000110958
772	0.00011102
773	0.000120302
774	0.000113617
775	0.000106578
776	0.000111496
777	0.000110172
778	0.000119055
779	0.000116555
780	0.000110505
781	0.000112566
782	0.000114077
783	0.000117987
784	0.000118028
785	0.000113664
786	0.000112085
787	0.000115131
788	0.000117024
789	0.000115882
790	0.000111913
791	0.000110687
792	0.000113397
793	0.000116919
794	0.00011665
795	0.000109078
796	0.000108722
797	0.000111832
798	0.000115818
799	0.00011614
800	0.000107112
801	0.00010734
802	0.000110509
803	0.000111045
804	0.000113968
805	0.000107425
806	0.000107041
807	0.000107183
808	0.000108922
809	0.000110998
810	0.000106981
811	0.000107534
812	0.000103538
813	0.000107343
814	0.000111458
815	0.000107527
816	0.000106578
817	0.000101979
818	0.000105013
819	0.000112855
820	0.00010992
821	0.000107523
822	0.000101711
823	0.000106069
824	0.000113815
825	0.000109691
826	0.000108379
827	0.000103617
828	0.000107386
829	0.000114221
830	0.000108312
831	0.000110513
832	0.000108674
833	0.000108025
834	0.00011514
835	0.000107736
836	0.000110057
837	0.00011197
838	0.000106059
839	0.000114506
840	0.000108864
841	0.00010662
842	0.000111673
843	0.000103139
844	0.000112207
845	0.000109851
846	0.00010326
847	0.000107403
848	9.95108e-05
849	0.000107922
850	0.000108445
851	9.90806e-05
852	0.000105507
853	0.000101567
854	0.000104132
855	0.000105513
856	9.58704e-05
857	0.000105964
858	0.00010445
859	0.000101288
860	0.000105966
861	9.57961e-05
862	0.000107106
863	0.000105639
864	0.000100563
865	0.000108861
866	9.74337e-05
867	0.000106586
868	0.000104869
869	9.92578e-05
870	0.000111287
871	0.000101515
872	0.000106629
873	0.000105266
874	9.85552e-05
875	0.000112536
876	0.000104419
877	0.000104852
878	0.000108477
879	0.000104512
880	0.000110907
881	0.000106823
882	0.000104436
883	0.000112609
884	0.000110283
885	0.000110171
886	0.000109361
887	0.0001053
888	0.000113296
889	0.00011274
890	0.000109312
891	0.000109602
892	0.000104659
893	0.000111727
894	0.000111372
895	0.000107469
896	0.000108941
897	0.000102445
898	0.000108743
899	0.000110162
900	0.000109463
901	0.000108041
902	0.000101406
903	0.000106903
904	0.000111645
905	0.000113081
906	0.000108978
907	0.000102531
908	0.000107772
909	0.000111803
910	0.000115536
911	0.000110482
912	0.000102492
913	0.000108953
914	0.00011066
915	0.000114692
916	0.000110521
917	0.000102508
918	0.000109305
919	0.000109635
920	0.000114649
921	0.000113069
922	0.000103904
923	0.000110627
924	0.000109563
925	0.000119149
926	0.000120969
927	0.0001083
928	0.000115156
929	0.00011287
930	0.000122978
931	0.000124845
932	0.000111543
933	0.000117393
934	0.000116048
935	0.000122694
936	0.000124462
937	0.000111686
938	0.000115889
939	0.00011596
940	0.00012073
941	0.000122913
942	0.000110128
943	0.000112366
944	0.000113936
945	0.000115879
946	0.000120495
947	0.000111663
948	0.000108473
949	0.000112432
950	0.000111191
951	0.000120289
952	0.000116717
953	0.000105977
954	0.000114603
955	0.000110001
956	0.000119788
957	0.00012224
958	0.000106342
959	0.000116168
960	0.000110509
961	0.000118108
962	0.000124314
963	0.000106462
964	0.000117547
965	0.00011154
966	0.000119451
967	0.000126524
968	0.000109239
969	0.000118258
970	0.000114816
971	0.000120852
972	0.000126684
973	0.000112444
974	0.000118884
975	0.000116047
976	0.000120262
977	0.000127462
978	0.000117271
979	0.000115425
980	0.000118213
981	0.000116184
982	0.000125419
983	0.000120362
984	0.000111814
985	0.000118875
986	0.000112938
987	0.000122181
988	0.000122595
989	0.000107635
990	0.000117185
991	0.000111206
992	0.000118289
993	0.000124104
994	0.000105537
995	0.000115896
996	0.000110772
997	0.000116194
998	0.000124736
999	0.000105459
1000	0.000116372
1001	0.000111052
1002	0.000116617
1003	0.000126756
1004	0.00011158
1005	0.000117175
1006	0.000114277
1007	0.000118037
1008	0.000127817
1009	0.000116681
1010	0.00011617
1011	0.000118265
1012	0.000116776
1013	0.000126126
1014	0.000119439
1015	0.00011258
1016	0.000119296
1017	0.000114714
1018	0.000122611
1019	0.000121364
1020	0.000109097
1021	0.000118387
1022	0.000112483
1023	0.00011893
1024	0.000124174
1025	0.000105301
1026	0.000115682
1027	0.000111254
1028	0.00011492
1029	0.000123193
1030	0.00010433
1031	0.00011383
1032	0.000107824
1033	0.00011269
1034	0.000126079
1035	0.000111153
1036	0.000113989
1037	0.000112132
1038	0.000113513
1039	0.000127022
1040	0.000115933
1041	0.000113739
1042	0.000116445
1043	0.000116145
1044	0.000125219
1045	0.000116922
1046	0.000111645
1047	0.000117989
1048	0.000116628
1049	0.000122709
1050	0.000117775
1051	0.000107957
1052	0.000117722
1053	0.000115393
1054	0.000119455
1055	0.000120238
1056	0.000105309
1057	0.000116395
1058	0.000111861
1059	0.000115593
1060	0.000123767
1061	0.000107279
1062	0.000113891
1063	0.000110997
1064	0.000111333
1065	0.000123939
1066	0.000109777
1067	0.000110974
1068	0.000111738
1069	0.000110547
1070	0.000124812
1071	0.000114466
1072	0.000110544
1073	0.000113723
1074	0.000112801
1075	0.000124431
1076	0.000116892
1077	0.00011006
1078	0.000115841
1079	0.000116634
1080	0.000122354
1081	0.000116417
1082	0.00010855
1083	0.000116089
1084	0.00011589
1085	0.000120315
1086	0.000117704
1087	0.000110186
1088	0.000116047
1089	0.000115159
1090	0.000117684
1091	0.000120839
1092	0.000111776
1093	0.000113958
1094	0.000114399
1095	0.000115702
1096	0.000122372
1097	0.000110915
1098	0.000111331
1099	0.000113259
1100	0.000114418
1101	0.000121554
1102	0.000109832
1103	0.000106973
1104	0.00011197
1105	0.000112482
1106	0.000118877
1107	0.000109043
1108	0.000105011
1109	0.000109753
1110	0.000109086
1111	0.000117648
1112	0.0001137
1113	0.000107758
1114	0.000110161
1115	0.000110568
1116	0.000118163
1117	0.000118411
1118	0.000113568
1119	0.000110972
1120	0.000113851
1121	0.000118405
1122	0.000118319
1123	0.000115233
1124	0.000110624
1125	0.000114771
1126	0.000119206
1127	0.000116627
1128	0.000113883
1129	0.000109499
1130	0.000113892
1131	0.000119268
1132	0.000115217
1133	0.000110452
1134	0.000109819
1135	0.000113212
1136	0.000116285
1137	0.000113905
1138	0.000110151
1139	0.000110594
1140	0.000111079
1141	0.000114859
1142	0.000112675
1143	0.000110187
1144	0.000111995
1145	0.000106741
1146	0.000112809
1147	0.000111987
1148	0.000106691
1149	0.000109572
1150	0.000103245
1151	0.000108885
1152	0.000110346
1153	0.000104264
1154	0.000106741
1155	0.000100892
1156	0.00010592
1157	0.000109068
1158	0.000102612
1159	0.000106232
1160	0.000101124
1161	0.000105148
1162	0.000110701
1163	0.000104504
1164	0.000109756
1165	0.000105322
1166	0.000104599
1167	0.000115409
1168	0.000107426
1169	0.000113018
1170	0.000110039
1171	0.000104329
1172	0.000117102
1173	0.000107703
1174	0.000111474
1175	0.000112635
1176	0.000103771
1177	0.000116072
1178	0.000107908
1179	0.000107103
1180	0.000110869
1181	0.00010185
1182	0.000112113
1183	0.000107131
1184	0.000101183
1185	0.000107886
1186	0.000103503
1187	0.000107929
1188	0.000105687
1189	9.68777e-05
1190	0.000107392
1191	0.0001051
1192	0.000104537
1193	0.000105334
1194	9.54632e-05
1195	0.000105345
1196	0.000105817
1197	0.000102007
1198	0.000104474
1199	9.63633e-05
1200	0.000104257
1201	0.000104442
1202	0.000100335
1203	0.000104352
1204	9.71027e-05
1205	0.000104483
1206	0.000105113
1207	0.000104435
1208	0.000106267
1209	9.75626e-05
1210	0.000105544
1211	0.000108444
1212	0.000109795
1213	0.000108688
1214	0.00010139
1215	0.000107405
1216	0.000111223
1217	0.000114122
1218	0.000111423
1219	0.00010382
1220	0.000109204
1221	0.000111034
1222	0.000115078
1223	0.000112904
1224	0.000108176
1225	0.000110184
1226	0.000112052
1227	0.000115456
1228	0.000112397
1229	0.000110278
1230	0.000109742
1231	0.000111674
1232	0.000117145
1233	0.000116445
1234	0.00011012
1235	0.000111329
1236	0.000110656
1237	0.000119183
1238	0.000119499
1239	0.000109285
1240	0.000110345
1241	0.000110447
1242	0.000117501
1243	0.000119434
1244	0.00010918
1245	0.00010772
1246	0.000110372
1247	0.000113733
1248	0.000118047
1249	0.000108951
1250	0.000105472
1251	0.000110354
1252	0.000111096
1253	0.000116969
1254	0.000111863
1255	0.000104459
1256	0.000110453
1257	0.000109141
1258	0.000117523
1259	0.000118208
1260	0.000105147
1261	0.000114049
1262	0.000109264
1263	0.000119846
1264	0.000124177
1265	0.000108869
1266	0.000117215
1267	0.000112857
1268	0.000122322
1269	0.000126034
1270	0.000111633
1271	0.000117996
1272	0.000116053
1273	0.000121661
1274	0.00012513
1275	0.000111829
1276	0.000116006
1277	0.000115547
1278	0.000119465
1279	0.000122457
1280	0.000110469
1281	0.000111965
1282	0.000113157
1283	0.000113776
1284	0.000120588
1285	0.000113977
1286	0.000107572
1287	0.000112721
1288	0.000109594
1289	0.000119164
1290	0.000118822
1291	0.000105619
1292	0.000113353
1293	0.000107761
1294	0.000117091
1295	0.00012095
1296	0.000104689
1297	0.000113485
1298	0.000107287
1299	0.00011629
1300	0.000123031
1301	0.000107073
1302	0.000115466
1303	0.000110924
1304	0.000118611
1305	0.000124309
1306	0.000109287
1307	0.000117548
1308	0.000115338
1309	0.000120012
1310	0.000124901
1311	0.000111583
1312	0.000116325
1313	0.000115786
1314	0.000117848
1315	0.000125059
1316	0.000116991
1317	0.000112712
1318	0.000117224
1319	0.0001131
1320	0.000123171
1321	0.000120855
1322	0.000109277
1323	0.00011673
1324	0.000109974
1325	0.000119752
1326	0.000123237
1327	0.000106928
1328	0.000115047
1329	0.000108225
1330	0.000116254
1331	0.000123334
1332	0.000106034
1333	0.000114686
1334	0.000108457
1335	0.000115991
1336	0.000125025
1337	0.000107934
1338	0.000115547
1339	0.000112604
1340	0.000118941
1341	0.000125801
1342	0.000111432
1343	0.000116851
1344	0.000115783
1345	0.000119172
1346	0.000127305
1347	0.000115988
1348	0.000114088
1349	0.000118584
1350	0.000116034
1351	0.000125309
1352	0.000120274
1353	0.000110946
1354	0.000118672
1355	0.000112775
1356	0.000122464
1357	0.000122884
1358	0.000107884
1359	0.000117376
1360	0.00011149
1361	0.000118638
1362	0.000124639
1363	0.000105971
1364	0.000115635
1365	0.000110462
1366	0.000116237
1367	0.000125446
1368	0.000106693
1369	0.000115271
1370	0.000111003
1371	0.000116352
1372	0.000127398
1373	0.000112349
1374	0.000115737
1375	0.000115433
1376	0.000118792
1377	0.000128695
1378	0.000117018
1379	0.000115283
1380	0.000119418
1381	0.000118129
1382	0.000127315
1383	0.000119301
1384	0.000112005
1385	0.000119762
1386	0.000116435
1387	0.000124234
1388	0.000120943
1389	0.000108623
1390	0.000118704
1391	0.000114688
1392	0.000121242
1393	0.000123873
1394	0.000105324
1395	0.000116102
1396	0.000112816
1397	0.000116757
1398	0.000123741
1399	0.000104917
1400	0.000114048
1401	0.000109685
1402	0.000113754
1403	0.000126671
1404	0.000110869
1405	0.000113706
1406	0.000113658
1407	0.000114156
1408	0.000129101
1409	0.000117734
1410	0.00011481
1411	0.000118778
1412	0.000118358
1413	0.000128587
1414	0.000119785
1415	0.000114562
1416	0.00012106
1417	0.000121184
1418	0.000126879
1419	0.000119881
1420	0.000111507
1421	0.000121089
1422	0.000120137
1423	0.00012407
1424	0.000121369
1425	0.000109908
1426	0.000120046
1427	0.000115757
1428	0.000120259
1429	0.000125073
1430	0.000110355
1431	0.000116644
1432	0.000114695
1433	0.000115477
1434	0.000126016
1435	0.000111282
1436	0.000111969
1437	0.000114636
1438	0.000113088
1439	0.000123494
1440	0.000110274
1441	0.000108287
1442	0.00011305
1443	0.000112798
1444	0.000123577
1445	0.000113991
1446	0.000107295
1447	0.000113452
1448	0.000113557
1449	0.000122182
1450	0.000116069
1451	0.000109449
1452	0.000115183
1453	0.000115068
1454	0.00012113
1455	0.000118698
1456	0.000113502
1457	0.000115699
1458	0.000117599
1459	0.000119902
1460	0.000119537
1461	0.000115468
1462	0.000115217
1463	0.000117877
1464	0.000119971
1465	0.000119906
1466	0.000113609
1467	0.000113559
1468	0.000115008
1469	0.000119407
1470	0.000119477
1471	0.000109605
1472	0.000109417
1473	0.000111992
1474	0.000114436
1475	0.000116837
1476	0.000107743
1477	0.000107284
1478	0.000109682
1479	0.000109551
1480	0.000112192
1481	0.000106979
1482	0.000106865
1483	0.000105503
1484	0.000108068
1485	0.000110329
1486	0.000106952
1487	0.000106815
1488	0.00010309
1489	0.000106392
1490	0.000111772
1491	0.000109566
1492	0.00010667
1493	0.000102209
1494	0.000105155
1495	0.00011307
1496	0.000110011
1497	0.000107787
1498	0.000102015
1499	0.00010688
1500	0.000113963
1501	0.000109325
1502	0.000109101
1503	0.000105489
1504	0.000108272
1505	0.000114606
1506	0.0001081
1507	0.000110502
1508	0.000109862
1509	0.00010798
1510	0.000114931
1511	0.000107842
1512	0.000108854
1513	0.000112025
1514	0.00010596
1515	0.000114251
1516	0.000109256
1517	0.000105707
1518	0.000110413
1519	0.000101605
1520	0.000110232
1521	0.00010943
1522	0.000101451
1523	0.000105262
1524	9.86363e-05
1525	0.000105513
1526	0.000106474
1527	9.65898e-05
1528	0.000103922
1529	0.000100745
1530	0.000101466
1531	0.000103973
1532	9.41075e-05
1533	0.000104737
1534	0.000103278
1535	9.89097e-05
1536	0.000105426
1537	9.47291e-05
1538	0.000105097
1539	0.000102848
1540	9.79826e-05
1541	0.000108528
1542	9.67725e-05
1543	0.00010398
1544	0.000102536
1545	9.55888e-05
1546	0.000109632
1547	0.000100173
1548	0.000102904
1549	0.00010403
1550	9.78803e-05
1551	0.00010916
1552	0.000102279
1553	0.000100945
1554	0.000106956
1555	0.000104051
1556	0.000107249
1557	0.00010523
1558	0.000101098
1559	0.000110563
1560	0.00010821
1561	0.000107125
1562	0.000107266
1563	0.000101159
1564	0.000109994
1565	0.000109657
1566	0.000105841
1567	0.000107936
1568	0.000100392
1569	0.000108725
1570	0.000107013
1571	0.00010404
1572	0.000107704
1573	9.87547e-05
1574	0.000106048
1575	0.000107161
1576	0.000107682
1577	0.000108087
1578	9.90972e-05
1579	0.000104399
1580	0.000108816
1581	0.000111257
1582	0.000109408
1583	0.000100546
1584	0.000105091
1585	0.000108363
1586	0.000112045
1587	0.000110204
1588	0.000100667
1589	0.000105819
1590	0.000107545
1591	0.000111262
1592	0.000110997
1593	0.000103578
1594	0.000107692
1595	0.000109105
1596	0.000113653
1597	0.00011377
1598	0.000107016
1599	0.000109782
1600	0.000111605
1601	0.00011882
1602	0.000118533
1603	0.000108678
1604	0.000112852
1605	0.000112536
1606	0.000120788
1607	0.000121247
1608	0.000110003
1609	0.000112122
1610	0.000113121
1611	0.000119014
1612	0.000120988
1613	0.000110104
1614	0.00010988
1615	0.00011292
1616	0.000114958
1617	0.000118519
1618	0.000109557
1619	0.000107167
1620	0.000111294
1621	0.000111218
1622	0.000116858
1623	0.000111494
1624	0.000104902
1625	0.000109984
1626	0.000108281
1627	0.000116985
1628	0.000117539
1629	0.000104608
1630	0.000112906
1631	0.000107771
1632	0.000118025
1633	0.000122612
1634	0.000106905
1635	0.000115806
1636	0.00011039
1637	0.000120636
1638	0.000126521
1639	0.000110509
1640	0.000117479
1641	0.000114555
1642	0.000122603
1643	0.000126873
1644	0.00011227
1645	0.000118119
1646	0.000117216
1647	0.000122622
1648	0.000126079
1649	0.000112086
1650	0.000115352
1651	0.00011609
1652	0.000119217
1653	0.000125737
1654	0.000116676
1655	0.000111903
1656	0.000116986
1657	0.000114401
1658	0.000124115
1659	0.000120228
1660	0.000108578
1661	0.000117431
1662	0.000112423
1663	0.000121737
1664	0.000123196
1665	0.000106318
1666	0.000116216
1667	0.00011069
1668	0.000118113
1669	0.000123358
1670	0.000105156
1671	0.000115677
1672	0.000110887
1673	0.000118065
1674	0.000125485
1675	0.0001071
1676	0.000116766
1677	0.000113841
1678	0.000119741
1679	0.000127099
1680	0.000112776
1681	0.000118563
1682	0.000116447
1683	0.000119773
1684	0.000128352
1685	0.000117246
1686	0.000116184
1687	0.000119754
1688	0.000117613
1689	0.000126755
1690	0.000119781
1691	0.000112511
1692	0.000119889
1693	0.000114824
1694	0.000122965
1695	0.000121313
1696	0.00010846
1697	0.000118631
1698	0.000113451
1699	0.00011945
1700	0.000124237
1701	0.000105208
1702	0.000116508
1703	0.000112565
1704	0.000116078
1705	0.000123841
1706	0.0001047
1707	0.000115394
1708	0.000109487
1709	0.000114119
1710	0.000127096
1711	0.000111915
1712	0.000115792
1713	0.000113102
1714	0.000114517
1715	0.000127983
1716	0.000117085
1717	0.000114821
1718	0.000116741
1719	0.000116586
1720	0.000126006
1721	0.000117962
1722	0.000112976
1723	0.000118834
1724	0.000117632
1725	0.000123577
1726	0.000118545
1727	0.000109262
1728	0.000118896
1729	0.000116534
1730	0.000120541
1731	0.000120575
1732	0.000106956
1733	0.000117756
1734	0.000112671
1735	0.000116904
1736	0.000124528
1737	0.000108349
1738	0.000115158
1739	0.000112277
1740	0.000112273
1741	0.00012428
1742	0.000109805
1743	0.000111376
1744	0.000112284
1745	0.000110015
1746	0.000123618
1747	0.000112374
1748	0.000110012
1749	0.000113023
1750	0.000111527
1751	0.000123925
1752	0.000116329
1753	0.000109777
1754	0.000114919
1755	0.000115285
1756	0.00012217
1757	0.000116505
1758	0.000109221
1759	0.000115777
1760	0.00011525
1761	0.000120033
1762	0.000117323
1763	0.000110529
1764	0.000115036
1765	0.000115469
1766	0.000117252
1767	0.000119075
1768	0.000111762
1769	0.000113214
1770	0.000114067
1771	0.000115776
1772	0.000120253
1773	0.000110108
1774	0.000110952
1775	0.000112176
1776	0.000114539
1777	0.00012025
1778	0.000108295
1779	0.00010605
1780	0.000110785
1781	0.000111375
1782	0.000116876
1783	0.000106669
1784	0.000103766
1785	0.00010802
1786	0.000106995
1787	0.000114341
1788	0.000108989
1789	0.000104885
1790	0.000106577
1791	0.000107044
1792	0.000114326
1793	0.000114098
1794	0.000109666
1795	0.000107174
1796	0.000109815
1797	0.000114846
1798	0.000114156
1799	0.000111524
1800	0.000106763
1801	0.000110772
1802	0.000115915
1803	0.000112946
1804	0.00011064
1805	0.000106159
1806	0.000111001
1807	0.000116116
1808	0.000111288
1809	0.000107795
1810	0.000106981
1811	0.00011038
1812	0.000113473
1813	0.00011031
1814	0.000107802
1815	0.000108465
1816	0.000108623
1817	0.000112513
1818	0.000110293
1819	0.000107844
1820	0.000110469
1821	0.000104866
1822	0.000111112
1823	0.000110878
1824	0.000104736
1825	0.00010823
1826	0.000101535
1827	0.000107078
1828	0.000109131
1829	0.000101785
1830	0.000104724
1831	9.89326e-05
1832	0.000104015
1833	0.000107145
1834	9.97911e-05
1835	0.000103816
1836	9.91456e-05
1837	0.000102384
1838	0.000108445
1839	0.00010184
1840	0.000106838
1841	0.00010289
1842	0.000101469
1843	0.000112446
1844	0.000104271
1845	0.000109786
1846	0.000107702
1847	0.000101984
1848	0.000114481
1849	0.000104989
1850	0.000108277
1851	0.000110548
1852	0.000102165
1853	0.000113309
1854	0.000105782
1855	0.000104119
1856	0.000108835
1857	0.000100184
1858	0.000109951
1859	0.000105897
1860	9.88989e-05
1861	0.000105447
1862	0.000100923
1863	0.000106408
1864	0.000105147
1865	9.61305e-05
1866	0.000105744
1867	0.000103033
1868	0.000103414
1869	0.000105554
1870	9.55208e-05
1871	0.000105221
1872	0.000104562
1873	0.000100895
1874	0.000105142
1875	9.61105e-05
1876	0.000104172
1877	0.000103606
1878	9.88969e-05
1879	0.000103998
1880	9.5876e-05
1881	0.000103787
1882	0.000103865
1883	0.000101297
1884	0.000104929
1885	9.53992e-05
1886	0.00010385
1887	0.000106092
1888	0.000106347
1889	0.000107266
1890	9.87964e-05
1891	0.000105683
1892	0.000109378
1893	0.000111013
1894	0.000110749
1895	0.000102163
1896	0.000108172
1897	0.000110177
1898	0.000111923
1899	0.000113398
1900	0.000107407
1901	0.000110346
1902	0.000112742
1903	0.000114105
1904	0.000112564
1905	0.000110861
1906	0.000110792
1907	0.000112902
1908	0.000117528
1909	0.000116294
1910	0.000110793
1911	0.000112217
1912	0.000111914
1913	0.000119684
1914	0.000119946
1915	0.000110922
1916	0.000112003
1917	0.000111476
1918	0.000118507
1919	0.000120262
1920	0.000110039
1921	0.000109937
1922	0.000112164
1923	0.000116426
1924	0.000119551
1925	0.000110231
1926	0.000107479
1927	0.000112224
1928	0.000113487
1929	0.00011977
1930	0.000113005
1931	0.000105692
1932	0.000112925
1933	0.000111427
1934	0.00012147
1935	0.000120281
1936	0.00010572
1937	0.000115572
1938	0.000111616
1939	0.000121321
1940	0.000123692
1941	0.000106573
1942	0.000117179
1943	0.000112645
1944	0.000121524
1945	0.000126046
1946	0.00010887
1947	0.000117656
1948	0.00011472
1949	0.000122278
1950	0.000126552
1951	0.000110189
1952	0.000117819
1953	0.000117069
1954	0.000121431
1955	0.000126409
1956	0.000113683
1957	0.000116958
1958	0.000117916
1959	0.000119693
1960	0.000126217
1961	0.000117107
1962	0.000113439
1963	0.000119355
1964	0.000114982
1965	0.000123297
1966	0.000120142
1967	0.000109747
1968	0.000118495
1969	0.000112946
1970	0.000120254
1971	0.000123
1972	0.000106128
1973	0.000117071
1974	0.000112329
1975	0.000116865
1976	0.000124158
1977	0.000104168
1978	0.000116244
1979	0.000111068
1980	0.000115715
1981	0.000126157
1982	0.000108726
1983	0.000117724
1984	0.000111678
1985	0.000116323
1986	0.000128541
1987	0.000116322
1988	0.000118185
1989	0.000117215
1990	0.000117458
1991	0.000128605
1992	0.000120531
1993	0.000116811
1994	0.000120033
1995	0.000117347
1996	0.000125937
1997	0.000120836
1998	0.000112738
1999	0.000120822
2000	0.000115738
2001	0.000122435
2002	0.000123078
2003	0.000108552
2004	0.000118897
2005	0.000114133
2006	0.000118682
2007	0.000124792
2008	0.000105703
2009	0.000116186
2010	0.000111143
2011	0.00011416
2012	0.000125292
2013	0.000108384
2014	0.00011431
2015	0.000110522
2016	0.000112132
2017	0.000127244
2018	0.000114373
2019	0.000113508
2020	0.000113706
2021	0.00011274
2022	0.000126558
2023	0.000117028
2024	0.000112559
2025	0.000116642
2026	0.000116603
2027	0.00012448
2028	0.00011777
2029	0.000110334
2030	0.000117606
2031	0.000117878
2032	0.000121638
2033	0.000117165
2034	0.000107704
2035	0.000117495
2036	0.000113932
2037	0.000118258
2038	0.000120995
2039	0.00010894
2040	0.000116221
2041	0.000112746
2042	0.000114682
2043	0.0001241
2044	0.000110679
2045	0.000112951
2046	0.000113331
2047	0.000111708
2048	0.000122266
2049	0.000109492
2050	0.00010865
2051	0.000111871
2052	0.000110645
2053	0.000121459
2054	0.00011134
2055	0.000106105
2056	0.00011098
2057	0.000110975
2058	0.000120317
2059	0.000113666
2060	0.000106117
2061	0.000112079
2062	0.000111164
2063	0.000118987
2064	0.000116175
2065	0.000109917
2066	0.000112822
2067	0.000114291
2068	0.000117342
2069	0.000117163
2070	0.000112447
2071	0.000111846
2072	0.000115005
2073	0.000116555
2074	0.000116345
2075	0.00011131
2076	0.000111074
2077	0.000113212
2078	0.000116615
2079	0.00011765
2080	0.000109006
2081	0.000108842
2082	0.00011161
2083	0.00011522
2084	0.000116997
2085	0.000107334
2086	0.000107257
2087	0.000110796
2088	0.000110682
2089	0.000114479
2090	0.000108277
2091	0.000107641
2092	0.000108005
2093	0.000109104
2094	0.000111936
2095	0.000108679
2096	0.000108607
2097	0.000104794
2098	0.000108382
2099	0.000113342
2100	0.000111187
2101	0.000108611
2102	0.000103696
2103	0.000106423
2104	0.000114496
2105	0.000111991
2106	0.000109481
2107	0.000103175
2108	0.000107533
2109	0.000115243
2110	0.000111059
2111	0.000109263
2112	0.000104284
2113	0.000108184
2114	0.000114547
2115	0.000108863
2116	0.000110302
2117	0.000108473
2118	0.000108319
2119	0.000114799
2120	0.000107859
2121	0.000109854
2122	0.000111684
2123	0.000106436
2124	0.000114689
2125	0.000109309
2126	0.000107353
2127	0.000111863
2128	0.000103923
2129	0.000112288
2130	0.000110322
2131	0.000104151
2132	0.000108017
2133	0.000100008
2134	0.000108325
2135	0.000108908
2136	0.000100156
2137	0.000106203
2138	0.000102228
2139	0.000104975
2140	0.000106286
2141	9.7347e-05
2142	0.000107264
2143	0.000105258
2144	0.000102701
2145	0.000106934
2146	9.74168e-05
2147	0.000108536
2148	0.000106332
2149	0.000100804
2150	0.000109706
2151	9.82391e-05
2152	0.00010718
2153	0.000105041
2154	9.86826e-05
2155	0.000111637
2156	0.000101606
2157	0.000106226
2158	0.000105036
2159	9.77594e-05
2160	0.000111543
2161	0.000103626
2162	0.000103569
2163	0.000107891
2164	0.000103352
2165	0.000109581
2166	0.000105542
2167	0.000102146
2168	0.000110706
2169	0.000108629
2170	0.000108415
2171	0.000107926
2172	0.000103625
2173	0.00011223
2174	0.000111549
2175	0.000108292
2176	0.000109263
2177	0.00010437
2178	0.000111713
2179	0.00011132
2180	0.000107477
2181	0.000108806
2182	0.000103165
2183	0.000108726
2184	0.000111362
2185	0.000110567
2186	0.000108404
2187	0.000102474
2188	0.000106369
2189	0.00011214
2190	0.000113803
2191	0.000109183
2192	0.00010322
2193	0.000107152
2194	0.00011104
2195	0.000115536
2196	0.00010955
2197	0.000102594
2198	0.000108696
2199	0.000110156
2200	0.000114692
2201	0.000109476
2202	0.000102297
2203	0.000109033
2204	0.000108898
2205	0.000115099
2206	0.000113273
2207	0.000103024
2208	0.000110886
2209	0.000108881
2210	0.000119474
2211	0.000120803
2212	0.000107206
2213	0.000115089
2214	0.000112071
2215	0.000122397
2216	0.00012477
2217	0.000110422
2218	0.000116939
2219	0.000115527
2220	0.000122032
2221	0.000124229
2222	0.000111051
2223	0.000116011
2224	0.000116147
2225	0.000120568
2226	0.000122744
2227	0.000110074
2228	0.000112761
2229	0.000113997
2230	0.000115071
2231	0.000120734
2232	0.000113282
2233	0.000108828
2234	0.000113301
2235	0.000110762
2236	0.000120254
2237	0.000118252
2238	0.000106652
2239	0.000115064
2240	0.00010952
2241	0.000118984
2242	0.000122664
2243	0.00010624
2244	0.000115988
2245	0.000109502
2246	0.000117183
2247	0.000124326
2248	0.000106795
2249	0.000116917
2250	0.00011124
2251	0.000118718
2252	0.000125921
2253	0.000108784
2254	0.000117103
2255	0.000114411
2256	0.000119802
2257	0.000126111
2258	0.000112765
2259	0.000116995
2260	0.000115281
2261	0.000118805
2262	0.000126366
2263	0.000116611
2264	0.000113012
2265	0.000117491
2266	0.000114227
2267	0.0001239
2268	0.000119904
2269	0.000109608
2270	0.000117428
2271	0.000111626
2272	0.000120497
2273	0.000122522
2274	0.000106417
2275	0.000115938
2276	0.000110046
2277	0.000116575
2278	0.000123083
2279	0.000104561
2280	0.000115098
2281	0.000109753
2282	0.00011558
2283	0.000124708
2284	0.000106605
2285	0.000116717
2286	0.000111284
2287	0.000116702
2288	0.000126514
2289	0.000112999
2290	0.000117571
2291	0.000115853
2292	0.000117868
2293	0.000127616
2294	0.00011732
2295	0.000115038
2296	0.000118902
2297	0.000115926
2298	0.000124879
2299	0.000119105
2300	0.000110563
2301	0.000118137
2302	0.000112876
2303	0.000120779
2304	0.000120502
2305	0.000106116
2306	0.000116143
2307	0.000111279
2308	0.000116766
2309	0.000122749
2310	0.000102962
2311	0.000113509
2312	0.000109456
2313	0.000113289
2314	0.000122448
2315	0.000104387
2316	0.000112861
2317	0.000107657
2318	0.000112253
2319	0.000125999
2320	0.000111697
2321	0.000113313
2322	0.000113331
2323	0.000114045
2324	0.000126471
2325	0.000116617
2326	0.000113843
2327	0.000117303
2328	0.000116721
2329	0.000124833
2330	0.000117482
2331	0.000111882
2332	0.000119072
2333	0.000117067
2334	0.000122773
2335	0.000119454
2336	0.00010863
2337	0.000118715
2338	0.000115397
2339	0.000119534
2340	0.000121991
2341	0.000106859
2342	0.000117166
2343	0.000112013
2344	0.00011539
2345	0.000125077
2346	0.000108562
2347	0.000113765
2348	0.000111517
2349	0.000111377
2350	0.000124789
2351	0.000110852
2352	0.00011071
2353	0.000111884
2354	0.000110863
2355	0.000125176
2356	0.000114826
2357	0.000109985
2358	0.000113918
2359	0.000113609
2360	0.000124325
2361	0.000116783
2362	0.000109103
2363	0.000115626
2364	0.000117006
2365	0.000122372
2366	0.000116614
2367	0.000108705
2368	0.000116529
2369	0.000116223
2370	0.000120725
2371	0.000118493
2372	0.000110685
2373	0.000116364
2374	0.000115669
2375	0.000117986
2376	0.000122025
2377	0.000112822
2378	0.000114951
2379	0.000115265
2380	0.00011631
2381	0.000123434
2382	0.000112069
2383	0.000112106
2384	0.000114254
2385	0.000115036
2386	0.000122642
2387	0.000111018
2388	0.000107898
2389	0.000112779
2390	0.000113165
2391	0.000119973
2392	0.000110638
2393	0.000106345
2394	0.000110431
2395	0.000109672
2396	0.000118824
2397	0.000115521
2398	0.000109058
2399	0.000110678
2400	0.00011179
2401	0.000118681
2402	0.000119257
2403	0.000114109
2404	0.00011122
2405	0.0001148
2406	0.000119261
2407	0.000118723
2408	0.000115169
2409	0.000110573
2410	0.000115422
2411	0.00011995
2412	0.000116916
2413	0.000112997
2414	0.000109284
2415	0.000114089
2416	0.000119437
2417	0.00011517
2418	0.000110148
2419	0.000110534
2420	0.000113581
2421	0.000116326
2422	0.000113662
2423	0.000110597
2424	0.000111629
2425	0.000111121
2426	0.000115658
2427	0.000112981
2428	0.000110434
2429	0.000112849
2430	0.000107522
2431	0.000113835
2432	0.000113203
2433	0.000107585
2434	0.000110451
2435	0.000104311
2436	0.000109748
2437	0.000111718
2438	0.000104769
2439	0.000106882
2440	0.00010138
2441	0.000106363
2442	0.000108478
2443	0.000101669
2444	0.000106144
2445	0.000101909
2446	0.000104584
2447	0.000109988
2448	0.000102786
2449	0.000108947
2450	0.000105154
2451	0.000102722
2452	0.000113883
2453	0.000105427
2454	0.000110433
2455	0.000108779
2456	0.000101982
2457	0.000115014
2458	0.000105722
2459	0.0001084
2460	0.000110218
2461	0.000101134
2462	0.000113187
2463	0.000105966
2464	0.00010466
2465	0.00010834
2466	0.000100815
2467	0.000109819
2468	0.000105585
2469	9.88286e-05
2470	0.000106662
2471	0.000103245
2472	0.000105845
2473	0.00010521
2474	9.62568e-05
2475	0.000106333
2476	0.000105471
2477	0.000103913
2478	0.00010557
2479	9.62105e-05
2480	0.000105018
2481	0.000105839
2482	0.000102127
2483	0.000105131
2484	9.73053e-05
2485	0.000104824
2486	0.000104555
2487	0.000101414
2488	0.000105848
2489	9.75033e-05
2490	0.00010483
2491	0.000106378
2492	0.00010696
2493	0.00010723
2494	9.85844e-05
2495	0.000105291
2496	0.000109407
2497	0.000111483
2498	0.000110065
2499	0.000101588
2500	0.000107227
2501	0.000110554
2502	0.000114119
2503	0.000111844
2504	0.000104181
2505	0.000108793
2506	0.000110981
2507	0.000114608
2508	0.000112461
2509	0.000108236
2510	0.000108698
2511	0.000111891
2512	0.000114867
2513	0.000112131
2514	0.000109288
2515	0.000108802
2516	0.000110742
2517	0.000116955
2518	0.000115746
2519	0.000108271
2520	0.000109818
2521	0.000110101
2522	0.000118551
2523	0.000118828
2524	0.000108199
2525	0.000109119
2526	0.000109603
2527	0.000115325
2528	0.000118124
2529	0.000108449
2530	0.000106469
2531	0.000109828
2532	0.000111795
2533	0.000116531
2534	0.000108762
2535	0.000104691
2536	0.000109763
2537	0.000109611
2538	0.000115364
2539	0.000112078
2540	0.00010356
2541	0.000109355
2542	0.000107179
2543	0.00011572
2544	0.000117602
2545	0.000104383
2546	0.000112609
2547	0.00010771
2548	0.000118587
2549	0.000122896
2550	0.000108513
2551	0.000115244
2552	0.000111899
2553	0.000121002
2554	0.000124083
2555	0.000110343
2556	0.000116233
2557	0.000114923
2558	0.000120469
2559	0.000123425
2560	0.000110165
2561	0.000113771
2562	0.000114316
2563	0.000118097
2564	0.000120958
2565	0.000110068
2566	0.000110431
2567	0.000112561
2568	0.000112387
2569	0.0001199
2570	0.000114499
2571	0.000106918
2572	0.000112787
2573	0.000108899
2574	0.000118724
2575	0.00012011
2576	0.000106707
2577	0.000114502
2578	0.000108135
2579	0.000117394
2580	0.000122312
2581	0.00010695
2582	0.000115375
2583	0.00010841
2584	0.000117359
2585	0.000124647
2586	0.000109525
2587	0.000116847
2588	0.000112747
2589	0.000119899
2590	0.000125153
2591	0.000110417
2592	0.000117393
2593	0.000115477
2594	0.000120206
2595	0.000125222
2596	0.000112053
2597	0.000114825
2598	0.000115335
2599	0.000116905
2600	0.000124707
2601	0.000117622
2602	0.000111174
2603	0.000116488
2604	0.000112137
2605	0.000122753
2606	0.000121335
2607	0.000108319
2608	0.000116024
2609	0.000109921
2610	0.000119742
2611	0.000123466
2612	0.00010695
2613	0.000115279
2614	0.000108639
2615	0.000117381
2616	0.000124783
2617	0.000107908
2618	0.000116207
2619	0.000110665
2620	0.000118226
2621	0.000126438
2622	0.000110264
2623	0.000117476
2624	0.00011544
2625	0.000121035
2626	0.00012725
2627	0.000113689
2628	0.000118069
2629	0.000117377
2630	0.000120327
2631	0.00012811
2632	0.000117813
2633	0.000114605
2634	0.000119638
2635	0.000116323
2636	0.000126232
2637	0.000121974
2638	0.000111112
2639	0.000118937
2640	0.000112899
2641	0.000122698
2642	0.000123951
2643	0.000107462
2644	0.000116802
2645	0.000111135
2646	0.000118501
2647	0.000124311
2648	0.00010554
2649	0.000114954
2650	0.000110091
2651	0.000116926
2652	0.00012571
2653	0.000107273
2654	0.000115614
2655	0.000112563
2656	0.000118288
2657	0.000127678
2658	0.000112967
2659	0.000117005
2660	0.000117396
2661	0.000120422
2662	0.000129513
2663	0.000117781
2664	0.000116214
2665	0.00012102
2666	0.000119364
2667	0.000128187
2668	0.000120219
2669	0.000112834
2670	0.000121201
2671	0.000117071
2672	0.000124887
2673	0.000122162
2674	0.000109406
2675	0.000119805
2676	0.000115494
2677	0.00012144
2678	0.000125056
2679	0.000105903
2680	0.000116879
2681	0.000113299
2682	0.000117031
2683	0.00012483
2684	0.00010616
2685	0.000114818
2686	0.000110504
2687	0.00011457
2688	0.000127582
2689	0.000111782
2690	0.000113611
2691	0.000114523
2692	0.000114747
2693	0.000128999
2694	0.000117594
2695	0.000113947
2696	0.000118163
2697	0.000118127
2698	0.000127129
2699	0.000118142
2700	0.000112766
2701	0.000119904
2702	0.000120212
2703	0.000125132
2704	0.000118069
2705	0.000109601
2706	0.00011988
2707	0.000118574
2708	0.000122143
2709	0.000120297
2710	0.000109061
2711	0.000118927
2712	0.000114441
2713	0.000118152
2714	0.000124063
2715	0.000109813
2716	0.000115579
2717	0.000113899
2718	0.000113328
2719	0.000124176
2720	0.000110766
2721	0.000111337
2722	0.000113555
2723	0.000111338
2724	0.000121729
2725	0.000110451
2726	0.000108053
2727	0.00011175
2728	0.000111117
2729	0.000121644
2730	0.000113738
2731	0.0001067
2732	0.000111933
2733	0.000111607
2734	0.000120222
2735	0.000115135
2736	0.000108521
2737	0.000113089
2738	0.000112844
2739	0.000118636
2740	0.000117044
2741	0.000111715
2742	0.000112851
2743	0.000114936
2744	0.000117019
2745	0.000117154
2746	0.000112671
2747	0.000112381
2748	0.000114656
2749	0.000116924
2750	0.000118007
2751	0.000110839
2752	0.000110871
2753	0.000112396
2754	0.000116616
2755	0.000118285
2756	0.000108026
2757	0.000107383
2758	0.000110861
2759	0.000112467
2760	0.000115938
2761	0.000106943
2762	0.00010615
2763	0.000108674
2764	0.000108524
2765	0.000112042
2766	0.000107072
2767	0.000106696
2768	0.000105289
2769	0.000107755
2770	0.000111702
2771	0.00010871
2772	0.00010762
2773	0.000104328
2774	0.000106636
2775	0.000113314
2776	0.000111787
2777	0.000108592
2778	0.000103704
2779	0.000107034
2780	0.00011442
2781	0.000111322
2782	0.00010883
2783	0.000102538
2784	0.000107559
2785	0.000114392
2786	0.000109167
2787	0.000108269
2788	0.000105596
2789	0.000108307
2790	0.000113822
2791	0.000107653
2792	0.000108594
2793	0.00010839
2794	0.000106906
2795	0.000113503
2796	0.000107577
2797	0.000107083
2798	0.000110534
2799	0.000104692
2800	0.000112549
2801	0.000108841
2802	0.000104205
2803	0.000108908
2804	0.000100488
2805	0.000108512
2806	0.000108914
2807	0.000100232
2808	0.000104218
2809	9.80314e-05
2810	0.000104068
2811	0.000105761
2812	9.66018e-05
2813	0.000103804
2814	0.000100686
2815	0.000101575
2816	0.000104899
2817	9.53813e-05
2818	0.000105588
2819	0.00010297
2820	9.97471e-05
2821	0.000108226
2822	9.7663e-05
2823	0.000106674
2824	0.000103926
2825	9.89526e-05
2826	0.000112481
2827	0.000101824
2828	0.000106249
2829	0.000105682
2830	9.82979e-05
2831	0.000111709
2832	0.000103313
2833	0.000103651
2834	0.000105718
2835	9.90551e-05
2836	0.000109466
2837	0.000103883
2838	0.000100589
2839	0.000107383
2840	0.000103634
2841	0.00010733
2842	0.000105969
2843	9.87055e-05
2844	0.000109169
2845	0.000106993
2846	0.000106222
2847	0.000106932
2848	9.80819e-05
2849	0.000108417
2850	0.00010761
2851	0.000104629
2852	0.000107691
2853	9.88108e-05
2854	0.000107002
2855	0.000105865
2856	0.000102502
2857	0.000106515
2858	9.77081e-05
2859	0.000104048
2860	0.000105733
2861	0.000105758
2862	0.000106483
2863	9.79944e-05
2864	0.000103079
2865	0.000108027
2866	0.000109708
2867	0.000108058
2868	0.000100284
2869	0.000105363
2870	0.000109573
2871	0.000112356
2872	0.000110935
2873	0.000101808
2874	0.000107441
2875	0.000109509
2876	0.000111932
2877	0.000112203
2878	0.000104769
2879	0.000108576
2880	0.000110494
2881	0.00011291
2882	0.000113313
2883	0.000107252
2884	0.000108045
2885	0.000110697
2886	0.000116954
2887	0.000116961
2888	0.000107524
2889	0.000110777
2890	0.000111372
2891	0.000118896
2892	0.000119661
2893	0.000108629
2894	0.000111044
2895	0.000112177
2896	0.000117812
2897	0.000120239
2898	0.000108567
2899	0.000109835
2900	0.000112864
2901	0.00011539
2902	0.000119276
2903	0.000108618
2904	0.000107992
2905	0.000112301
2906	0.000112626
2907	0.000118637
2908	0.00011256
2909	0.000106198
2910	0.000112576
2911	0.000110084
2912	0.000119978
2913	0.000119742
2914	0.000106373
2915	0.00011561
2916	0.000110451
2917	0.000120339
2918	0.00012416
2919	0.000107262
2920	0.000117093
2921	0.00011146
2922	0.000120699
2923	0.000126604
2924	0.000109556
2925	0.000117852
2926	0.000114447
2927	0.000122383
2928	0.00012733
2929	0.000110965
2930	0.000117838
2931	0.000116979
2932	0.000121587
2933	0.000127366
2934	0.000114185
2935	0.000116508
2936	0.000117491
2937	0.000120424
2938	0.00012767
2939	0.000117575
2940	0.000112898
2941	0.000119479
2942	0.00011644
2943	0.000125238
2944	0.000120273
2945	0.000109315
2946	0.000119542
2947	0.000114849
2948	0.000122218
2949	0.000122859
2950	0.00010589
2951	0.000118082
2952	0.000113785
2953	0.000118466
2954	0.000124367
2955	0.000103746
2956	0.00011649
2957	0.000112387
2958	0.000116463
2959	0.000125273
2960	0.000107059
2961	0.000117399
2962	0.000112101
2963	0.000116434
2964	0.000128371
2965	0.000115446
2966	0.000117953
2967	0.000117004
2968	0.000117503
2969	0.000128193
2970	0.000119756
2971	0.000117085
2972	0.000119837
2973	0.000117732
2974	0.000126037
2975	0.000119913
2976	0.000113187
2977	0.000120818
2978	0.000116799
2979	0.000122557
2980	0.000121636
2981	0.000108816
2982	0.000119152
2983	0.000114607
2984	0.000118851
2985	0.000123412
2986	0.000106634
2987	0.000117209
2988	0.0001115
2989	0.00011442
2990	0.000125078
2991	0.000108203
2992	0.00011387
2993	0.000111023
2994	0.000110652
2995	0.000124661
2996	0.00011116
2997	0.000111434
2998	0.000111066
2999	0.000110085
3000	0.0001247
3001	0.000114999
3002	0.000110689
3003	0.000113825
3004	0.000113462
3005	0.000123718
3006	0.000116854
3007	0.00010986
3008	0.000116115
3009	0.000117137
3010	0.00012198
3011	0.000117218
3012	0.000110551
3013	0.00011792
3014	0.000115861
3015	0.000120195
3016	0.000119867
3017	0.000111709
3018	0.000117065
3019	0.000115094
3020	0.000116948
3021	0.00012316
3022	0.000112695
3023	0.000114999
3024	0.000114552
3025	0.00011521
3026	0.000122946
3027	0.000110564
3028	0.000109842
3029	0.000112308
3030	0.000112945
3031	0.000120181
3032	0.000108739
3033	0.000105274
3034	0.000110284
3035	0.000110307
3036	0.000117903
3037	0.000108841
3038	0.000104348
3039	0.000108799
3040	0.000107082
3041	0.000116982
3042	0.000114439
3043	0.000107879
3044	0.000109252
3045	0.000110658
3046	0.000116384
3047	0.000116838
3048	0.000112137
3049	0.000109312
3050	0.000112864
3051	0.000116351
3052	0.000114668
3053	0.000111943
3054	0.000108454
3055	0.000112576
3056	0.000116692
3057	0.00011348
3058	0.000109696
3059	0.000107608
3060	0.000111887
3061	0.000116271
3062	0.000113205
3063	0.000107804
3064	0.00010883
3065	0.000111548
3066	0.00011321
3067	0.000112535
3068	0.000108456
3069	0.000109584
3070	0.000108376
3071	0.000111758
3072	0.000111789
3073	0.000107455
3074	0.00010981
3075	0.000104712
3076	0.000109235
3077	0.000110742
3078	0.000105017
3079	0.000107277
3080	0.000101652
3081	0.000106222
3082	0.000110235
3083	0.000103668
3084	0.000104879
3085	9.88998e-05
3086	0.000103912
3087	0.000111163
3088	0.000106147
3089	0.000105941
3090	0.000101395
3091	0.000104031
3092	0.000112003
3093	0.000106719
3094	0.000110011
3095	0.000106284
3096	0.00010464
3097	0.000114414
3098	0.00010617
3099	0.000111262
3100	0.000110301
3101	0.000104636
3102	0.000115162
3103	0.00010663
3104	0.000107599
3105	0.00011221
3106	0.000103567
3107	0.000113374
3108	0.00010758
3109	0.000103757
3110	0.000108527
3111	0.00010064
3112	0.000109609
3113	0.000107224
3114	9.89643e-05
3115	0.000106216
3116	0.000102118
3117	0.000106188
3118	0.000106087
3119	9.553e-05
3120	0.000105784
3121	0.000103821
3122	0.00010221
3123	0.000105255
3124	9.43957e-05
3125	0.000104435
3126	0.000104347
3127	9.96926e-05
3128	0.000105413
3129	9.57182e-05
3130	0.000104344
3131	0.000103709
3132	9.85898e-05
3133	0.000105743
3134	9.64726e-05
3135	0.000104635
3136	0.000103076
3137	0.000100841
3138	0.000108157
3139	9.70414e-05
3140	0.000104034
3141	0.000105564
3142	0.000105643
3143	0.00011039
3144	0.000102245
3145	0.000105865
3146	0.00011113
3147	0.000111602
3148	0.000113596
3149	0.000107777
3150	0.00010893
3151	0.000113613
3152	0.000114792
3153	0.000113187
3154	0.000109997
3155	0.000110975
3156	0.000115193
3157	0.000115489
3158	0.000111892
3159	0.000110996
3160	0.000109432
3161	0.000112722
3162	0.000116373
3163	0.000115666
3164	0.000109804
3165	0.000108391
3166	0.00011069
3167	0.000116666
3168	0.000118058
3169	0.000109524
3170	0.000107368
3171	0.000109525
3172	0.000114584
3173	0.000117415
3174	0.000108934
3175	0.000105408
3176	0.000110352
3177	0.000112452
3178	0.000116449
3179	0.000108963
3180	0.000103799
3181	0.000110069
3182	0.0001103
3183	0.00011617
3184	0.000112511
3185	0.000102619
3186	0.000110541
3187	0.000109369
3188	0.000118774
3189	0.000119185
3190	0.00010372
3191	0.000114098
3192	0.000110278
3193	0.000120787
3194	0.000124244
3195	0.00010725
3196	0.000116728
3197	0.000113345
3198	0.000122551
3199	0.000126251
3200	0.000110154
3201	0.000117272
3202	0.000116572
3203	0.000122088
3204	0.000125328
3205	0.000110828
3206	0.000117084
3207	0.000117121
3208	0.000120802
3209	0.00012468
3210	0.000113122
3211	0.000113791
3212	0.000116257
3213	0.000116186
3214	0.000123475
3215	0.000117008
3216	0.000110371
3217	0.000117538
3218	0.000112414
3219	0.000121656
3220	0.000121031
3221	0.000107519
3222	0.000117202
3223	0.000111087
3224	0.000118073
3225	0.000122984
3226	0.000105242
3227	0.000116168
3228	0.000110581
3229	0.000115951
3230	0.000124167
3231	0.000105011
3232	0.000116511
3233	0.000110794
3234	0.000116765
3235	0.000126448
3236	0.000110246
3237	0.000117729
3238	0.000113102
3239	0.000117899
3240	0.000127852
3241	0.000116424
3242	0.000117251
3243	0.000117322
3244	0.000116855
3245	0.000126747
3246	0.000118926
3247	0.000113404
3248	0.000118746
3249	0.000114677
3250	0.000123242
3251	0.000120357
3252	0.000109861
3253	0.000118708
3254	0.000112991
3255	0.000119898
3256	0.000122921
3257	0.000105969
3258	0.000116912
3259	0.000112549
3260	0.000116591
3261	0.000124009
3262	0.000104298
3263	0.000115477
3264	0.000109925
3265	0.000113497
3266	0.000125761
3267	0.000109591
3268	0.000115015
3269	0.000110905
3270	0.000112947
3271	0.0001279
3272	0.000115758
3273	0.000114074
3274	0.00011518
3275	0.000114635
3276	0.000126331
3277	0.000117707
3278	0.000112906
3279	0.00011761
3280	0.000117129
3281	0.000123945
3282	0.000117721
3283	0.000109435
3284	0.000118225
3285	0.00011698
3286	0.00012139
3287	0.000119104
3288	0.000106224
3289	0.000117217
3290	0.000113234
3291	0.000117518
3292	0.000122693
3293	0.00010747
3294	0.000115224
3295	0.000111868
3296	0.000112853
3297	0.000123803
3298	0.000109147
3299	0.000111516
3300	0.000112266
3301	0.000109964
3302	0.000122494
3303	0.000110474
3304	0.000109471
3305	0.000111591
3306	0.000110645
3307	0.000123005
3308	0.000114543
3309	0.000108812
3310	0.000113304
3311	0.000113559
3312	0.000121972
3313	0.000115637
3314	0.000108128
3315	0.000114884
3316	0.000114921
3317	0.000120192
3318	0.000116836
3319	0.000110725
3320	0.000115171
3321	0.000115479
3322	0.000117975
3323	0.000118064
3324	0.000112081
3325	0.000113668
3326	0.000114837
3327	0.000116448
3328	0.000119501
3329	0.00011129
3330	0.000112436
3331	0.000113294
3332	0.000115752
3333	0.000120769
3334	0.000109355
3335	0.000108242
3336	0.000111788
3337	0.000113261
3338	0.00011813
3339	0.00010759
3340	0.000105028
3341	0.00010964
3342	0.000108979
3343	0.000114522
3344	0.000107956
3345	0.000105245
3346	0.000106932
3347	0.000107788
3348	0.000114088
3349	0.000113104
3350	0.00010901
3351	0.000106776
3352	0.000108965
3353	0.000115112
3354	0.000114563
3355	0.000111628
3356	0.000107072
3357	0.000110084
3358	0.000116295
3359	0.000114234
3360	0.000112034
3361	0.00010609
3362	0.000110797
3363	0.000116991
3364	0.000112366
3365	0.000109479
3366	0.000106827
3367	0.000110419
3368	0.000114684
3369	0.000110339
3370	0.000109072
3371	0.000108793
3372	0.000109667
3373	0.000113936
3374	0.000109762
3375	0.000109526
3376	0.000111751
3377	0.000106643
3378	0.000113682
3379	0.000111065
3380	0.000106876
3381	0.000110761
3382	0.000103072
3383	0.000110049
3384	0.00011074
3385	0.000103727
3386	0.000107044
3387	0.000100241
3388	0.000106235
3389	0.000108172
3390	0.000100627
3391	0.000105409
3392	0.000101008
3393	0.000103868
3394	0.00010658
3395	9.9161e-05
3396	0.000107329
3397	0.000103167
3398	0.000102973
3399	0.000111057
3400	0.000102251
3401	0.000110257
3402	0.000106816
3403	0.00010131
3404	0.000114975
3405	0.00010505
3406	0.000110107
3407	0.000110022
3408	0.000101814
3409	0.000115587
3410	0.000106391
3411	0.000108195
3412	0.000110548
3413	0.000102084
3414	0.000112954
3415	0.00010681
3416	0.000103744
3417	0.000109303
3418	0.000103772
3419	0.00010975
3420	0.000107207
3421	9.91851e-05
3422	0.000108522
3423	0.000105947
3424	0.00010702
3425	0.000107519
3426	9.86825e-05
3427	0.000108039
3428	0.000107678
3429	0.000104621
3430	0.000107188
3431	9.86911e-05
3432	0.000105939
3433	0.000105726
3434	0.000101607
3435	0.000104797
3436	9.8055e-05
3437	0.000104503
3438	0.000105284
3439	0.00010459
3440	0.000105029
3441	9.80523e-05
3442	0.000104631
3443	0.000108259
3444	0.000110097
3445	0.000107145
3446	0.000100373
3447	0.000107162
3448	0.000110841
3449	0.000114496
3450	0.000110537
3451	0.000102125
3452	0.000109618
3453	0.000110934
3454	0.000114506
3455	0.000111067
3456	0.000103278
3457	0.000109661
3458	0.000109407
3459	0.000113979
3460	0.000112995
3461	0.000105774
3462	0.000109879
3463	0.000109086
3464	0.000117258
3465	0.000118408
3466	0.000108634
3467	0.000112999
3468	0.000111101
3469	0.000119869
3470	0.000121309
3471	0.000110632
3472	0.000114631
3473	0.000112469
3474	0.000119545
3475	0.000121216
3476	0.000109615
3477	0.000112045
3478	0.00011267
3479	0.000117707
3480	0.000120332
3481	0.000109231
3482	0.000108848
3483	0.000111723
3484	0.000112859
3485	0.000119109
3486	0.000111381
3487	0.000105443
3488	0.000111166
3489	0.000109489
3490	0.000119234
3491	0.000118194
3492	0.000104682
3493	0.000113631
3494	0.000108881
3495	0.000118633
3496	0.000122306
3497	0.000105589
3498	0.000115859
3499	0.000109967
3500	0.000119157
3501	0.000125059
3502	0.000107888
3503	0.000116995
3504	0.000112701
3505	0.000120424
3506	0.000125631
3507	0.000109858
3508	0.000117466
3509	0.000115729
3510	0.000120492
3511	0.000125428
3512	0.000112251
3513	0.000115657
3514	0.00011531
3515	0.000117895
3516	0.000124815
3517	0.000116341
3518	0.000111921
3519	0.000116616
3520	0.000112998
3521	0.000122659
3522	0.000119592
3523	0.000108293
3524	0.000116589
3525	0.000110999
3526	0.000119973
3527	0.000122816
3528	0.000105911
3529	0.000115565
3530	0.00010992
3531	0.000116644
3532	0.000123403
3533	0.000104728
3534	0.000115215
3535	0.000110204
3536	0.000116427
3537	0.000124782
3538	0.000106903
3539	0.000116499
3540	0.000112355
3541	0.00011805
3542	0.00012624
3543	0.000112931
3544	0.000117968
3545	0.000116293
3546	0.000118449
3547	0.000127563
3548	0.000117735
3549	0.000115511
3550	0.000119734
3551	0.000116097
3552	0.000125362
3553	0.000120884
3554	0.000111831
3555	0.000119344
3556	0.000113134
3557	0.000121532
3558	0.000122529
3559	0.000107421
3560	0.000117191
3561	0.000111646
3562	0.00011712
3563	0.000123659
3564	0.000104087
3565	0.000114238
3566	0.00010988
3567	0.000114112
3568	0.000123622
3569	0.000105447
3570	0.000114511
3571	0.000108533
3572	0.000113845
3573	0.000127151
3574	0.000112839
3575	0.000115304
3576	0.000114817
3577	0.00011604
3578	0.000127479
3579	0.000117407
3580	0.000114742
3581	0.000118405
3582	0.000117065
3583	0.000125119
3584	0.000117803
3585	0.000111292
3586	0.00011902
3587	0.000115991
3588	0.000122256
3589	0.00012017
3590	0.000108067
3591	0.000118176
3592	0.000114346
3593	0.000119089
3594	0.00012297
3595	0.000104923
3596	0.000116332
3597	0.000111536
3598	0.000114572
3599	0.000124659
3600	0.000107603
3601	0.000114216
3602	0.000110618
3603	0.000111711
3604	0.000126543
3605	0.000112867
3606	0.000112712
3607	0.000113413
3608	0.000111708
3609	0.000126962
3610	0.000117194
3611	0.000112109
3612	0.000116058
3613	0.000115763
3614	0.000124943
3615	0.000117777
3616	0.000110441
3617	0.000117153
3618	0.000118392
3619	0.000122698
3620	0.000116988
3621	0.000107515
3622	0.00011719
3623	0.000115726
3624	0.000120125
3625	0.000120136
3626	0.000108981
3627	0.000116595
3628	0.000113658
3629	0.000116835
3630	0.000123812
3631	0.000110717
3632	0.000113767
3633	0.000113846
3634	0.000113131
3635	0.000123671
3636	0.000110842
3637	0.000110095
3638	0.000113367
3639	0.00011222
3640	0.00012213
3641	0.000111052
3642	0.00010767
3643	0.000112392
3644	0.00011279
3645	0.000122629
3646	0.000115056
3647	0.00010737
3648	0.000113243
3649	0.000112755
3650	0.000121749
3651	0.000118205
3652	0.000111579
3653	0.000114928
3654	0.000115559
3655	0.000121146
3656	0.000121
3657	0.000115767
3658	0.000114845
3659	0.000117972
3660	0.000119877
3661	0.00011956
3662	0.000115555
3663	0.000113689
3664	0.000117022
3665	0.000120111
3666	0.000119974
3667	0.000113114
3668	0.000111935
3669	0.000114708
3670	0.000119721
3671	0.000119403
3672	0.000109749
3673	0.000110038
3674	0.000112667
3675	0.000114906
3676	0.00011673
3677	0.000109236
3678	0.00010923
3679	0.000110076
3680	0.000112124
3681	0.000113161
3682	0.000108752
3683	0.000109518
3684	0.000106056
3685	0.000110257
3686	0.000111512
3687	0.000107117
3688	0.000107945
3689	0.000103418
3690	0.000108111
3691	0.000112868
3692	0.000108756
3693	0.000107414
3694	0.000102442
3695	0.000106163
3696	0.000114631
3697	0.000110254
3698	0.000108189
3699	0.000103709
3700	0.000107177
3701	0.000114329
3702	0.000108857
3703	0.000111236
3704	0.000108116
3705	0.000107575
3706	0.000116519
3707	0.000108468
3708	0.000112501
3709	0.00011216
3710	0.000107199
3711	0.000116797
3712	0.000108766
3713	0.000108743
3714	0.000112561
3715	0.000104508
3716	0.000114006
3717	0.00010852
3718	0.000104395
3719	0.000108024
3720	9.97656e-05
3721	0.000109475
3722	0.000107055
3723	9.93439e-05
3724	0.000105596
3725	0.000101572
3726	0.000105446
3727	0.000104946
3728	9.50925e-05
3729	0.000104998
3730	0.000103566
3731	0.000101355
3732	0.00010359
3733	9.38071e-05
3734	0.000104745
3735	0.000104542
3736	9.94757e-05
3737	0.000104807
3738	9.44345e-05
3739	0.000104116
3740	0.000103682
3741	9.8281e-05
3742	0.000105704
3743	9.52207e-05
3744	0.000103443
3745	0.00010237
3746	9.90386e-05
3747	0.000107326
3748	9.62782e-05
3749	0.000101894
3750	0.000104035
3751	0.000103402
3752	0.000109408
3753	0.000102256
3754	0.000102526
3755	0.000109221
3756	0.000110022
3757	0.00011001
3758	0.000106664
3759	0.000104627
3760	0.000111022
3761	0.000111986
3762	0.000108561
3763	0.000107909
3764	0.000106211
3765	0.000111818
3766	0.000112348
3767	0.00010759
3768	0.000107697
3769	0.000104486
3770	0.000108729
3771	0.000112715
3772	0.000110584
3773	0.000107495
3774	0.000103148
3775	0.00010657
3776	0.00011203
3777	0.00011342
3778	0.000108802
3779	0.000103076
3780	0.00010686
3781	0.000111044
3782	0.000115521
3783	0.000110708
3784	0.000103387
3785	0.000108024
3786	0.00010983
3787	0.000114145
3788	0.000110845
3789	0.000103195
3790	0.000108731
3791	0.000109066
3792	0.000113398
3793	0.000112448
3794	0.00010562
3795	0.000110631
3796	0.000110486
3797	0.000117876
3798	0.000119298
3799	0.000109662
3800	0.000114553
3801	0.000113983
3802	0.000122678
3803	0.000123188
3804	0.000111794
3805	0.000116189
3806	0.000114881
3807	0.000122542
3808	0.000122687
3809	0.000111211
3810	0.000112886
3811	0.000113876
3812	0.000118771
3813	0.000120368
3814	0.000110839
3815	0.000108947
3816	0.000112235
3817	0.000113157
3818	0.000117112
3819	0.000109436
3820	0.000105559
3821	0.000109881
3822	0.000109472
3823	0.000115326
3824	0.000112783
3825	0.000104041
3826	0.000109579
3827	0.000106904
3828	0.000115542
3829	0.000117183
3830	0.000104924
3831	0.000112698
3832	0.000107311
3833	0.00011842
3834	0.000123053
3835	0.000109651
3836	0.000116405
3837	0.000112024
3838	0.000121354
3839	0.000124919
3840	0.0001121
3841	0.000118889
3842	0.000116261
3843	0.000122073
3844	0.000125575
3845	0.000112322
3846	0.00011629
3847	0.000116792
3848	0.000119535
3849	0.000123321
3850	0.000113024
3851	0.000112608
3852	0.000114648
3853	0.00011401
3854	0.000121847
3855	0.000116591
3856	0.000108325
3857	0.000112805
3858	0.00010904
3859	0.000119129
3860	0.000120212
3861	0.000106499
3862	0.000113143
3863	0.000106781
3864	0.000117498
3865	0.000122295
3866	0.000107081
3867	0.000113908
3868	0.000107987
3869	0.000118053
3870	0.00012439
3871	0.000109638
3872	0.000115583
3873	0.000112194
3874	0.000120589
3875	0.000124767
3876	0.000110571
3877	0.000116386
3878	0.000115498
3879	0.00012093
3880	0.000124214
3881	0.000110119
3882	0.000113978
3883	0.000115284
3884	0.000117196
3885	0.000124083
3886	0.000116197
3887	0.000111303
3888	0.000115629
3889	0.000112946
3890	0.000122925
3891	0.000121031
3892	0.000109129
3893	0.000115928
3894	0.000110154
3895	0.000120645
3896	0.000123738
3897	0.00010827
3898	0.00011538
3899	0.000108817
3900	0.000118499
3901	0.000124738
3902	0.000109069
3903	0.000116033
3904	0.000110532
3905	0.000119045
3906	0.000125716
3907	0.000110676
3908	0.000116572
3909	0.000115351
3910	0.000121738
3911	0.000125701
3912	0.00011074
3913	0.000116609
3914	0.000117009
3915	0.000120605
3916	0.000126886
3917	0.000114866
3918	0.000114103
3919	0.000118258
3920	0.000116883
3921	0.000125751
3922	0.000119541
3923	0.000110663
3924	0.00011862
3925	0.000113097
3926	0.0001232
3927	0.000122631
3928	0.000107629
3929	0.000116565
3930	0.000111047
3931	0.000118791
3932	0.00012313
3933	0.000105363
3934	0.000115093
3935	0.000109681
3936	0.000116367
3937	0.000124249
3938	0.000106192
3939	0.000115195
3940	0.000111492
3941	0.000117446
3942	0.000125903
3943	0.000110393
3944	0.000116459
3945	0.000115206
3946	0.000119957
3947	0.000128186
3948	0.000115734
3949	0.000116319
3950	0.000119353
3951	0.000118793
3952	0.000127041
3953	0.000118229
3954	0.000112359
3955	0.000120105
3956	0.000116315
3957	0.000124067
3958	0.00012015
3959	0.000108857
3960	0.000118841
3961	0.000113948
3962	0.00012055
3963	0.000122909
3964	0.000104919
3965	0.00011594
3966	0.000112553
3967	0.000116038
3968	0.000123012
3969	0.000103085
3970	0.000113757
3971	0.000108837
3972	0.000112782
3973	0.000125055
3974	0.000108607
3975	0.000113021
3976	0.000111068
3977	0.000112388
3978	0.000127011
3979	0.000115061
3980	0.00011321
3981	0.000115772
3982	0.000115251
3983	0.000125713
3984	0.000117266
3985	0.000112812
3986	0.000118325
3987	0.000117649
3988	0.000123825
3989	0.000117981
3990	0.000109804
3991	0.000118951
3992	0.000117109
3993	0.000121225
3994	0.000119865
3995	0.000106779
3996	0.000117624
3997	0.000113279
3998	0.000117438
3999	0.000123382
4000	0.000107635
4001	0.000114786
4002	0.000111328
4003	0.00011229
4004	0.000123783
4005	0.000108577
4006	0.000110214
4007	0.000111359
4008	0.000109492
4009	0.000122942
4010	0.000110575
4011	0.000108261
4012	0.000111511
4013	0.000110856
4014	0.000123564
4015	0.000114633
4016	0.000107872
4017	0.000113458
4018	0.000114366
4019	0.000121925
4020	0.000115133
4021	0.00010694
4022	0.000114543
4023	0.000115346
4024	0.000120048
4025	0.000116073
4026	0.000109804
4027	0.000114964
4028	0.000115725
4029	0.000117999
4030	0.000118286
4031	0.000111843
4032	0.000113914
4033	0.000115087
4034	0.00011656
4035	0.000120333
4036	0.000111606
4037	0.000112877
4038	0.000113868
4039	0.000115758
4040	0.000121628
4041	0.000110082
4042	0.000108628
4043	0.000112642
4044	0.000113602
4045	0.000119073
4046	0.00010851
4047	0.000105568
4048	0.000109951
4049	0.00010945
4050	0.000116305
4051	0.000109712
4052	0.000105607
4053	0.000108062
4054	0.000108278
4055	0.000116022
4056	0.000115314
4057	0.000110107
4058	0.000107989
4059	0.00011065
4060	0.000115792
4061	0.000115155
4062	0.000111813
4063	0.00010729
4064	0.000111416
4065	0.000116433
4066	0.000113659
4067	0.000111072
4068	0.000106309
4069	0.000111517
4070	0.000116355
4071	0.000111575
4072	0.000107878
4073	0.000106389
4074	0.000110924
4075	0.000114196
4076	0.000111072
4077	0.000108089
4078	0.000108823
4079	0.000110563
4080	0.000113456
4081	0.000110962
4082	0.000109071
4083	0.000111686
4084	0.000107436
4085	0.000112786
4086	0.000112499
4087	0.000106987
4088	0.000110997
4089	0.00010432
4090	0.000109746
4091	0.000111808
4092	0.000104709
4093	0.000107533
4094	0.000101063
4095	0.000106813
4096	0.000110826
4097	0.000103139
4098	0.000105404
4099	9.95708e-05
4100	0.000103579
4101	0.000110879
4102	0.000104597
4103	0.000107513
4104	0.000103084
4105	0.000102962
4106	0.000113097
4107	0.000105587
4108	0.000110502
4109	0.000107537
4110	0.000102705
4111	0.000114324
4112	0.00010471
4113	0.000108712
4114	0.000110149
4115	0.000102856
4116	0.000113652
4117	0.000105166
4118	0.000104625
4119	0.000109638
4120	0.000100918
4121	0.000110364
4122	0.00010563
4123	0.000100237
4124	0.000106351
4125	0.000100809
4126	0.000107727
4127	0.000106368
4128	9.72185e-05
4129	0.00010643
4130	0.000103034
4131	0.00010485
4132	0.000107049
4133	9.66803e-05
4134	0.000106995
4135	0.000105379
4136	0.000102094
4137	0.000107073
4138	9.65889e-05
4139	0.000105152
4140	0.000104874
4141	9.97289e-05
4142	0.000105657
4143	9.70341e-05
4144	0.000104914
4145	0.000104712
4146	0.000100813
4147	0.000106031
4148	9.68125e-05
4149	0.000104968
4150	0.000106512
4151	0.000106221
4152	0.000108401
4153	9.93565e-05
4154	0.000106745
4155	0.000110318
4156	0.0001114
4157	0.000112138
4158	0.000103455
4159	0.000109328
4160	0.000112243
4161	0.000112773
4162	0.000114694
4163	0.000108658
4164	0.000111318
4165	0.000114515
4166	0.000115055
4167	0.000112528
4168	0.000111411
4169	0.000110913
4170	0.000113555
4171	0.000115719
4172	0.000113542
4173	0.000110737
4174	0.000110259
4175	0.000110982
4176	0.000117509
4177	0.000117212
4178	0.000109723
4179	0.000110116
4180	0.000110103
4181	0.000117302
4182	0.000119047
4183	0.000109226
4184	0.000108854
4185	0.000110803
4186	0.000115444
4187	0.000118551
4188	0.000109313
4189	0.000106432
4190	0.000111388
4191	0.000112814
4192	0.00011856
4193	0.000111534
4194	0.000104464
4195	0.000111553
4196	0.000110405
4197	0.00012005
4198	0.000118345
4199	0.000103808
4200	0.000114
4201	0.000110475
4202	0.000120317
4203	0.00012241
4204	0.00010519
4205	0.000115652
4206	0.000111307
4207	0.000120019
4208	0.000124371
4209	0.000106967
4210	0.000116026
4211	0.000113123
4212	0.000120769
4213	0.000125125
4214	0.000108486
4215	0.000116134
4216	0.000115275
4217	0.000119986
4218	0.000124813
4219	0.000112033
4220	0.0001161
4221	0.000116639
4222	0.000118772
4223	0.000125202
4224	0.000116404
4225	0.000113689
4226	0.000118802
4227	0.000114528
4228	0.000123077
4229	0.000120331
4230	0.000110802
4231	0.000118884
4232	0.000112761
4233	0.000120508
4234	0.00012345
4235	0.000107138
4236	0.000117547
4237	0.000112136
4238	0.000116957
4239	0.000124388
4240	0.000105009
4241	0.00011651
4242	0.000110736
4243	0.000115459
4244	0.000126057
4245	0.000108428
4246	0.000117257
4247	0.000110815
4248	0.000115933
4249	0.000128252
4250	0.000115517
4251	0.000117033
4252	0.000116018
4253	0.000116962
4254	0.000127987
4255	0.00011906
4256	0.000115041
4257	0.000118548
4258	0.000116441
4259	0.000125235
4260	0.000119306
4261	0.000110948
4262	0.000119279
4263	0.000115038
4264	0.000121797
4265	0.000121505
4266	0.000107379
4267	0.000117824
4268	0.000113926
4269	0.000118769
4270	0.000124076
4271	0.000104971
4272	0.000116141
4273	0.000111574
4274	0.000114532
4275	0.000125095
4276	0.000108156
4277	0.00011509
4278	0.000111096
4279	0.000112607
4280	0.000127383
4281	0.000114373
4282	0.000114376
4283	0.000114157
4284	0.000113249
4285	0.000127501
4286	0.000118144
4287	0.000113728
4288	0.000117491
4289	0.000117348
4290	0.000125714
4291	0.000118936
4292	0.000111705
4293	0.000118483
4294	0.000118914
4295	0.000122912
4296	0.000117824
4297	0.000108221
4298	0.000118069
4299	0.000115021
4300	0.0001195
4301	0.000121199
4302	0.000109267
4303	0.000116837
4304	0.000113319
4305	0.000115853
4306	0.000124391
4307	0.000110508
4308	0.000113474
4309	0.000113847
4310	0.000112454
4311	0.000122776
4312	0.000109719
4313	0.000109271
4314	0.000112644
4315	0.000111253
4316	0.000121301
4317	0.000110869
4318	0.000106873
4319	0.000111637
4320	0.00011166
4321	0.000121259
4322	0.000114101
4323	0.000106777
4324	0.000112803
4325	0.000111799
4326	0.000119825
4327	0.000116652
4328	0.000110898
4329	0.000114257
4330	0.000115189
4331	0.000118881
4332	0.000118461
4333	0.000114234
4334	0.000113683
4335	0.000116377
4336	0.000117971
4337	0.000117628
4338	0.000113528
4339	0.000112989
4340	0.000114843
4341	0.000117996
4342	0.000119024
4343	0.000110954
4344	0.000110583
4345	0.00011294
4346	0.00011698
4347	0.000118573
4348	0.000108572
4349	0.000108176
4350	0.000111914
4351	0.000112164
4352	0.000116037
4353	0.000108905
4354	0.000107685
4355	0.000108609
4356	0.000109557
4357	0.000112529
4358	0.000108785
4359	0.000108407
4360	0.000104743
4361	0.000108467
4362	0.000113026
4363	0.000110666
4364	0.000108366
4365	0.000103826
4366	0.000106427
4367	0.000114108
4368	0.000112031
4369	0.000109871
4370	0.00010369
4371	0.000107661
4372	0.000115371
4373	0.000111599
4374	0.000109881
4375	0.000104429
4376	0.000108688
4377	0.000115315
4378	0.000109378
4379	0.000110829
4380	0.000109017
4381	0.000109009
4382	0.000115914
4383	0.000108768
4384	0.000111197
4385	0.000112913
4386	0.000107687
4387	0.000116143
4388	0.000110195
4389	0.0001085
4390	0.00011316
4391	0.000105115
4392	0.000113738
4393	0.00011142
4394	0.000105731
4395	0.000109406
4396	0.000100914
4397	0.000109784
4398	0.000110424
4399	0.000101713
4400	0.000107296
4401	0.000102669
4402	0.000106255
4403	0.000107597
4404	9.82355e-05
4405	0.000108074
4406	0.000105854
4407	0.000103478
4408	0.000107372
4409	9.78268e-05
4410	0.000109213
4411	0.000107442
4412	0.000101494
4413	0.00010966
4414	9.848e-05
4415	0.000108353
4416	0.000106145
4417	9.99811e-05
4418	0.000111973
4419	0.000101139
4420	0.000107358
4421	0.000105523
4422	9.84737e-05
4423	0.000112533
4424	0.000104041
4425	0.000104543
4426	0.000108522
4427	0.000104129
4428	0.000110647
4429	0.000106415
4430	0.000103013
4431	0.000111896
4432	0.000109626
4433	0.000109051
4434	0.000108374
4435	0.00010363
4436	0.00011218
4437	0.000111237
4438	0.000107668
4439	0.000108809
4440	0.000103299
4441	0.000110962
4442	0.000110373
4443	0.000106011
4444	0.000107855
4445	0.000101866
4446	0.000107747
4447	0.000110232
4448	0.000108904
4449	0.000107059
4450	0.00010094
4451	0.000105241
4452	0.000111064
4453	0.000112532
4454	0.000108182
4455	0.000101925
4456	0.00010636
4457	0.000110259
4458	0.000114734
4459	0.000108939
4460	0.000101534
4461	0.000107732
4462	0.000109012
4463	0.000113616
4464	0.00010882
4465	0.000101733
4466	0.000108275
4467	0.0001081
4468	0.000114018
4469	0.000112557
4470	0.000103567
4471	0.000110719
4472	0.000108748
4473	0.000119324
4474	0.000120818
4475	0.000108615
4476	0.000115136
4477	0.000112571
4478	0.000122261
4479	0.000124334
4480	0.000111578
4481	0.000116691
4482	0.000114969
4483	0.000121636
4484	0.000123543
4485	0.000110956
4486	0.000114243
4487	0.000114644
4488	0.000118799
4489	0.000121261
4490	0.000109766
4491	0.000110414
4492	0.000112233
4493	0.000112716
4494	0.000118658
4495	0.000111823
4496	0.0001063
4497	0.000111005
4498	0.00010892
4499	0.000118557
4500	0.000117661
4501	0.000104482
4502	0.000112773
4503	0.000107734
4504	0.000117557
4505	0.000121631
4506	0.000104756
4507	0.000114471
4508	0.000108538
4509	0.000117591
4510	0.00012443
4511	0.00010715
4512	0.000116473
4513	0.000111932
4514	0.000119839
4515	0.000125406
4516	0.000109505
4517	0.000117657
4518	0.000115639
4519	0.000120597
4520	0.000125813
4521	0.000112686
4522	0.000116648
4523	0.000115887
4524	0.000118581
4525	0.000125888
4526	0.00011752
4527	0.000113184
4528	0.000117501
4529	0.00011369
4530	0.000123637
4531	0.000120771
4532	0.000109474
4533	0.00011728
4534	0.000111298
4535	0.000120578
4536	0.000123469
4537	0.00010685
4538	0.000115651
4539	0.000109433
4540	0.000116637
4541	0.000123319
4542	0.000105333
4543	0.00011509
4544	0.000109482
4545	0.000116342
4546	0.000124846
4547	0.000107167
4548	0.000116284
4549	0.000112541
4550	0.000118568
4551	0.000125861
4552	0.000112009
4553	0.000117642
4554	0.000115846
4555	0.000118993
4556	0.000127266
4557	0.000116264
4558	0.000114591
4559	0.000118807
4560	0.000115809
4561	0.000124877
4562	0.000119966
4563	0.000111057
4564	0.000118592
4565	0.000112519
4566	0.000121453
4567	0.000122097
4568	0.000107486
4569	0.00011724
4570	0.000111246
4571	0.000117788
4572	0.000124177
4573	0.000105425
4574	0.000115585
4575	0.000110456
4576	0.000115288
4577	0.00012448
4578	0.000106022
4579	0.000115556
4580	0.000110203
4581	0.000115459
4582	0.000127216
4583	0.000112651
4584	0.00011615
4585	0.00011533
4586	0.000117692
4587	0.000127858
4588	0.000117141
4589	0.000115191
4590	0.000119099
4591	0.000117349
4592	0.000125831
4593	0.000118851
4594	0.000111601
4595	0.000119333
4596	0.000115472
4597	0.000122692
4598	0.000120966
4599	0.000108173
4600	0.00011819
4601	0.000114002
4602	0.000119556
4603	0.000124061
4604	0.00010511
4605	0.000115647
4606	0.000111584
4607	0.000115023
4608	0.000123687
4609	0.000106076
4610	0.000113812
4611	0.0001092
4612	0.000112889
4613	0.000127266
4614	0.000113111
4615	0.000113951
4616	0.000113924
4617	0.000113578
4618	0.000128498
4619	0.000118457
4620	0.00011477
4621	0.000118033
4622	0.000117801
4623	0.000126864
4624	0.000119215
4625	0.000113246
4626	0.000119713
4627	0.000119254
4628	0.000124768
4629	0.000119588
4630	0.000109977
4631	0.000119434
4632	0.000117265
4633	0.000121639
4634	0.000121742
4635	0.000108786
4636	0.000118218
4637	0.000113439
4638	0.000117984
4639	0.000125416
4640	0.000110176
4641	0.000114983
4642	0.000113763
4643	0.000113826
4644	0.000125967
4645	0.000111672
4646	0.000111315
4647	0.000113888
4648	0.000112535
4649	0.000125355
4650	0.000113555
4651	0.000109592
4652	0.000114659
4653	0.000114292
4654	0.000126131
4655	0.000117521
4656	0.000109439
4657	0.000116005
4658	0.000116776
4659	0.000124161
4660	0.000118116
4661	0.000111072
4662	0.000117433
4663	0.000117697
4664	0.000122663
4665	0.00012016
4666	0.000114152
4667	0.000117193
4668	0.000119201
4669	0.00012078
4670	0.00012147
4671	0.000115544
4672	0.0001162
4673	0.000118154
4674	0.000120335
4675	0.000122696
4676	0.000113345
4677	0.000113669
4678	0.000115271
4679	0.000119341
4680	0.00012212
4681	0.000110106
4682	0.000108761
4683	0.000112962
4684	0.000114448
4685	0.000118374
4686	0.000108801
4687	0.000107486
4688	0.000110543
4689	0.000110973
4690	0.000114558
4691	0.00010932
4692	0.000108259
4693	0.000107382
4694	0.000110631
4695	0.000114566
4696	0.000112012
4697	0.000109367
4698	0.000106913
4699	0.000109414
4700	0.000115985
4701	0.000113836
4702	0.000110133
4703	0.000106035
4704	0.000109144
4705	0.000116519
4706	0.000112546
4707	0.0001098
4708	0.00010473
4709	0.000109871
4710	0.00011619
4711	0.000110729
4712	0.000110614
4713	0.000109065
4714	0.000111083
4715	0.00011633
4716	0.000109502
4717	0.000111184
4718	0.000111981
4719	0.000109278
4720	0.000116146
4721	0.000109837
4722	0.000109436
4723	0.000112875
4724	0.000106526
4725	0.000114747
4726	0.00011119
4727	0.000106853
4728	0.000110297
4729	0.000102514
4730	0.000110112
4731	0.000110108
4732	0.000102443
4733	0.000105976
4734	0.00010071
4735	0.000105788
4736	0.00010652
4737	9.74973e-05
4738	0.000105975
4739	0.000103626
4740	0.000103162
4741	0.000105372
4742	9.6196e-05
4743	0.000107378
4744	0.000105671
4745	0.000101044
4746	0.000107163
4747	9.62312e-05
4748	0.000106193
4749	0.000104703
4750	9.84938e-05
4751	0.000109845
4752	9.87174e-05
4753	0.000104684
4754	0.000104232
4755	9.58636e-05
4756	0.000109717
4757	0.000100856
4758	0.000101609
4759	0.000104742
4760	9.89397e-05
4761	0.000107617
4762	0.000102836
4763	9.8907e-05
4764	0.000107158
4765	0.000104536
4766	0.000106062
4767	0.000105852
4768	9.9545e-05
4769	0.000108991
4770	0.000107806
4771	0.000105784
4772	0.000107216
4773	0.000100239
4774	0.000108623
4775	0.000108327
4776	0.000104401
4777	0.000106662
4778	9.99689e-05
4779	0.000106433
4780	0.000107004
4781	0.000104468
4782	0.000106422
4783	9.86836e-05
4784	0.000104255
4785	0.000107381
4786	0.000108592
4787	0.000106983
4788	9.99132e-05
4789	0.000105081
4790	0.000109645
4791	0.000113607
4792	0.000109689
4793	0.000101736
4794	0.000107783
4795	0.000110051
4796	0.000114203
4797	0.000111172
4798	0.00010236
4799	0.000109405
4800	0.000110172
4801	0.000114024
4802	0.0001124
4803	0.000105079
4804	0.000110294
4805	0.00011046
4806	0.000116898
4807	0.000117321
4808	0.000108599
4809	0.00011263
4810	0.000112649
4811	0.000121226
4812	0.000121146
4813	0.000111057
4814	0.000115314
4815	0.000113797
4816	0.000121984
4817	0.000122349
4818	0.000111021
4819	0.000113278
4820	0.000113567
4821	0.000119132
4822	0.000120785
4823	0.000111036
4824	0.000109719
4825	0.000112706
4826	0.00011404
4827	0.000118142
4828	0.000109947
4829	0.000106544
4830	0.000110999
4831	0.000110343
4832	0.000116654
4833	0.000113808
4834	0.00010481
4835	0.000110777
4836	0.000107801
4837	0.000116941
4838	0.000118747
4839	0.000105787
4840	0.000114104
4841	0.000108391
4842	0.000119245
4843	0.000124162
4844	0.000109753
4845	0.000116784
4846	0.000112603
4847	0.00012191
4848	0.0001257
4849	0.000111796
4850	0.000118349
4851	0.000116306
4852	0.000122017
4853	0.000125524
4854	0.000112077
4855	0.00011614
4856	0.000116175
4857	0.000119681
4858	0.000123554
4859	0.00011282
4860	0.00011296
4861	0.00011467
4862	0.000114369
4863	0.00012263
4864	0.000117402
4865	0.000109008
4866	0.000114507
4867	0.000110359
4868	0.000120623
4869	0.000122011
4870	0.000107978
4871	0.000115111
4872	0.000108751
4873	0.000118561
4874	0.000123238
4875	0.00010748
4876	0.000115173
4877	0.000108298
4878	0.000117882
4879	0.000125085
4880	0.000109518
4881	0.000116454
4882	0.000112305
4883	0.000120465
4884	0.000125909
4885	0.000110797
4886	0.000117689
4887	0.000116257
4888	0.000121493
4889	0.000126224
4890	0.000112497
4891	0.000115704
4892	0.000116348
4893	0.000118832
4894	0.000126099
4895	0.000117864
4896	0.000112394
4897	0.000117773
4898	0.000114148
4899	0.000124455
4900	0.000121455
4901	0.000109333
4902	0.000117473
4903	0.000111786
4904	0.000121484
4905	0.000124151
4906	0.000107708
4907	0.000116233
4908	0.000110288
4909	0.000118118
4910	0.000124303
4911	0.000107009
4912	0.000115874
4913	0.000110487
4914	0.000117917
4915	0.000126069
4916	0.000109136
4917	0.000117114
4918	0.000114302
4919	0.000120274
4920	0.000127323
4921	0.000113477
4922	0.000118355
4923	0.00011771
4924	0.00012033
4925	0.000128568
4926	0.000117314
4927	0.000115209
4928	0.00012035
4929	0.000117597
4930	0.000126906
4931	0.00012046
4932	0.000111304
4933	0.000119751
4934	0.000114767
4935	0.0001234
4936	0.000121522
4937	0.00010693
4938	0.000117704
4939	0.000113343
4940	0.000119365
4941	0.000124012
4942	0.000103857
4943	0.000115138
4944	0.000111821
4945	0.000115634
4946	0.000123104
4947	0.000103561
4948	0.000113665
4949	0.000109148
4950	0.000113976
4951	0.000126317
4952	0.000110884
4953	0.000114183
4954	0.000113945
4955	0.000115443
4956	0.000127215
4957	0.000116372
4958	0.000114645
4959	0.000118124
4960	0.00011738
4961	0.000125878
4962	0.000118216
4963	0.000113364
4964	0.000120396
4965	0.000118445
4966	0.000124168
4967	0.00011964
4968	0.00011003
4969	0.0001199
4970	0.000116809
4971	0.000120635
4972	0.000121874
4973	0.00010711
4974	0.000117854
4975	0.000112485
4976	0.000116151
4977	0.000124802
4978	0.00010815
4979	0.00011436
4980	0.000111494
4981	0.000111441
4982	0.000124089
4983	0.000109308
4984	0.000110199
4985	0.000111097
4986	0.000109684
4987	0.000123802
4988	0.000112941
4989	0.000108895
4990	0.00011241
4991	0.000111387
4992	0.00012366
4993	0.000115592
4994	0.000108395
4995	0.000114254
4996	0.000115172
4997	0.000121369
4998	0.000115387
4999	0.000107923
5000	0.000115088
