1	0.00818632
2	0.00943597
3	0.000350756
4	0.00015711
5	0.000118366
6	0.000116563
7	0.000158988
8	0.000189888
9	0.000512011
10	0.000365048
11	0.000201335
12	0.000199019
13	0.000241785
14	0.000309221
15	0.000606736
16	0.000833687
17	0.000409503
18	0.000365445
19	0.000395057
20	0.000427406
21	0.000417204
22	0.0004683
23	0.00089417
24	0.000845475
25	0.000556657
26	0.00050663
27	0.000459979
28	0.000541747
29	0.000515632
30	0.000515988
31	0.000507387
32	0.000455864
33	0.000487427
34	0.000623766
35	0.000553303
36	0.000491413
37	0.000496215
38	0.000518162
39	0.00050248
40	0.000429632
41	0.00050835
42	0.000475496
43	0.000428005
44	0.000431695
45	0.000367151
46	0.000446911
47	0.000423708
48	0.000426354
49	0.000348825
50	0.000375982
51	0.000362678
52	0.00033211
53	0.000294452
54	0.000261098
55	0.000379091
56	0.00033773
57	0.000312806
58	0.000295942
59	0.000283571
60	0.000278793
61	0.000274351
62	0.000266633
63	0.000356787
64	0.000321341
65	0.000298841
66	0.000282583
67	0.000263908
68	0.000243178
69	0.000227119
70	0.000221276
71	0.00022678
72	0.000236601
73	0.000243317
74	0.000249994
75	0.000253914
76	0.000255733
77	0.000245935
78	0.00022218
79	0.000197218
80	0.000175803
81	0.000159169
82	0.000144225
83	0.000130286
84	0.000118013
85	0.000107312
86	0.000236509
87	0.000225086
88	0.000215549
89	0.000212374
90	0.000213491
91	0.000213128
92	0.00020956
93	9.5582e-05
94	9.70977e-05
95	9.87712e-05
96	9.94285e-05
97	9.98497e-05
98	9.97556e-05
99	0.000100266
100	0.000100995
101	0.000102601
102	0.000104686
103	0.000106721
104	0.00010721
105	0.000106075
106	0.000103359
107	0.000100022
108	9.65891e-05
109	9.35238e-05
110	9.09002e-05
111	8.8863e-05
112	8.76122e-05
113	8.72627e-05
114	8.75291e-05
115	8.82908e-05
116	8.90359e-05
117	8.94558e-05
118	8.95623e-05
119	8.9269e-05
120	8.85658e-05
121	8.74734e-05
122	8.61231e-05
123	8.44989e-05
124	8.25232e-05
125	8.02771e-05
126	7.71864e-05
127	7.38976e-05
128	7.05532e-05
129	6.72831e-05
130	6.41258e-05
131	6.11031e-05
132	5.83588e-05
133	5.60589e-05
134	5.41457e-05
135	5.2655e-05
136	5.15672e-05
137	5.09845e-05
138	5.08633e-05
139	5.08732e-05
140	5.07558e-05
141	5.03798e-05
142	4.96617e-05
143	4.86098e-05
144	4.72644e-05
145	4.58313e-05
146	4.44323e-05
147	4.28969e-05
148	4.12818e-05
149	3.97033e-05
150	3.83422e-05
151	3.71326e-05
152	3.58235e-05
153	3.45276e-05
154	3.32295e-05
155	3.20764e-05
156	3.09558e-05
157	2.97212e-05
158	2.84206e-05
159	2.71521e-05
160	2.61026e-05
161	2.50364e-05
162	2.39552e-05
163	2.28419e-05
164	2.17898e-05
165	2.10193e-05
166	2.01593e-05
167	1.93143e-05
168	1.84445e-05
169	1.77494e-05
170	1.73e-05
171	1.68075e-05
172	1.64248e-05
173	1.60286e-05
174	1.58693e-05
175	1.58602e-05
176	1.56129e-05
177	1.52908e-05
178	1.46129e-05
179	1.39839e-05
180	1.31815e-05
181	1.21106e-05
182	1.11258e-05
183	3.17033e-05
184	2.96827e-05
185	2.78788e-05
186	2.61269e-05
187	2.47872e-05
188	2.37947e-05
189	2.29396e-05
190	2.25114e-05
191	2.21647e-05
192	2.20272e-05
193	2.22212e-05
194	2.26585e-05
195	2.3682e-05
196	2.4997e-05
197	8.88575e-06
198	9.24996e-06
199	9.64325e-06
200	9.8143e-06
201	9.69073e-06
202	9.34591e-06
203	8.7452e-06
204	8.36944e-06
205	7.96547e-06
206	7.48471e-06
207	6.90007e-06
208	6.39525e-06
209	6.12361e-06
210	5.87548e-06
211	1.88831e-05
212	1.79541e-05
213	1.70303e-05
214	1.66235e-05
215	1.6337e-05
216	1.60523e-05
217	1.54759e-05
218	1.5097e-05
219	1.5106e-05
220	1.52849e-05
221	1.53692e-05
222	1.51972e-05
223	1.49786e-05
224	1.50865e-05
225	5.22559e-06
226	5.31982e-06
227	5.32685e-06
228	5.33718e-06
229	5.30396e-06
230	5.50027e-06
231	5.21685e-06
232	4.84376e-06
233	1.30785e-05
234	1.20831e-05
235	1.19819e-05
236	1.12933e-05
237	1.05988e-05
238	1.03054e-05
239	9.77201e-06
240	9.74079e-06
241	9.69523e-06
242	9.49214e-06
243	9.51929e-06
244	9.3314e-06
245	9.58366e-06
246	1.00008e-05
247	1.02606e-05
248	1.04394e-05
249	1.03583e-05
250	5.69225e-06
251	5.66168e-06
252	5.50618e-06
253	5.26447e-06
254	4.86416e-06
255	4.75838e-06
256	4.61275e-06
257	4.3075e-06
258	4.01847e-06
259	8.72311e-06
260	8.85767e-06
261	8.65704e-06
262	8.47571e-06
263	8.36653e-06
264	8.0342e-06
265	8.14118e-06
266	8.11904e-06
267	3.76229e-06
268	3.64636e-06
269	7.65049e-06
270	3.63947e-06
271	3.62232e-06
272	3.62755e-06
273	3.54091e-06
274	3.42908e-06
275	3.40255e-06
276	3.40283e-06
277	3.49047e-06
278	3.29835e-06
279	3.26035e-06
280	3.18134e-06
281	3.08202e-06
282	3.17106e-06
283	2.90255e-06
284	2.84309e-06
285	6.03848e-06
286	5.99132e-06
287	5.99796e-06
288	5.66773e-06
289	2.65597e-06
290	5.38356e-06
291	5.56887e-06
292	2.6745e-06
293	5.4013e-06
294	2.65012e-06
295	2.50445e-06
296	2.54023e-06
297	2.65614e-06
298	2.60975e-06
299	2.60336e-06
300	2.57293e-06
301	2.59155e-06
302	2.60265e-06
303	2.6495e-06
304	2.56124e-06
305	2.53995e-06
306	2.48997e-06
307	2.5136e-06
308	2.50178e-06
309	2.36052e-06
310	2.39068e-06
311	2.29248e-06
312	2.3147e-06
313	2.31445e-06
314	2.14646e-06
315	2.2161e-06
316	2.14119e-06
317	2.1334e-06
318	2.17564e-06
319	2.01315e-06
320	2.10019e-06
321	2.08832e-06
322	2.03319e-06
323	2.14133e-06
324	2.01273e-06
325	2.03571e-06
326	2.07076e-06
327	1.95923e-06
328	2.05911e-06
329	1.93519e-06
330	1.90254e-06
331	1.91977e-06
332	1.82747e-06
333	1.89895e-06
334	1.78431e-06
335	1.75551e-06
336	1.72481e-06
337	1.68842e-06
338	1.73028e-06
339	1.62734e-06
340	1.61253e-06
341	1.58597e-06
342	1.59796e-06
343	1.63082e-06
344	1.57176e-06
345	1.57478e-06
346	1.53889e-06
347	1.57841e-06
348	1.62851e-06
349	1.60525e-06
350	1.58568e-06
351	1.5323e-06
352	1.57126e-06
353	1.6055e-06
354	1.61242e-06
355	1.56139e-06
356	1.54468e-06
357	1.57639e-06
358	1.61627e-06
359	1.60823e-06
360	1.55356e-06
361	1.54915e-06
362	1.5758e-06
363	1.61435e-06
364	1.58734e-06
365	1.55091e-06
366	1.51554e-06
367	1.52054e-06
368	1.54446e-06
369	1.54065e-06
370	1.5213e-06
371	1.4893e-06
372	1.46523e-06
373	1.49361e-06
374	1.53544e-06
375	1.48178e-06
376	1.49204e-06
377	1.42962e-06
378	1.46038e-06
379	1.55768e-06
380	1.4004e-06
381	1.47245e-06
382	1.38669e-06
383	1.42678e-06
384	1.56816e-06
385	1.34883e-06
386	1.46351e-06
387	1.36748e-06
388	1.37956e-06
389	1.53222e-06
390	1.34324e-06
391	1.44912e-06
392	1.36871e-06
393	1.34414e-06
394	1.50281e-06
395	1.40177e-06
396	1.47305e-06
397	1.41123e-06
398	1.39425e-06
399	1.51735e-06
400	1.49367e-06
401	1.48349e-06
402	1.46663e-06
403	1.39458e-06
404	1.48591e-06
405	1.52411e-06
406	1.49427e-06
407	1.48197e-06
408	1.42434e-06
409	1.46986e-06
410	1.52869e-06
411	1.44517e-06
412	1.4592e-06
413	1.42101e-06
414	1.46002e-06
415	1.49832e-06
416	1.32562e-06
417	1.41704e-06
418	1.39574e-06
419	1.45176e-06
420	1.48787e-06
421	1.28718e-06
422	1.36273e-06
423	1.35019e-06
424	1.42739e-06
425	1.44648e-06
426	1.27785e-06
427	1.28851e-06
428	1.31758e-06
429	1.37757e-06
430	1.40935e-06
431	1.30469e-06
432	1.25985e-06
433	1.27724e-06
434	1.34591e-06
435	1.40102e-06
436	1.35316e-06
437	1.24506e-06
438	1.30924e-06
439	1.31852e-06
440	1.3924e-06
441	1.36257e-06
442	1.30041e-06
443	1.40667e-06
444	1.34096e-06
445	1.40684e-06
446	1.375e-06
447	1.34715e-06
448	1.42178e-06
449	1.38372e-06
450	1.3703e-06
451	1.34965e-06
452	1.31261e-06
453	1.32378e-06
454	1.3578e-06
455	1.38725e-06
456	1.34286e-06
457	1.26271e-06
458	1.22089e-06
459	1.30105e-06
460	8.19977e-07
461	1.33936e-06
462	1.228e-06
463	1.16801e-06
464	1.23848e-06
465	7.73206e-07
466	1.31128e-06
467	1.17123e-06
468	1.17062e-06
469	1.17658e-06
470	1.22799e-06
471	1.22835e-06
472	1.09951e-06
473	1.15938e-06
474	1.15702e-06
475	1.14516e-06
476	1.1675e-06
477	1.09677e-06
478	1.16788e-06
479	1.17516e-06
480	1.13675e-06
481	1.17722e-06
482	1.14134e-06
483	1.16806e-06
484	1.16123e-06
485	1.14943e-06
486	1.23203e-06
487	1.13368e-06
488	1.12282e-06
489	1.14711e-06
490	1.1531e-06
491	1.25739e-06
492	1.16261e-06
493	1.08941e-06
494	1.16321e-06
495	1.13727e-06
496	1.25897e-06
497	6.69649e-07
498	1.08209e-06
499	1.17062e-06
500	1.11746e-06
501	1.22189e-06
502	6.67716e-07
503	1.06288e-06
504	1.15984e-06
505	6.10743e-07
506	6.63243e-07
507	6.29616e-07
508	1.04021e-06
509	1.12907e-06
510	1.09397e-06
511	1.15445e-06
512	1.14364e-06
513	1.01055e-06
514	1.09206e-06
515	1.06622e-06
516	1.11943e-06
517	1.10519e-06
518	1.00724e-06
519	1.07236e-06
520	1.06536e-06
521	1.08604e-06
522	1.10204e-06
523	1.01855e-06
524	1.06357e-06
525	1.08264e-06
526	1.06315e-06
527	1.11462e-06
528	1.02255e-06
529	1.05371e-06
530	1.08637e-06
531	1.02686e-06
532	1.11708e-06
533	1.0399e-06
534	1.00691e-06
535	1.09029e-06
536	5.24471e-07
537	1.14275e-06
538	5.56282e-07
539	9.71565e-07
540	5.63899e-07
541	1.06741e-06
542	1.13524e-06
543	5.94862e-07
544	9.87761e-07
545	1.12944e-06
546	1.07948e-06
547	1.08236e-06
548	6.03632e-07
549	1.01787e-06
550	1.11122e-06
551	1.12891e-06
552	1.0753e-06
553	6.08683e-07
554	5.69363e-07
555	1.11079e-06
556	6.2936e-07
557	6.10254e-07
558	6.00594e-07
559	5.53216e-07
560	1.10383e-06
561	6.64896e-07
562	6.43761e-07
563	6.19266e-07
564	5.39647e-07
565	5.93322e-07
566	6.80302e-07
567	6.604e-07
568	6.42872e-07
569	5.49593e-07
570	6.07442e-07
571	6.39637e-07
572	1.14167e-06
573	6.33665e-07
574	5.77622e-07
575	6.308e-07
576	6.20318e-07
577	1.1224e-06
578	6.23413e-07
579	6.27844e-07
580	6.52616e-07
581	6.09539e-07
582	1.17435e-06
583	6.5274e-07
584	6.633e-07
585	6.49969e-07
586	6.37156e-07
587	6.62572e-07
588	6.90093e-07
589	6.86929e-07
590	6.90136e-07
591	6.72094e-07
592	7.15972e-07
593	7.12876e-07
594	6.8711e-07
595	6.9361e-07
596	6.56746e-07
597	7.43164e-07
598	7.18269e-07
599	6.72457e-07
600	6.63664e-07
601	6.50627e-07
602	7.34046e-07
603	7.19908e-07
604	6.56032e-07
605	6.24212e-07
606	6.40614e-07
607	6.82431e-07
608	7.05086e-07
609	6.6041e-07
610	5.92714e-07
611	6.46326e-07
612	6.35355e-07
613	6.90819e-07
614	6.73172e-07
615	5.93535e-07
616	6.65717e-07
617	6.14409e-07
618	6.84654e-07
619	6.90786e-07
620	6.20682e-07
621	6.90341e-07
622	6.21135e-07
623	1.21404e-06
624	7.11177e-07
625	6.75924e-07
626	6.83625e-07
627	6.66717e-07
628	6.97843e-07
629	7.16167e-07
630	6.9202e-07
631	6.95314e-07
632	6.90615e-07
633	7.2039e-07
634	7.20444e-07
635	6.95465e-07
636	6.99761e-07
637	6.90174e-07
638	7.45677e-07
639	7.45893e-07
640	6.91564e-07
641	6.78889e-07
642	6.9021e-07
643	7.00465e-07
644	7.30662e-07
645	6.80321e-07
646	6.29702e-07
647	6.71567e-07
648	6.6296e-07
649	7.37605e-07
650	6.97624e-07
651	6.09979e-07
652	6.73551e-07
653	6.36084e-07
654	7.28252e-07
655	7.09971e-07
656	6.0269e-07
657	6.80135e-07
658	6.38037e-07
659	7.26698e-07
660	7.43274e-07
661	6.58969e-07
662	7.02997e-07
663	6.80677e-07
664	7.30084e-07
665	7.66526e-07
666	6.956e-07
667	7.20063e-07
668	7.18282e-07
669	7.43297e-07
670	7.91977e-07
671	7.22593e-07
672	7.28676e-07
673	7.18269e-07
674	7.50464e-07
675	7.74441e-07
676	7.1909e-07
677	6.99585e-07
678	6.96907e-07
679	7.08784e-07
680	7.48989e-07
681	7.01646e-07
682	6.45373e-07
683	6.75767e-07
684	6.79669e-07
685	7.5664e-07
686	7.22552e-07
687	6.1365e-07
688	6.78812e-07
689	6.56305e-07
690	7.57082e-07
691	7.29208e-07
692	5.89168e-07
693	6.75535e-07
694	6.34201e-07
695	7.37795e-07
696	7.46511e-07
697	6.5889e-07
698	7.00154e-07
699	6.70654e-07
700	7.23263e-07
701	7.59834e-07
702	7.14071e-07
703	7.05718e-07
704	7.18227e-07
705	7.16752e-07
706	7.92455e-07
707	7.29564e-07
708	7.19769e-07
709	7.3522e-07
710	7.23554e-07
711	7.94262e-07
712	7.25243e-07
713	6.96289e-07
714	7.27541e-07
715	7.22002e-07
716	7.78956e-07
717	7.34559e-07
718	6.36777e-07
719	6.7753e-07
720	6.96379e-07
721	7.7962e-07
722	7.37926e-07
723	6.09792e-07
724	6.35959e-07
725	6.32797e-07
726	7.38316e-07
727	6.87923e-07
728	5.98827e-07
729	6.2634e-07
730	6.00731e-07
731	6.8416e-07
732	6.99278e-07
733	6.59691e-07
734	6.7385e-07
735	6.79068e-07
736	6.50992e-07
737	7.32367e-07
738	7.23205e-07
739	7.01687e-07
740	7.34667e-07
741	6.56852e-07
742	7.56139e-07
743	7.21229e-07
744	6.81471e-07
745	7.12539e-07
746	6.98957e-07
747	7.81439e-07
748	7.16476e-07
749	6.59287e-07
750	6.73149e-07
751	7.14506e-07
752	7.83668e-07
753	7.2324e-07
754	6.447e-07
755	6.67203e-07
756	6.88097e-07
757	7.71858e-07
758	7.30427e-07
759	6.47731e-07
760	6.54496e-07
761	6.43727e-07
762	7.33061e-07
763	7.08338e-07
764	6.34446e-07
765	6.26777e-07
766	6.12697e-07
767	6.76216e-07
768	1.19934e-06
769	6.27905e-07
770	6.02973e-07
771	5.98426e-07
772	6.31436e-07
773	1.19606e-06
774	6.27587e-07
775	6.10666e-07
776	6.15226e-07
777	5.94334e-07
778	6.57761e-07
779	6.17472e-07
780	6.43271e-07
781	6.6799e-07
782	6.229e-07
783	7.09159e-07
784	6.31455e-07
785	6.59125e-07
786	6.69892e-07
787	6.28935e-07
788	7.333e-07
789	6.51181e-07
790	6.18147e-07
791	6.12738e-07
792	6.26288e-07
793	7.20129e-07
794	6.5695e-07
795	6.04062e-07
796	5.76431e-07
797	6.10312e-07
798	6.84134e-07
799	6.28e-07
800	5.79995e-07
801	5.64658e-07
802	1.10424e-06
803	6.41611e-07
804	6.07634e-07
805	1.0502e-06
806	5.76652e-07
807	1.0715e-06
808	6.08695e-07
809	6.06871e-07
810	1.00489e-06
811	5.91904e-07
812	5.68805e-07
813	5.75616e-07
814	6.04668e-07
815	9.96608e-07
816	5.90735e-07
817	5.7104e-07
818	5.60035e-07
819	1.11986e-06
820	1.02863e-06
821	5.80953e-07
822	5.53376e-07
823	1.04578e-06
824	5.88148e-07
825	1.01086e-06
826	1.06938e-06
827	5.59895e-07
828	1.05667e-06
829	6.06849e-07
830	1.04737e-06
831	1.05357e-06
832	5.90495e-07
833	1.05351e-06
834	6.40216e-07
835	6.0116e-07
836	1.03542e-06
837	5.92111e-07
838	1.01798e-06
839	6.35989e-07
840	6.19672e-07
841	9.90766e-07
842	5.66349e-07
843	5.50784e-07
844	6.32408e-07
845	6.02612e-07
846	9.62052e-07
847	5.53004e-07
848	5.19964e-07
849	5.88836e-07
850	5.55241e-07
851	9.23547e-07
852	5.35261e-07
853	1.01392e-06
854	5.39994e-07
855	5.35853e-07
856	9.39621e-07
857	1.05642e-06
858	5.491e-07
859	5.33202e-07
860	5.7182e-07
861	5.29143e-07
862	1.04943e-06
863	5.52964e-07
864	9.80142e-07
865	5.77855e-07
866	5.36162e-07
867	1.02722e-06
868	5.53833e-07
869	9.58937e-07
870	1.10175e-06
871	5.40768e-07
872	9.78924e-07
873	5.49863e-07
874	5.08999e-07
875	6.01253e-07
876	5.55623e-07
877	9.57697e-07
878	5.74106e-07
879	5.5079e-07
880	6.14522e-07
881	5.96191e-07
882	1.01836e-06
883	6.18583e-07
884	1.09997e-06
885	6.0437e-07
886	6.08279e-07
887	1.04898e-06
888	6.16549e-07
889	6.08968e-07
890	5.97563e-07
891	6.19254e-07
892	5.78425e-07
893	1.10824e-06
894	6.52027e-07
895	6.20345e-07
896	6.00182e-07
897	5.39752e-07
898	1.08026e-06
899	6.68987e-07
900	6.44153e-07
901	6.04498e-07
902	5.36627e-07
903	5.70145e-07
904	6.52203e-07
905	6.43744e-07
906	6.11646e-07
907	5.67638e-07
908	6.04306e-07
909	6.28164e-07
910	1.1542e-06
911	6.25113e-07
912	6.0001e-07
913	6.38845e-07
914	6.27796e-07
915	6.25081e-07
916	6.35894e-07
917	6.16849e-07
918	6.56069e-07
919	6.14855e-07
920	6.19206e-07
921	6.42459e-07
922	6.11643e-07
923	6.49722e-07
924	6.10788e-07
925	6.35094e-07
926	6.83593e-07
927	6.65156e-07
928	6.72016e-07
929	6.55477e-07
930	6.95677e-07
931	7.26884e-07
932	7.03557e-07
933	7.2133e-07
934	6.98696e-07
935	7.33032e-07
936	7.45253e-07
937	7.03141e-07
938	7.21811e-07
939	6.89514e-07
940	7.76738e-07
941	7.7038e-07
942	6.8816e-07
943	6.83769e-07
944	6.59825e-07
945	7.67591e-07
946	7.73954e-07
947	6.90369e-07
948	6.30528e-07
949	6.55609e-07
950	7.25765e-07
951	7.60472e-07
952	7.09792e-07
953	6.10044e-07
954	6.78656e-07
955	6.82053e-07
956	7.52471e-07
957	7.26806e-07
958	6.21972e-07
959	7.18201e-07
960	6.43873e-07
961	7.18252e-07
962	7.18926e-07
963	6.43402e-07
964	7.18067e-07
965	6.50402e-07
966	6.89193e-07
967	7.16652e-07
968	6.70741e-07
969	6.75326e-07
970	6.67744e-07
971	6.94252e-07
972	7.27574e-07
973	6.92631e-07
974	6.9589e-07
975	6.87206e-07
976	7.45355e-07
977	7.73572e-07
978	7.11088e-07
979	7.14381e-07
980	7.07621e-07
981	7.41005e-07
982	7.80013e-07
983	7.07188e-07
984	6.74017e-07
985	7.08e-07
986	6.9756e-07
987	7.73636e-07
988	7.18557e-07
989	6.30672e-07
990	6.81544e-07
991	6.71826e-07
992	7.62509e-07
993	7.28183e-07
994	5.88706e-07
995	6.5627e-07
996	6.50426e-07
997	7.54682e-07
998	7.4954e-07
999	6.09284e-07
1000	6.6099e-07
1001	6.37494e-07
1002	7.45447e-07
1003	7.75403e-07
1004	6.82828e-07
1005	6.96258e-07
1006	7.00824e-07
1007	7.25413e-07
1008	7.85792e-07
1009	7.18229e-07
1010	7.25541e-07
1011	7.30848e-07
1012	7.0844e-07
1013	7.74245e-07
1014	7.24279e-07
1015	7.09741e-07
1016	7.13485e-07
1017	6.9632e-07
1018	7.33013e-07
1019	6.90671e-07
1020	6.44993e-07
1021	6.59121e-07
1022	6.69429e-07
1023	7.3304e-07
1024	7.11095e-07
1025	5.93612e-07
1026	6.34121e-07
1027	6.5324e-07
1028	7.61366e-07
1029	7.34572e-07
1030	5.95392e-07
1031	6.46071e-07
1032	6.13044e-07
1033	7.35877e-07
1034	7.36724e-07
1035	6.53587e-07
1036	6.70123e-07
1037	6.60562e-07
1038	6.81283e-07
1039	7.35697e-07
1040	7.04218e-07
1041	6.87187e-07
1042	7.07169e-07
1043	6.61637e-07
1044	7.4649e-07
1045	7.06877e-07
1046	6.87738e-07
1047	7.01204e-07
1048	6.91916e-07
1049	7.60287e-07
1050	7.10755e-07
1051	6.52306e-07
1052	6.73826e-07
1053	7.06152e-07
1054	7.6881e-07
1055	7.29649e-07
1056	6.0782e-07
1057	6.38348e-07
1058	6.67293e-07
1059	7.66724e-07
1060	7.21196e-07
1061	6.07728e-07
1062	6.28594e-07
1063	6.15058e-07
1064	7.14457e-07
1065	6.73636e-07
1066	6.11424e-07
1067	6.30145e-07
1068	6.08253e-07
1069	6.3234e-07
1070	1.2426e-06
1071	6.67418e-07
1072	6.4683e-07
1073	6.61108e-07
1074	6.25625e-07
1075	7.06519e-07
1076	7.03252e-07
1077	6.69283e-07
1078	7.04117e-07
1079	6.50429e-07
1080	7.38783e-07
1081	6.82137e-07
1082	6.404e-07
1083	6.80656e-07
1084	6.6115e-07
1085	7.59684e-07
1086	6.78192e-07
1087	6.45995e-07
1088	6.75064e-07
1089	6.78651e-07
1090	7.46394e-07
1091	6.80412e-07
1092	6.41641e-07
1093	6.5275e-07
1094	6.60156e-07
1095	7.17633e-07
1096	6.70566e-07
1097	6.21667e-07
1098	6.19906e-07
1099	6.16006e-07
1100	6.91589e-07
1101	1.19503e-06
1102	6.05025e-07
1103	5.91669e-07
1104	1.10827e-06
1105	6.47098e-07
1106	1.13996e-06
1107	5.82853e-07
1108	5.88124e-07
1109	5.95364e-07
1110	6.15374e-07
1111	1.16784e-06
1112	1.12678e-06
1113	6.22091e-07
1114	6.22749e-07
1115	5.88299e-07
1116	6.3075e-07
1117	1.16244e-06
1118	6.46216e-07
1119	6.36343e-07
1120	6.03598e-07
1121	6.48991e-07
1122	1.15649e-06
1123	6.5462e-07
1124	6.33335e-07
1125	1.14122e-06
1126	7.04666e-07
1127	1.15442e-06
1128	6.07512e-07
1129	5.95819e-07
1130	1.11781e-06
1131	7.0757e-07
1132	6.38471e-07
1133	5.83388e-07
1134	5.7782e-07
1135	6.15988e-07
1136	6.76207e-07
1137	6.22874e-07
1138	1.09452e-06
1139	5.92671e-07
1140	6.00563e-07
1141	6.43553e-07
1142	6.09135e-07
1143	1.0689e-06
1144	5.97087e-07
1145	5.57356e-07
1146	6.14532e-07
1147	6.00145e-07
1148	1.00024e-06
1149	5.79407e-07
1150	1.02146e-06
1151	5.75059e-07
1152	1.09852e-06
1153	9.39609e-07
1154	5.5154e-07
1155	9.94736e-07
1156	1.03518e-06
1157	1.05765e-06
1158	9.07076e-07
1159	1.04408e-06
1160	5.29138e-07
1161	1.01772e-06
1162	1.07769e-06
1163	1.00007e-06
1164	1.06624e-06
1165	5.57867e-07
1166	1.01459e-06
1167	1.13794e-06
1168	5.47655e-07
1169	1.06702e-06
1170	5.83926e-07
1171	1.03626e-06
1172	6.18103e-07
1173	5.79367e-07
1174	1.04046e-06
1175	6.02908e-07
1176	5.69217e-07
1177	6.51795e-07
1178	5.97507e-07
1179	9.57006e-07
1180	5.79671e-07
1181	5.78755e-07
1182	6.42808e-07
1183	5.99613e-07
1184	9.71627e-07
1185	5.80545e-07
1186	5.82008e-07
1187	6.07784e-07
1188	5.69917e-07
1189	5.18524e-07
1190	5.54623e-07
1191	5.54295e-07
1192	5.52375e-07
1193	5.5648e-07
1194	5.22621e-07
1195	1.05336e-06
1196	5.54263e-07
1197	1.01214e-06
1198	5.76155e-07
1199	5.48923e-07
1200	1.03393e-06
1201	5.71672e-07
1202	5.47175e-07
1203	5.86592e-07
1204	5.66797e-07
1205	1.02966e-06
1206	5.94512e-07
1207	5.7341e-07
1208	5.94453e-07
1209	5.70808e-07
1210	5.82623e-07
1211	6.17816e-07
1212	5.88165e-07
1213	6.01966e-07
1214	5.43763e-07
1215	5.82929e-07
1216	6.36583e-07
1217	6.0451e-07
1218	6.27663e-07
1219	5.64968e-07
1220	5.99047e-07
1221	6.3956e-07
1222	6.36977e-07
1223	6.68178e-07
1224	6.33188e-07
1225	6.23331e-07
1226	6.28399e-07
1227	6.81473e-07
1228	6.90854e-07
1229	6.43357e-07
1230	6.41297e-07
1231	6.42226e-07
1232	7.04676e-07
1233	7.00928e-07
1234	6.65439e-07
1235	6.80596e-07
1236	6.52528e-07
1237	7.26568e-07
1238	6.91851e-07
1239	6.62048e-07
1240	6.73398e-07
1241	6.30651e-07
1242	7.31362e-07
1243	6.99571e-07
1244	6.43986e-07
1245	6.43281e-07
1246	6.34791e-07
1247	7.14033e-07
1248	7.22645e-07
1249	6.57938e-07
1250	6.11403e-07
1251	6.39518e-07
1252	6.77077e-07
1253	7.20554e-07
1254	6.75524e-07
1255	5.9436e-07
1256	6.56634e-07
1257	6.39184e-07
1258	6.90899e-07
1259	6.84309e-07
1260	5.95706e-07
1261	6.56287e-07
1262	6.05148e-07
1263	6.55902e-07
1264	6.85139e-07
1265	6.50015e-07
1266	6.74139e-07
1267	6.37844e-07
1268	6.81433e-07
1269	7.17865e-07
1270	6.99239e-07
1271	7.14325e-07
1272	6.98494e-07
1273	7.31138e-07
1274	7.56294e-07
1275	7.03663e-07
1276	7.20495e-07
1277	6.80864e-07
1278	7.50061e-07
1279	7.56041e-07
1280	6.85883e-07
1281	6.8462e-07
1282	6.67692e-07
1283	7.27794e-07
1284	7.48154e-07
1285	6.798e-07
1286	6.24219e-07
1287	6.52624e-07
1288	6.88849e-07
1289	7.39065e-07
1290	6.89826e-07
1291	6.01293e-07
1292	6.52519e-07
1293	6.45237e-07
1294	7.37536e-07
1295	7.0762e-07
1296	6.0264e-07
1297	6.7828e-07
1298	6.15975e-07
1299	7.2007e-07
1300	7.16565e-07
1301	6.4573e-07
1302	6.84941e-07
1303	6.43993e-07
1304	6.86969e-07
1305	7.13361e-07
1306	6.68948e-07
1307	6.83834e-07
1308	6.7347e-07
1309	6.95564e-07
1310	7.2093e-07
1311	6.82605e-07
1312	6.73072e-07
1313	6.64667e-07
1314	7.13352e-07
1315	7.2787e-07
1316	6.87246e-07
1317	6.63215e-07
1318	6.75e-07
1319	7.13834e-07
1320	7.62335e-07
1321	7.12018e-07
1322	6.40555e-07
1323	6.74297e-07
1324	6.77817e-07
1325	7.61542e-07
1326	7.1511e-07
1327	6.04284e-07
1328	6.64636e-07
1329	6.47025e-07
1330	7.49149e-07
1331	7.13395e-07
1332	6.08296e-07
1333	6.68234e-07
1334	6.23644e-07
1335	7.11219e-07
1336	7.17056e-07
1337	6.53043e-07
1338	6.7147e-07
1339	6.68665e-07
1340	6.9483e-07
1341	7.34498e-07
1342	6.90141e-07
1343	7.04937e-07
1344	7.13032e-07
1345	7.08355e-07
1346	7.57394e-07
1347	7.20061e-07
1348	7.13717e-07
1349	7.13234e-07
1350	7.05744e-07
1351	7.5317e-07
1352	7.09241e-07
1353	6.84247e-07
1354	6.93621e-07
1355	6.87184e-07
1356	7.46725e-07
1357	7.03732e-07
1358	6.18547e-07
1359	6.44247e-07
1360	6.51475e-07
1361	7.13678e-07
1362	6.86313e-07
1363	5.834e-07
1364	6.34984e-07
1365	6.23616e-07
1366	7.09845e-07
1367	7.05165e-07
1368	6.26869e-07
1369	6.82048e-07
1370	6.52093e-07
1371	6.87624e-07
1372	7.1711e-07
1373	6.92107e-07
1374	7.07269e-07
1375	7.12391e-07
1376	6.65529e-07
1377	7.32606e-07
1378	7.27362e-07
1379	7.25371e-07
1380	7.32033e-07
1381	6.95545e-07
1382	7.69671e-07
1383	7.32125e-07
1384	6.98577e-07
1385	7.03087e-07
1386	7.22275e-07
1387	7.72095e-07
1388	7.21311e-07
1389	6.48348e-07
1390	6.73136e-07
1391	7.1371e-07
1392	7.81753e-07
1393	7.40044e-07
1394	6.06241e-07
1395	6.5426e-07
1396	6.69686e-07
1397	7.61729e-07
1398	7.13622e-07
1399	6.06815e-07
1400	6.66854e-07
1401	6.2331e-07
1402	7.05431e-07
1403	6.90068e-07
1404	6.50576e-07
1405	6.81408e-07
1406	6.5372e-07
1407	6.26271e-07
1408	1.28556e-06
1409	7.10138e-07
1410	6.74586e-07
1411	6.91533e-07
1412	6.29573e-07
1413	7.23929e-07
1414	7.21037e-07
1415	6.92341e-07
1416	7.12159e-07
1417	6.90782e-07
1418	7.92284e-07
1419	7.2985e-07
1420	6.65938e-07
1421	6.97694e-07
1422	7.17697e-07
1423	7.83012e-07
1424	7.28766e-07
1425	6.52395e-07
1426	6.89085e-07
1427	7.09755e-07
1428	7.92222e-07
1429	7.32317e-07
1430	6.53414e-07
1431	6.8068e-07
1432	6.66545e-07
1433	7.54507e-07
1434	7.07829e-07
1435	6.46912e-07
1436	6.5829e-07
1437	6.33877e-07
1438	7.00003e-07
1439	6.8133e-07
1440	6.35903e-07
1441	6.54315e-07
1442	6.42892e-07
1443	6.63234e-07
1444	1.23529e-06
1445	6.72362e-07
1446	6.45385e-07
1447	6.67434e-07
1448	6.36997e-07
1449	7.10193e-07
1450	6.67024e-07
1451	6.58354e-07
1452	6.95926e-07
1453	6.41612e-07
1454	7.25163e-07
1455	6.47443e-07
1456	6.57028e-07
1457	6.69666e-07
1458	6.38704e-07
1459	7.29402e-07
1460	6.52024e-07
1461	6.50847e-07
1462	6.4764e-07
1463	6.50766e-07
1464	7.47389e-07
1465	6.78453e-07
1466	6.366e-07
1467	6.4125e-07
1468	6.54982e-07
1469	7.27124e-07
1470	6.6975e-07
1471	6.02447e-07
1472	5.8953e-07
1473	6.06973e-07
1474	6.80709e-07
1475	6.43829e-07
1476	5.76162e-07
1477	5.74351e-07
1478	5.74958e-07
1479	6.31419e-07
1480	6.093e-07
1481	1.02925e-06
1482	5.78785e-07
1483	5.55557e-07
1484	5.85278e-07
1485	5.93316e-07
1486	9.90387e-07
1487	5.81999e-07
1488	5.61473e-07
1489	5.65652e-07
1490	6.06154e-07
1491	1.02052e-06
1492	5.85277e-07
1493	5.79558e-07
1494	1.04516e-06
1495	1.12339e-06
1496	1.02866e-06
1497	1.05822e-06
1498	5.678e-07
1499	1.0552e-06
1500	6.20929e-07
1501	1.0212e-06
1502	1.05355e-06
1503	5.66521e-07
1504	1.06695e-06
1505	6.31002e-07
1506	5.44556e-07
1507	1.0548e-06
1508	5.67713e-07
1509	1.04991e-06
1510	6.39721e-07
1511	6.08526e-07
1512	1.0616e-06
1513	5.83349e-07
1514	5.61704e-07
1515	6.52284e-07
1516	6.44743e-07
1517	1.01689e-06
1518	5.77327e-07
1519	5.59858e-07
1520	6.25525e-07
1521	6.01505e-07
1522	9.43631e-07
1523	5.51719e-07
1524	5.1684e-07
1525	5.69835e-07
1526	5.45013e-07
1527	9.21868e-07
1528	5.29576e-07
1529	1.00411e-06
1530	5.24323e-07
1531	5.29944e-07
1532	9.40056e-07
1533	1.03826e-06
1534	5.29032e-07
1535	5.14328e-07
1536	5.44724e-07
1537	5.07587e-07
1538	1.02427e-06
1539	5.32978e-07
1540	9.4673e-07
1541	1.06893e-06
1542	5.28999e-07
1543	9.79615e-07
1544	5.33051e-07
1545	9.32632e-07
1546	1.09441e-06
1547	5.60196e-07
1548	9.1441e-07
1549	5.47324e-07
1550	5.30122e-07
1551	6.02333e-07
1552	5.5988e-07
1553	9.25897e-07
1554	5.60211e-07
1555	5.35684e-07
1556	5.85081e-07
1557	5.6438e-07
1558	1.00021e-06
1559	5.72871e-07
1560	5.60475e-07
1561	5.73371e-07
1562	5.94217e-07
1563	5.63763e-07
1564	5.89693e-07
1565	5.91565e-07
1566	1.04707e-06
1567	5.95918e-07
1568	9.89508e-07
1569	1.0258e-06
1570	6.20327e-07
1571	6.05758e-07
1572	5.97779e-07
1573	5.25926e-07
1574	1.04411e-06
1575	6.49794e-07
1576	6.35492e-07
1577	6.06099e-07
1578	5.22007e-07
1579	5.53164e-07
1580	6.31228e-07
1581	6.28995e-07
1582	6.03968e-07
1583	5.41404e-07
1584	5.85446e-07
1585	6.08878e-07
1586	6.04613e-07
1587	5.99479e-07
1588	5.92411e-07
1589	6.29902e-07
1590	6.0496e-07
1591	1.09844e-06
1592	6.12368e-07
1593	6.41181e-07
1594	6.42498e-07
1595	6.00038e-07
1596	1.13199e-06
1597	6.45173e-07
1598	6.67502e-07
1599	6.36615e-07
1600	6.22417e-07
1601	6.26353e-07
1602	6.50113e-07
1603	6.54837e-07
1604	6.31611e-07
1605	6.23685e-07
1606	6.60739e-07
1607	6.59052e-07
1608	6.61878e-07
1609	6.53134e-07
1610	6.45269e-07
1611	7.02895e-07
1612	6.8698e-07
1613	6.59247e-07
1614	6.42766e-07
1615	6.46792e-07
1616	6.89033e-07
1617	6.96058e-07
1618	6.38166e-07
1619	6.05235e-07
1620	6.24963e-07
1621	6.66946e-07
1622	7.16181e-07
1623	6.62943e-07
1624	5.69841e-07
1625	6.17317e-07
1626	6.42249e-07
1627	7.07115e-07
1628	6.82552e-07
1629	5.63134e-07
1630	6.383e-07
1631	6.26944e-07
1632	6.97105e-07
1633	6.98734e-07
1634	6.20781e-07
1635	6.99699e-07
1636	6.45815e-07
1637	6.90381e-07
1638	7.13156e-07
1639	7.02685e-07
1640	7.29536e-07
1641	7.09257e-07
1642	7.03971e-07
1643	7.35095e-07
1644	7.24537e-07
1645	7.50475e-07
1646	7.26472e-07
1647	7.31525e-07
1648	7.42258e-07
1649	7.16246e-07
1650	7.11045e-07
1651	6.86717e-07
1652	7.26561e-07
1653	7.21459e-07
1654	6.76633e-07
1655	6.5268e-07
1656	6.56047e-07
1657	6.97821e-07
1658	7.36827e-07
1659	6.93922e-07
1660	6.33005e-07
1661	6.82357e-07
1662	6.70869e-07
1663	7.54148e-07
1664	7.16609e-07
1665	6.17176e-07
1666	6.9266e-07
1667	6.31681e-07
1668	7.25072e-07
1669	7.08924e-07
1670	6.19752e-07
1671	6.99301e-07
1672	6.39723e-07
1673	7.09309e-07
1674	7.31151e-07
1675	6.68813e-07
1676	6.9389e-07
1677	6.79452e-07
1678	7.25542e-07
1679	7.66583e-07
1680	7.10021e-07
1681	7.15365e-07
1682	7.1897e-07
1683	7.623e-07
1684	8.10029e-07
1685	7.36076e-07
1686	7.35156e-07
1687	7.34021e-07
1688	7.57953e-07
1689	8.07874e-07
1690	7.32463e-07
1691	7.0238e-07
1692	7.34549e-07
1693	7.20159e-07
1694	7.79604e-07
1695	7.23777e-07
1696	6.52935e-07
1697	6.9231e-07
1698	6.83733e-07
1699	7.44382e-07
1700	7.09451e-07
1701	5.94161e-07
1702	6.38169e-07
1703	6.36145e-07
1704	7.25803e-07
1705	7.04769e-07
1706	5.93336e-07
1707	6.57776e-07
1708	6.27156e-07
1709	7.38675e-07
1710	7.52998e-07
1711	6.7137e-07
1712	7.03405e-07
1713	6.82797e-07
1714	6.98732e-07
1715	7.63505e-07
1716	7.16443e-07
1717	7.07027e-07
1718	7.33878e-07
1719	6.83371e-07
1720	7.70421e-07
1721	7.22633e-07
1722	7.04578e-07
1723	7.24442e-07
1724	7.09835e-07
1725	7.69901e-07
1726	7.1064e-07
1727	6.63555e-07
1728	6.85891e-07
1729	7.2332e-07
1730	7.74954e-07
1731	7.25643e-07
1732	6.26377e-07
1733	6.61926e-07
1734	6.92234e-07
1735	7.92126e-07
1736	7.45891e-07
1737	6.15421e-07
1738	6.4375e-07
1739	6.39177e-07
1740	7.54023e-07
1741	7.1888e-07
1742	6.21e-07
1743	6.35702e-07
1744	6.18795e-07
1745	6.85752e-07
1746	6.88688e-07
1747	6.39157e-07
1748	6.28417e-07
1749	6.23795e-07
1750	6.22599e-07
1751	6.67093e-07
1752	6.67948e-07
1753	6.35611e-07
1754	6.64476e-07
1755	6.31915e-07
1756	7.14632e-07
1757	6.80499e-07
1758	6.5731e-07
1759	6.99385e-07
1760	6.56467e-07
1761	7.66174e-07
1762	6.79692e-07
1763	6.52945e-07
1764	6.94446e-07
1765	6.71131e-07
1766	7.63047e-07
1767	6.9671e-07
1768	6.57125e-07
1769	6.61331e-07
1770	6.70144e-07
1771	7.4023e-07
1772	6.8664e-07
1773	6.28879e-07
1774	6.11348e-07
1775	6.23128e-07
1776	7.17516e-07
1777	6.64398e-07
1778	6.05715e-07
1779	5.7618e-07
1780	5.83277e-07
1781	6.73861e-07
1782	6.46396e-07
1783	5.84358e-07
1784	5.80001e-07
1785	5.88361e-07
1786	6.20246e-07
1787	6.48205e-07
1788	1.06723e-06
1789	6.1112e-07
1790	6.25745e-07
1791	5.80752e-07
1792	6.25046e-07
1793	1.10657e-06
1794	6.43649e-07
1795	6.23352e-07
1796	5.79176e-07
1797	6.14004e-07
1798	1.11213e-06
1799	6.30481e-07
1800	5.8826e-07
1801	1.09206e-06
1802	6.55015e-07
1803	1.11159e-06
1804	5.8827e-07
1805	5.58608e-07
1806	1.10121e-06
1807	6.94117e-07
1808	6.2582e-07
1809	5.70697e-07
1810	5.56155e-07
1811	1.08528e-06
1812	6.54658e-07
1813	6.18655e-07
1814	1.03436e-06
1815	5.64403e-07
1816	1.08244e-06
1817	6.39667e-07
1818	6.11081e-07
1819	1.03235e-06
1820	5.74525e-07
1821	1.03938e-06
1822	6.18201e-07
1823	5.91192e-07
1824	9.80813e-07
1825	5.60079e-07
1826	1.00681e-06
1827	5.84425e-07
1828	5.63763e-07
1829	9.23367e-07
1830	5.43549e-07
1831	9.84176e-07
1832	5.44461e-07
1833	1.05009e-06
1834	8.92284e-07
1835	1.0322e-06
1836	5.39808e-07
1837	9.93954e-07
1838	1.05653e-06
1839	9.78815e-07
1840	1.04416e-06
1841	5.7611e-07
1842	9.8412e-07
1843	1.11741e-06
1844	5.47109e-07
1845	1.02287e-06
1846	5.66374e-07
1847	9.76448e-07
1848	5.85068e-07
1849	5.26271e-07
1850	9.83521e-07
1851	5.63776e-07
1852	9.95832e-07
1853	6.13282e-07
1854	5.52787e-07
1855	9.32923e-07
1856	5.6517e-07
1857	5.43537e-07
1858	6.1706e-07
1859	5.7669e-07
1860	8.95996e-07
1861	5.52564e-07
1862	5.50548e-07
1863	1.0638e-06
1864	5.66582e-07
1865	9.40189e-07
1866	5.45451e-07
1867	5.50287e-07
1868	5.44537e-07
1869	5.55679e-07
1870	5.18593e-07
1871	1.04614e-06
1872	5.5176e-07
1873	5.22526e-07
1874	5.49681e-07
1875	5.28467e-07
1876	1.01036e-06
1877	5.5583e-07
1878	5.35635e-07
1879	5.54188e-07
1880	5.33468e-07
1881	1.00039e-06
1882	5.72477e-07
1883	5.617e-07
1884	5.64417e-07
1885	5.51491e-07
1886	5.58816e-07
1887	5.7716e-07
1888	5.71423e-07
1889	5.75498e-07
1890	5.58932e-07
1891	5.87002e-07
1892	5.88965e-07
1893	1.10805e-06
1894	5.92146e-07
1895	5.65313e-07
1896	5.85422e-07
1897	5.98062e-07
1898	5.7315e-07
1899	6.26899e-07
1900	6.18886e-07
1901	5.91004e-07
1902	6.06285e-07
1903	6.30727e-07
1904	6.70331e-07
1905	6.39544e-07
1906	6.02691e-07
1907	6.2417e-07
1908	6.76253e-07
1909	6.93824e-07
1910	6.30029e-07
1911	6.32302e-07
1912	6.34647e-07
1913	7.08118e-07
1914	7.0064e-07
1915	6.45735e-07
1916	6.63551e-07
1917	6.37304e-07
1918	7.23114e-07
1919	6.95335e-07
1920	6.48575e-07
1921	6.53818e-07
1922	6.42646e-07
1923	7.19399e-07
1924	7.12164e-07
1925	6.65199e-07
1926	6.37611e-07
1927	6.55603e-07
1928	7.0954e-07
1929	7.33834e-07
1930	7.0421e-07
1931	6.38174e-07
1932	6.93346e-07
1933	6.76694e-07
1934	7.12711e-07
1935	7.19486e-07
1936	6.37904e-07
1937	7.10022e-07
1938	6.53424e-07
1939	6.858e-07
1940	7.04438e-07
1941	6.58279e-07
1942	7.11195e-07
1943	6.46595e-07
1944	6.68524e-07
1945	7.02819e-07
1946	6.85512e-07
1947	6.95267e-07
1948	6.68774e-07
1949	7.08086e-07
1950	7.41917e-07
1951	7.08313e-07
1952	7.34559e-07
1953	7.197e-07
1954	7.57614e-07
1955	7.91896e-07
1956	7.19101e-07
1957	7.39441e-07
1958	7.09045e-07
1959	7.63649e-07
1960	7.89641e-07
1961	7.14025e-07
1962	6.99312e-07
1963	6.97487e-07
1964	7.41124e-07
1965	7.91667e-07
1966	7.1705e-07
1967	6.44734e-07
1968	6.91763e-07
1969	6.98946e-07
1970	7.74339e-07
1971	7.19414e-07
1972	6.01728e-07
1973	6.78659e-07
1974	6.70776e-07
1975	7.56237e-07
1976	7.32279e-07
1977	5.86262e-07
1978	6.73499e-07
1979	6.40211e-07
1980	7.45099e-07
1981	7.50448e-07
1982	6.38973e-07
1983	6.86803e-07
1984	6.57851e-07
1985	7.18391e-07
1986	7.53771e-07
1987	6.99352e-07
1988	6.94302e-07
1989	6.96435e-07
1990	6.9779e-07
1991	7.57137e-07
1992	7.06961e-07
1993	7.0422e-07
1994	6.99206e-07
1995	6.85507e-07
1996	7.36349e-07
1997	7.00098e-07
1998	6.81992e-07
1999	7.04108e-07
2000	7.05971e-07
2001	7.5963e-07
2002	7.23789e-07
2003	6.33996e-07
2004	6.79077e-07
2005	6.88975e-07
2006	7.80359e-07
2007	7.47872e-07
2008	1.05675e-06
2009	6.42875e-07
2010	6.53678e-07
2011	7.809e-07
2012	7.38269e-07
2013	6.17677e-07
2014	6.44692e-07
2015	6.24049e-07
2016	7.49282e-07
2017	7.57019e-07
2018	6.70824e-07
2019	6.66991e-07
2020	6.71641e-07
2021	6.85831e-07
2022	7.52906e-07
2023	7.09984e-07
2024	6.90174e-07
2025	7.22923e-07
2026	6.71847e-07
2027	7.63512e-07
2028	7.13327e-07
2029	6.86048e-07
2030	7.1907e-07
2031	6.829e-07
2032	7.5829e-07
2033	7.03344e-07
2034	6.60505e-07
2035	6.83149e-07
2036	6.87407e-07
2037	7.47003e-07
2038	6.93271e-07
2039	6.37054e-07
2040	6.41008e-07
2041	6.35638e-07
2042	7.16875e-07
2043	6.74857e-07
2044	6.12114e-07
2045	6.09633e-07
2046	6.00019e-07
2047	6.95608e-07
2048	6.74841e-07
2049	6.17631e-07
2050	6.09241e-07
2051	6.01541e-07
2052	6.78242e-07
2053	6.87981e-07
2054	6.22089e-07
2055	6.00603e-07
2056	6.18578e-07
2057	6.25673e-07
2058	1.1845e-06
2059	6.41469e-07
2060	6.24769e-07
2061	6.52289e-07
2062	6.1979e-07
2063	6.97373e-07
2064	6.33948e-07
2065	6.52313e-07
2066	6.77705e-07
2067	6.28173e-07
2068	7.21623e-07
2069	6.36609e-07
2070	6.46951e-07
2071	6.54103e-07
2072	6.37395e-07
2073	7.34255e-07
2074	6.66252e-07
2075	6.23856e-07
2076	6.15016e-07
2077	6.3245e-07
2078	7.13556e-07
2079	6.63087e-07
2080	5.93983e-07
2081	1.08414e-06
2082	6.07696e-07
2083	6.6766e-07
2084	1.14493e-06
2085	5.82029e-07
2086	5.68597e-07
2087	1.09358e-06
2088	6.30308e-07
2089	1.13855e-06
2090	1.06768e-06
2091	5.71587e-07
2092	1.07131e-06
2093	5.86505e-07
2094	1.11816e-06
2095	1.02956e-06
2096	5.84772e-07
2097	5.53789e-07
2098	5.68581e-07
2099	1.13147e-06
2100	1.03322e-06
2101	5.97944e-07
2102	5.80319e-07
2103	1.04855e-06
2104	1.12183e-06
2105	1.03567e-06
2106	1.09324e-06
2107	5.87476e-07
2108	5.81641e-07
2109	6.26351e-07
2110	1.05106e-06
2111	5.81908e-07
2112	5.94717e-07
2113	5.77858e-07
2114	6.45187e-07
2115	1.08449e-06
2116	1.05755e-06
2117	5.87404e-07
2118	1.06674e-06
2119	6.44236e-07
2120	6.05839e-07
2121	1.05204e-06
2122	5.88065e-07
2123	1.04792e-06
2124	6.43812e-07
2125	6.32453e-07
2126	1.01138e-06
2127	5.73302e-07
2128	5.52362e-07
2129	6.25201e-07
2130	6.09056e-07
2131	9.64035e-07
2132	5.51898e-07
2133	5.17309e-07
2134	5.78733e-07
2135	5.47181e-07
2136	9.27527e-07
2137	5.36352e-07
2138	1.01946e-06
2139	5.35069e-07
2140	5.36086e-07
2141	9.59479e-07
2142	5.48474e-07
2143	5.46773e-07
2144	5.37104e-07
2145	5.71457e-07
2146	5.24828e-07
2147	5.53198e-07
2148	5.60576e-07
2149	5.36786e-07
2150	5.68765e-07
2151	5.30689e-07
2152	1.01915e-06
2153	5.43247e-07
2154	9.35383e-07
2155	1.08214e-06
2156	5.42695e-07
2157	9.70413e-07
2158	5.55881e-07
2159	5.3488e-07
2160	6.09542e-07
2161	5.54249e-07
2162	9.45769e-07
2163	5.77872e-07
2164	5.63045e-07
2165	6.12765e-07
2166	5.8377e-07
2167	9.99297e-07
2168	5.99751e-07
2169	5.78787e-07
2170	5.97751e-07
2171	6.13007e-07
2172	5.74524e-07
2173	6.16083e-07
2174	6.02441e-07
2175	5.96297e-07
2176	6.26394e-07
2177	5.92746e-07
2178	1.0998e-06
2179	6.31856e-07
2180	6.17508e-07
2181	6.15052e-07
2182	5.69291e-07
2183	5.72465e-07
2184	6.64086e-07
2185	6.46946e-07
2186	6.07971e-07
2187	5.40526e-07
2188	5.6015e-07
2189	6.57595e-07
2190	6.4346e-07
2191	6.1403e-07
2192	5.53349e-07
2193	5.9128e-07
2194	6.46657e-07
2195	6.35847e-07
2196	6.31941e-07
2197	6.04111e-07
2198	6.61495e-07
2199	6.40617e-07
2200	6.25173e-07
2201	6.38515e-07
2202	6.24626e-07
2203	6.85271e-07
2204	6.38473e-07
2205	6.42257e-07
2206	6.6619e-07
2207	6.38747e-07
2208	6.89151e-07
2209	6.38631e-07
2210	6.77834e-07
2211	7.21721e-07
2212	6.61069e-07
2213	6.72914e-07
2214	6.46145e-07
2215	7.29163e-07
2216	7.51405e-07
2217	6.78612e-07
2218	6.93008e-07
2219	6.77972e-07
2220	7.64714e-07
2221	7.70906e-07
2222	6.8861e-07
2223	7.16942e-07
2224	6.85606e-07
2225	7.70849e-07
2226	7.66729e-07
2227	6.77014e-07
2228	6.86441e-07
2229	6.71221e-07
2230	7.36878e-07
2231	7.44757e-07
2232	6.69658e-07
2233	6.37151e-07
2234	6.52978e-07
2235	6.69156e-07
2236	6.98062e-07
2237	6.56356e-07
2238	5.91721e-07
2239	6.39684e-07
2240	6.23328e-07
2241	6.97744e-07
2242	6.85053e-07
2243	5.98909e-07
2244	6.82667e-07
2245	6.24393e-07
2246	7.13024e-07
2247	7.19525e-07
2248	6.24219e-07
2249	6.9286e-07
2250	6.40237e-07
2251	7.01017e-07
2252	7.34371e-07
2253	6.70046e-07
2254	6.8639e-07
2255	6.87088e-07
2256	7.32196e-07
2257	7.67754e-07
2258	7.01948e-07
2259	7.13484e-07
2260	6.99556e-07
2261	7.5781e-07
2262	7.76713e-07
2263	7.09987e-07
2264	7.07573e-07
2265	7.05598e-07
2266	7.41798e-07
2267	7.78743e-07
2268	7.19999e-07
2269	6.79876e-07
2270	7.14074e-07
2271	7.02255e-07
2272	7.79427e-07
2273	7.40917e-07
2274	6.29869e-07
2275	6.80877e-07
2276	6.61582e-07
2277	7.57346e-07
2278	7.31714e-07
2279	5.92791e-07
2280	6.51434e-07
2281	6.20191e-07
2282	7.20168e-07
2283	7.19434e-07
2284	6.16917e-07
2285	6.34419e-07
2286	6.21744e-07
2287	6.82769e-07
2288	7.17671e-07
2289	6.77496e-07
2290	6.76619e-07
2291	6.94157e-07
2292	7.00988e-07
2293	7.64396e-07
2294	7.22284e-07
2295	7.22526e-07
2296	7.28857e-07
2297	6.94524e-07
2298	7.62914e-07
2299	7.11818e-07
2300	6.84294e-07
2301	7.03023e-07
2302	6.954e-07
2303	7.6265e-07
2304	7.1495e-07
2305	6.25935e-07
2306	6.5356e-07
2307	6.8003e-07
2308	7.59713e-07
2309	7.22835e-07
2310	5.76252e-07
2311	6.23458e-07
2312	6.43766e-07
2313	7.45594e-07
2314	7.16413e-07
2315	5.95594e-07
2316	6.4815e-07
2317	6.17089e-07
2318	7.10164e-07
2319	7.26135e-07
2320	6.7252e-07
2321	6.86923e-07
2322	6.88756e-07
2323	6.51994e-07
2324	7.33433e-07
2325	7.10518e-07
2326	6.92863e-07
2327	7.14371e-07
2328	6.51948e-07
2329	7.42421e-07
2330	7.04514e-07
2331	6.78051e-07
2332	6.79492e-07
2333	6.77201e-07
2334	7.19132e-07
2335	6.82861e-07
2336	6.27409e-07
2337	6.38445e-07
2338	6.9049e-07
2339	7.46354e-07
2340	7.13948e-07
2341	6.16723e-07
2342	6.4373e-07
2343	6.67048e-07
2344	7.74425e-07
2345	7.23365e-07
2346	6.1037e-07
2347	6.41012e-07
2348	6.18635e-07
2349	7.04834e-07
2350	1.23895e-06
2351	6.30223e-07
2352	6.50349e-07
2353	6.37051e-07
2354	6.49819e-07
2355	6.89477e-07
2356	6.76718e-07
2357	6.6039e-07
2358	6.78147e-07
2359	6.40827e-07
2360	7.11669e-07
2361	6.9512e-07
2362	6.5637e-07
2363	6.93513e-07
2364	6.65343e-07
2365	7.41396e-07
2366	6.84297e-07
2367	6.5569e-07
2368	6.94969e-07
2369	6.69434e-07
2370	7.56441e-07
2371	6.77861e-07
2372	6.50118e-07
2373	6.90804e-07
2374	6.73975e-07
2375	7.24579e-07
2376	6.72586e-07
2377	6.53802e-07
2378	6.63029e-07
2379	6.5004e-07
2380	6.95158e-07
2381	6.48709e-07
2382	6.26233e-07
2383	6.10459e-07
2384	5.97167e-07
2385	6.74453e-07
2386	1.21108e-06
2387	6.12456e-07
2388	5.93737e-07
2389	5.87195e-07
2390	6.59506e-07
2391	1.19529e-06
2392	6.01545e-07
2393	6.08993e-07
2394	6.16722e-07
2395	6.1912e-07
2396	1.18556e-06
2397	1.14017e-06
2398	6.40706e-07
2399	6.60795e-07
2400	6.24457e-07
2401	6.68011e-07
2402	1.18261e-06
2403	6.73633e-07
2404	6.67715e-07
2405	6.31422e-07
2406	6.84342e-07
2407	1.16702e-06
2408	6.46912e-07
2409	6.2656e-07
2410	6.12356e-07
2411	7.18917e-07
2412	6.22838e-07
2413	6.0005e-07
2414	5.90526e-07
2415	6.12885e-07
2416	7.16565e-07
2417	6.61537e-07
2418	5.94419e-07
2419	5.86306e-07
2420	6.13743e-07
2421	6.53122e-07
2422	6.37823e-07
2423	1.08519e-06
2424	6.08937e-07
2425	6.01387e-07
2426	6.24912e-07
2427	6.13465e-07
2428	1.07377e-06
2429	6.0425e-07
2430	1.06962e-06
2431	5.92905e-07
2432	5.67593e-07
2433	1.01745e-06
2434	5.78426e-07
2435	1.04029e-06
2436	5.75094e-07
2437	5.61665e-07
2438	9.65924e-07
2439	5.67608e-07
2440	5.38428e-07
2441	5.63293e-07
2442	1.08226e-06
2443	9.31582e-07
2444	1.04393e-06
2445	5.47574e-07
2446	1.02598e-06
2447	1.07284e-06
2448	1.00507e-06
2449	1.06344e-06
2450	5.76179e-07
2451	1.02556e-06
2452	5.82171e-07
2453	5.57287e-07
2454	1.03643e-06
2455	5.70118e-07
2456	1.01884e-06
2457	6.08294e-07
2458	5.54633e-07
2459	9.84617e-07
2460	5.67851e-07
2461	5.59104e-07
2462	6.42838e-07
2463	5.88199e-07
2464	9.44549e-07
2465	5.76826e-07
2466	5.79631e-07
2467	6.29551e-07
2468	5.85717e-07
2469	9.47731e-07
2470	5.69913e-07
2471	5.67834e-07
2472	5.81106e-07
2473	5.58371e-07
2474	9.61478e-07
2475	1.0482e-06
2476	5.38906e-07
2477	9.97485e-07
2478	5.44509e-07
2479	5.08418e-07
2480	1.03476e-06
2481	5.33146e-07
2482	9.94463e-07
2483	5.50746e-07
2484	5.17296e-07
2485	1.0161e-06
2486	5.6794e-07
2487	5.43696e-07
2488	5.74301e-07
2489	5.51491e-07
2490	5.59876e-07
2491	6.09825e-07
2492	5.90913e-07
2493	5.83183e-07
2494	5.53185e-07
2495	5.82606e-07
2496	6.33734e-07
2497	6.1293e-07
2498	6.16838e-07
2499	5.62256e-07
2500	5.95238e-07
2501	6.48581e-07
2502	6.226e-07
2503	6.43303e-07
2504	5.87784e-07
2505	6.05276e-07
2506	6.32734e-07
2507	6.44811e-07
2508	6.80937e-07
2509	6.38407e-07
2510	6.21207e-07
2511	6.30375e-07
2512	6.84486e-07
2513	7.00508e-07
2514	6.61529e-07
2515	6.76196e-07
2516	6.57313e-07
2517	6.97399e-07
2518	6.94505e-07
2519	6.68159e-07
2520	6.91812e-07
2521	6.48745e-07
2522	7.16834e-07
2523	6.83416e-07
2524	6.60056e-07
2525	6.61763e-07
2526	6.12786e-07
2527	6.94447e-07
2528	6.67531e-07
2529	6.15638e-07
2530	6.03079e-07
2531	6.01336e-07
2532	6.62368e-07
2533	6.77235e-07
2534	6.36202e-07
2535	5.83566e-07
2536	6.24391e-07
2537	6.45849e-07
2538	7.04158e-07
2539	6.70847e-07
2540	5.90009e-07
2541	6.50529e-07
2542	6.17079e-07
2543	6.85661e-07
2544	6.83134e-07
2545	6.04627e-07
2546	6.6573e-07
2547	6.08534e-07
2548	6.80553e-07
2549	6.98907e-07
2550	6.61323e-07
2551	6.77271e-07
2552	6.48537e-07
2553	6.97622e-07
2554	7.18718e-07
2555	6.88246e-07
2556	7.0323e-07
2557	6.85068e-07
2558	7.36187e-07
2559	7.45875e-07
2560	6.90565e-07
2561	7.07088e-07
2562	6.74146e-07
2563	7.46934e-07
2564	7.50081e-07
2565	6.77685e-07
2566	6.65171e-07
2567	6.63998e-07
2568	7.05709e-07
2569	7.36535e-07
2570	6.80285e-07
2571	6.23876e-07
2572	6.50235e-07
2573	6.56511e-07
2574	7.07347e-07
2575	6.66035e-07
2576	5.87318e-07
2577	6.29529e-07
2578	6.01215e-07
2579	6.77361e-07
2580	6.68605e-07
2581	5.94047e-07
2582	6.522e-07
2583	6.04878e-07
2584	6.8882e-07
2585	7.05737e-07
2586	6.59775e-07
2587	6.85942e-07
2588	6.68504e-07
2589	6.94951e-07
2590	7.26491e-07
2591	6.74234e-07
2592	6.96551e-07
2593	6.91167e-07
2594	7.28838e-07
2595	7.56805e-07
2596	6.98933e-07
2597	6.94998e-07
2598	6.92035e-07
2599	7.36821e-07
2600	7.47473e-07
2601	6.90307e-07
2602	6.56523e-07
2603	6.72844e-07
2604	7.13431e-07
2605	7.53833e-07
2606	7.06288e-07
2607	6.3362e-07
2608	6.74794e-07
2609	6.82862e-07
2610	7.60934e-07
2611	7.23324e-07
2612	6.13573e-07
2613	6.75662e-07
2614	6.36829e-07
2615	7.30791e-07
2616	7.12105e-07
2617	6.263e-07
2618	6.81427e-07
2619	6.32303e-07
2620	6.86161e-07
2621	7.02586e-07
2622	6.72165e-07
2623	6.77678e-07
2624	6.80848e-07
2625	6.68749e-07
2626	7.05885e-07
2627	7.02566e-07
2628	6.97521e-07
2629	7.04128e-07
2630	7.02489e-07
2631	7.34444e-07
2632	7.2756e-07
2633	7.17612e-07
2634	7.22677e-07
2635	7.23745e-07
2636	7.73201e-07
2637	7.22173e-07
2638	6.82082e-07
2639	7.0231e-07
2640	6.97255e-07
2641	7.79163e-07
2642	7.31087e-07
2643	6.31036e-07
2644	6.72167e-07
2645	6.7594e-07
2646	7.62535e-07
2647	7.23266e-07
2648	5.99374e-07
2649	6.60805e-07
2650	6.39615e-07
2651	7.28245e-07
2652	7.21643e-07
2653	6.41116e-07
2654	6.79694e-07
2655	6.60484e-07
2656	6.95644e-07
2657	7.2954e-07
2658	6.99928e-07
2659	7.16211e-07
2660	7.23256e-07
2661	6.85427e-07
2662	7.56832e-07
2663	7.32838e-07
2664	7.33079e-07
2665	7.35048e-07
2666	6.97315e-07
2667	7.73459e-07
2668	7.35979e-07
2669	7.06148e-07
2670	7.05178e-07
2671	7.03696e-07
2672	7.52578e-07
2673	7.10021e-07
2674	6.39279e-07
2675	6.49479e-07
2676	6.79029e-07
2677	7.42057e-07
2678	7.11603e-07
2679	6.0339e-07
2680	6.42848e-07
2681	6.55065e-07
2682	7.60508e-07
2683	7.26289e-07
2684	6.2537e-07
2685	6.92804e-07
2686	6.42577e-07
2687	7.25095e-07
2688	7.25029e-07
2689	6.81599e-07
2690	7.20706e-07
2691	6.98005e-07
2692	6.76062e-07
2693	7.42825e-07
2694	7.38654e-07
2695	7.18911e-07
2696	7.34778e-07
2697	6.75331e-07
2698	7.64748e-07
2699	7.33397e-07
2700	7.01222e-07
2701	7.2033e-07
2702	7.12034e-07
2703	7.90551e-07
2704	7.28815e-07
2705	6.63997e-07
2706	6.93081e-07
2707	7.32461e-07
2708	7.92667e-07
2709	7.37281e-07
2710	6.37216e-07
2711	6.81469e-07
2712	6.97561e-07
2713	7.86935e-07
2714	7.33399e-07
2715	6.32361e-07
2716	6.62138e-07
2717	6.50152e-07
2718	7.41376e-07
2719	6.92448e-07
2720	6.2234e-07
2721	6.19581e-07
2722	5.96697e-07
2723	6.64204e-07
2724	1.2071e-06
2725	6.11594e-07
2726	5.99644e-07
2727	5.93841e-07
2728	6.31745e-07
2729	6.64874e-07
2730	6.44866e-07
2731	6.25427e-07
2732	6.61968e-07
2733	6.26182e-07
2734	6.98383e-07
2735	6.52712e-07
2736	6.49226e-07
2737	7.03402e-07
2738	6.34794e-07
2739	7.23126e-07
2740	6.45353e-07
2741	6.59802e-07
2742	6.8067e-07
2743	6.5212e-07
2744	7.49601e-07
2745	6.66476e-07
2746	6.39417e-07
2747	6.30317e-07
2748	6.52672e-07
2749	7.41885e-07
2750	6.74279e-07
2751	6.13317e-07
2752	5.94578e-07
2753	6.3656e-07
2754	7.17977e-07
2755	6.6234e-07
2756	6.00784e-07
2757	5.76393e-07
2758	5.99898e-07
2759	6.68107e-07
2760	1.15671e-06
2761	5.76662e-07
2762	5.72172e-07
2763	1.07436e-06
2764	6.18229e-07
2765	6.13678e-07
2766	1.02572e-06
2767	5.94382e-07
2768	5.66335e-07
2769	5.67451e-07
2770	5.80069e-07
2771	1.0206e-06
2772	5.89603e-07
2773	5.49358e-07
2774	5.48823e-07
2775	1.13191e-06
2776	1.06324e-06
2777	6.01151e-07
2778	5.71244e-07
2779	5.73103e-07
2780	6.3531e-07
2781	1.077e-06
2782	5.99607e-07
2783	5.89329e-07
2784	1.06524e-06
2785	6.47538e-07
2786	1.03913e-06
2787	1.0386e-06
2788	5.7207e-07
2789	1.05688e-06
2790	6.5297e-07
2791	5.94319e-07
2792	1.04711e-06
2793	5.77257e-07
2794	1.06097e-06
2795	6.50197e-07
2796	6.23899e-07
2797	1.05026e-06
2798	5.76042e-07
2799	5.52842e-07
2800	6.42568e-07
2801	6.26246e-07
2802	1.0043e-06
2803	5.71318e-07
2804	5.44053e-07
2805	6.18777e-07
2806	6.03193e-07
2807	9.44366e-07
2808	5.50366e-07
2809	9.76492e-07
2810	1.03779e-06
2811	1.05326e-06
2812	8.94288e-07
2813	1.03204e-06
2814	9.9593e-07
2815	1.01198e-06
2816	5.33928e-07
2817	9.33904e-07
2818	1.03897e-06
2819	5.28114e-07
2820	9.80676e-07
2821	1.06915e-06
2822	5.0116e-07
2823	1.03357e-06
2824	5.32446e-07
2825	9.48501e-07
2826	1.10923e-06
2827	5.53075e-07
2828	9.98105e-07
2829	5.53298e-07
2830	9.64003e-07
2831	5.9493e-07
2832	5.52996e-07
2833	8.86589e-07
2834	5.56965e-07
2835	9.82739e-07
2836	6.10625e-07
2837	5.60847e-07
2838	8.99986e-07
2839	5.77159e-07
2840	5.72882e-07
2841	6.085e-07
2842	5.81889e-07
2843	5.13333e-07
2844	5.7647e-07
2845	5.89345e-07
2846	5.78235e-07
2847	5.81132e-07
2848	5.25167e-07
2849	1.07816e-06
2850	5.93842e-07
2851	1.03736e-06
2852	5.75472e-07
2853	5.15251e-07
2854	1.00195e-06
2855	6.01389e-07
2856	5.8818e-07
2857	5.80648e-07
2858	5.1973e-07
2859	9.90295e-07
2860	6.13514e-07
2861	6.03418e-07
2862	5.75706e-07
2863	5.42036e-07
2864	5.46896e-07
2865	5.86286e-07
2866	5.77872e-07
2867	1.08e-06
2868	5.54688e-07
2869	5.78549e-07
2870	5.72119e-07
2871	1.10214e-06
2872	5.78572e-07
2873	5.76616e-07
2874	6.06964e-07
2875	5.90358e-07
2876	5.75574e-07
2877	6.15541e-07
2878	6.38385e-07
2879	6.30214e-07
2880	6.02904e-07
2881	6.21517e-07
2882	6.57379e-07
2883	6.50257e-07
2884	6.0832e-07
2885	6.13132e-07
2886	6.58633e-07
2887	6.83308e-07
2888	6.45255e-07
2889	6.19201e-07
2890	6.31298e-07
2891	6.91731e-07
2892	6.90361e-07
2893	6.56178e-07
2894	6.47972e-07
2895	6.46726e-07
2896	7.08661e-07
2897	6.8429e-07
2898	6.51411e-07
2899	6.51162e-07
2900	6.56086e-07
2901	6.8995e-07
2902	6.98034e-07
2903	6.45206e-07
2904	6.25878e-07
2905	6.41609e-07
2906	6.66156e-07
2907	7.22615e-07
2908	6.74137e-07
2909	5.86233e-07
2910	6.32434e-07
2911	6.52843e-07
2912	7.24704e-07
2913	7.03022e-07
2914	1.04793e-06
2915	6.29965e-07
2916	6.1969e-07
2917	6.76953e-07
2918	6.79957e-07
2919	5.99739e-07
2920	6.6553e-07
2921	6.21056e-07
2922	6.74133e-07
2923	7.08445e-07
2924	6.85032e-07
2925	7.23907e-07
2926	6.90656e-07
2927	7.03699e-07
2928	7.44193e-07
2929	7.25215e-07
2930	7.53909e-07
2931	7.29767e-07
2932	7.22294e-07
2933	7.63621e-07
2934	7.44118e-07
2935	7.68805e-07
2936	7.28984e-07
2937	7.61009e-07
2938	7.82246e-07
2939	7.38082e-07
2940	7.27313e-07
2941	7.06305e-07
2942	7.46213e-07
2943	7.93786e-07
2944	7.31884e-07
2945	6.69049e-07
2946	7.07176e-07
2947	7.10727e-07
2948	7.88667e-07
2949	7.43578e-07
2950	6.24591e-07
2951	7.00875e-07
2952	6.77854e-07
2953	7.63382e-07
2954	7.44072e-07
2955	5.95869e-07
2956	6.84674e-07
2957	6.43646e-07
2958	7.37206e-07
2959	7.41898e-07
2960	6.3191e-07
2961	6.82862e-07
2962	6.473e-07
2963	7.07705e-07
2964	7.34238e-07
2965	6.9055e-07
2966	6.76595e-07
2967	6.81093e-07
2968	6.90769e-07
2969	7.52935e-07
2970	7.07708e-07
2971	7.09296e-07
2972	7.26135e-07
2973	7.04615e-07
2974	7.82018e-07
2975	7.23444e-07
2976	7.06544e-07
2977	7.40438e-07
2978	7.1674e-07
2979	7.63565e-07
2980	7.11062e-07
2981	6.40032e-07
2982	6.88591e-07
2983	6.99979e-07
2984	7.78692e-07
2985	7.33862e-07
2986	6.03739e-07
2987	6.44408e-07
2988	6.63717e-07
2989	7.80935e-07
2990	7.26007e-07
2991	5.9778e-07
2992	6.25991e-07
2993	6.26366e-07
2994	7.45004e-07
2995	7.26776e-07
2996	6.21567e-07
2997	6.46026e-07
2998	6.4219e-07
2999	6.79964e-07
3000	7.26434e-07
3001	6.78236e-07
3002	6.73049e-07
3003	6.99854e-07
3004	6.35623e-07
3005	7.16682e-07
3006	6.94825e-07
3007	6.64454e-07
3008	7.03346e-07
3009	6.51758e-07
3010	7.30932e-07
3011	6.80083e-07
3012	6.59014e-07
3013	6.74355e-07
3014	6.6225e-07
3015	7.3287e-07
3016	6.74716e-07
3017	6.41457e-07
3018	6.48998e-07
3019	6.66277e-07
3020	7.39835e-07
3021	7.02171e-07
3022	6.38991e-07
3023	6.45785e-07
3024	6.54742e-07
3025	7.43273e-07
3026	7.10518e-07
3027	6.25243e-07
3028	6.00824e-07
3029	1.11877e-06
3030	7.11823e-07
3031	6.77434e-07
3032	6.05831e-07
3033	5.79297e-07
3034	5.84873e-07
3035	6.70048e-07
3036	6.60656e-07
3037	5.91923e-07
3038	5.99756e-07
3039	6.12345e-07
3040	6.1187e-07
3041	6.46159e-07
3042	1.13959e-06
3043	6.51182e-07
3044	6.7285e-07
3045	6.17666e-07
3046	6.55301e-07
3047	6.22526e-07
3048	6.78462e-07
3049	6.84276e-07
3050	6.21117e-07
3051	6.97316e-07
3052	1.14474e-06
3053	6.35558e-07
3054	6.14102e-07
3055	1.1235e-06
3056	7.324e-07
3057	6.5438e-07
3058	6.01302e-07
3059	5.54934e-07
3060	6.09463e-07
3061	6.96921e-07
3062	6.29019e-07
3063	5.80889e-07
3064	1.08749e-06
3065	5.76609e-07
3066	6.30891e-07
3067	5.80031e-07
3068	1.07362e-06
3069	5.87022e-07
3070	5.69657e-07
3071	6.0539e-07
3072	5.98847e-07
3073	1.03265e-06
3074	5.96929e-07
3075	1.03415e-06
3076	1.0881e-06
3077	1.0938e-06
3078	9.5271e-07
3079	5.62281e-07
3080	9.94764e-07
3081	5.65467e-07
3082	1.091e-06
3083	9.37289e-07
3084	1.04865e-06
3085	5.07373e-07
3086	1.0224e-06
3087	1.09821e-06
3088	9.54943e-07
3089	1.03086e-06
3090	5.32887e-07
3091	1.0288e-06
3092	5.75783e-07
3093	1.01809e-06
3094	1.0348e-06
3095	5.86892e-07
3096	1.03316e-06
3097	6.09547e-07
3098	5.58297e-07
3099	1.00974e-06
3100	5.94602e-07
3101	9.88313e-07
3102	6.14957e-07
3103	5.70196e-07
3104	9.57961e-07
3105	5.70346e-07
3106	1.00068e-06
3107	6.12646e-07
3108	5.81082e-07
3109	9.46017e-07
3110	5.45607e-07
3111	5.24034e-07
3112	5.92639e-07
3113	5.4888e-07
3114	9.40883e-07
3115	5.46662e-07
3116	5.129e-07
3117	1.06146e-06
3118	5.36592e-07
3119	9.48085e-07
3120	5.36396e-07
3121	5.28057e-07
3122	1.00405e-06
3123	5.6414e-07
3124	5.17516e-07
3125	1.02667e-06
3126	5.47042e-07
3127	9.86328e-07
3128	5.93065e-07
3129	5.48694e-07
3130	1.03784e-06
3131	5.80367e-07
3132	5.54798e-07
3133	5.90967e-07
3134	5.42143e-07
3135	1.04033e-06
3136	5.98658e-07
3137	5.61461e-07
3138	5.8746e-07
3139	5.43936e-07
3140	5.54784e-07
3141	6.072e-07
3142	5.86037e-07
3143	6.18801e-07
3144	5.98314e-07
3145	5.89671e-07
3146	6.11122e-07
3147	6.16527e-07
3148	6.37838e-07
3149	6.41349e-07
3150	6.06409e-07
3151	6.24727e-07
3152	6.23616e-07
3153	6.4606e-07
3154	6.31136e-07
3155	5.96437e-07
3156	6.1014e-07
3157	6.56474e-07
3158	6.62605e-07
3159	6.19872e-07
3160	5.77973e-07
3161	5.7819e-07
3162	6.77899e-07
3163	6.54087e-07
3164	6.05728e-07
3165	5.83023e-07
3166	5.88831e-07
3167	6.78149e-07
3168	6.57918e-07
3169	6.18477e-07
3170	6.10766e-07
3171	6.23543e-07
3172	6.52893e-07
3173	6.46645e-07
3174	6.2048e-07
3175	6.16296e-07
3176	6.43277e-07
3177	6.32252e-07
3178	6.51059e-07
3179	6.43827e-07
3180	6.12849e-07
3181	6.47318e-07
3182	6.24099e-07
3183	6.69222e-07
3184	6.68797e-07
3185	5.90127e-07
3186	6.43752e-07
3187	6.31168e-07
3188	6.90807e-07
3189	7.08724e-07
3190	6.01445e-07
3191	6.67356e-07
3192	6.41068e-07
3193	7.16366e-07
3194	7.44302e-07
3195	6.6513e-07
3196	7.19836e-07
3197	6.74941e-07
3198	7.2352e-07
3199	7.49231e-07
3200	7.14794e-07
3201	7.44101e-07
3202	7.25909e-07
3203	7.28539e-07
3204	7.45116e-07
3205	7.21752e-07
3206	7.45393e-07
3207	7.06366e-07
3208	7.34826e-07
3209	7.33982e-07
3210	6.96861e-07
3211	6.97966e-07
3212	6.70386e-07
3213	7.26058e-07
3214	7.47799e-07
3215	6.9108e-07
3216	6.51416e-07
3217	6.74689e-07
3218	7.13065e-07
3219	7.87438e-07
3220	7.32141e-07
3221	6.11569e-07
3222	6.85407e-07
3223	6.68676e-07
3224	7.61475e-07
3225	7.22935e-07
3226	1.04681e-06
3227	6.86113e-07
3228	6.47415e-07
3229	7.27223e-07
3230	7.17347e-07
3231	6.10126e-07
3232	6.79051e-07
3233	6.4207e-07
3234	7.22011e-07
3235	7.44485e-07
3236	6.72813e-07
3237	6.90806e-07
3238	6.89523e-07
3239	7.3377e-07
3240	7.79252e-07
3241	7.10221e-07
3242	7.20504e-07
3243	7.20245e-07
3244	7.31366e-07
3245	7.91822e-07
3246	7.13254e-07
3247	7.11077e-07
3248	7.25874e-07
3249	7.05924e-07
3250	7.58144e-07
3251	7.0221e-07
3252	6.68743e-07
3253	6.94999e-07
3254	6.82814e-07
3255	7.36836e-07
3256	6.9819e-07
3257	5.95834e-07
3258	6.2929e-07
3259	6.3905e-07
3260	7.20397e-07
3261	6.96893e-07
3262	5.69911e-07
3263	6.23589e-07
3264	6.17686e-07
3265	7.34891e-07
3266	7.33265e-07
3267	6.28263e-07
3268	6.6942e-07
3269	6.45423e-07
3270	7.02207e-07
3271	7.4705e-07
3272	6.95782e-07
3273	6.92257e-07
3274	7.13326e-07
3275	6.7073e-07
3276	7.61257e-07
3277	7.2299e-07
3278	7.03571e-07
3279	7.22614e-07
3280	6.93034e-07
3281	7.73834e-07
3282	7.16448e-07
3283	6.79063e-07
3284	6.97068e-07
3285	7.21423e-07
3286	7.70063e-07
3287	7.21611e-07
3288	6.41989e-07
3289	6.69733e-07
3290	7.03767e-07
3291	7.89038e-07
3292	7.46354e-07
3293	6.28694e-07
3294	6.58256e-07
3295	6.52387e-07
3296	7.68058e-07
3297	7.28181e-07
3298	6.28243e-07
3299	6.4098e-07
3300	6.17644e-07
3301	7.01312e-07
3302	6.88384e-07
3303	6.2685e-07
3304	6.24125e-07
3305	6.05499e-07
3306	6.27791e-07
3307	6.56528e-07
3308	6.49083e-07
3309	6.16434e-07
3310	6.35168e-07
3311	6.14678e-07
3312	6.82361e-07
3313	6.67976e-07
3314	6.45982e-07
3315	6.84996e-07
3316	6.40603e-07
3317	7.43146e-07
3318	6.63201e-07
3319	6.50726e-07
3320	6.92684e-07
3321	6.42869e-07
3322	7.49765e-07
3323	6.74059e-07
3324	6.51064e-07
3325	6.59597e-07
3326	6.62029e-07
3327	7.31515e-07
3328	6.76463e-07
3329	6.2199e-07
3330	6.0986e-07
3331	6.27912e-07
3332	7.11683e-07
3333	6.56072e-07
3334	6.01024e-07
3335	5.7552e-07
3336	5.86906e-07
3337	6.77135e-07
3338	1.15943e-06
3339	5.81486e-07
3340	5.6547e-07
3341	1.07172e-06
3342	6.30268e-07
3343	1.13669e-06
3344	1.04151e-06
3345	5.84413e-07
3346	6.01385e-07
3347	5.78848e-07
3348	1.13271e-06
3349	1.07735e-06
3350	6.18186e-07
3351	6.03792e-07
3352	5.70483e-07
3353	1.14175e-06
3354	1.09981e-06
3355	6.1933e-07
3356	5.85305e-07
3357	5.71058e-07
3358	6.34313e-07
3359	1.10706e-06
3360	6.09448e-07
3361	5.87499e-07
3362	5.82915e-07
3363	6.80094e-07
3364	1.10859e-06
3365	5.72456e-07
3366	5.80118e-07
3367	1.081e-06
3368	6.59664e-07
3369	6.119e-07
3370	1.03543e-06
3371	5.66743e-07
3372	1.08873e-06
3373	6.41067e-07
3374	6.08183e-07
3375	1.0581e-06
3376	5.89317e-07
3377	5.60686e-07
3378	6.36614e-07
3379	6.07884e-07
3380	1.0258e-06
3381	5.83587e-07
3382	5.32298e-07
3383	6.10985e-07
3384	5.87299e-07
3385	9.71993e-07
3386	5.60295e-07
3387	5.16975e-07
3388	5.69605e-07
3389	5.51129e-07
3390	9.15234e-07
3391	5.44689e-07
3392	5.34671e-07
3393	5.45881e-07
3394	1.06505e-06
3395	9.49565e-07
3396	1.06454e-06
3397	5.67976e-07
3398	1.00662e-06
3399	1.10521e-06
3400	5.47295e-07
3401	1.06622e-06
3402	5.58228e-07
3403	9.75392e-07
3404	1.1366e-06
3405	5.39394e-07
3406	1.01841e-06
3407	5.52654e-07
3408	9.87964e-07
3409	1.15473e-06
3410	5.45683e-07
3411	9.58298e-07
3412	5.67306e-07
3413	5.51045e-07
3414	6.39536e-07
3415	5.83654e-07
3416	9.20888e-07
3417	5.74393e-07
3418	5.60253e-07
3419	1.09216e-06
3420	5.82972e-07
3421	9.49516e-07
3422	5.65455e-07
3423	5.6858e-07
3424	1.06411e-06
3425	5.85159e-07
3426	5.29253e-07
3427	1.07938e-06
3428	5.83578e-07
3429	5.54252e-07
3430	5.75346e-07
3431	5.36537e-07
3432	1.04479e-06
3433	5.86288e-07
3434	5.62706e-07
3435	5.77479e-07
3436	5.40427e-07
3437	1.02685e-06
3438	6.13964e-07
3439	6.01619e-07
3440	5.90907e-07
3441	5.63983e-07
3442	5.76109e-07
3443	6.13986e-07
3444	6.1554e-07
3445	6.04547e-07
3446	5.79853e-07
3447	6.08916e-07
3448	6.26186e-07
3449	6.11501e-07
3450	6.15914e-07
3451	5.76055e-07
3452	6.17828e-07
3453	6.21795e-07
3454	5.99557e-07
3455	6.22018e-07
3456	5.77097e-07
3457	6.12756e-07
3458	6.13652e-07
3459	6.50993e-07
3460	6.85501e-07
3461	6.24238e-07
3462	6.44195e-07
3463	6.23924e-07
3464	6.9853e-07
3465	7.16648e-07
3466	6.4486e-07
3467	6.52528e-07
3468	6.48247e-07
3469	7.17209e-07
3470	7.28927e-07
3471	6.75717e-07
3472	7.03389e-07
3473	6.73966e-07
3474	7.49438e-07
3475	7.28608e-07
3476	6.80647e-07
3477	7.03432e-07
3478	6.72855e-07
3479	7.59702e-07
3480	7.40813e-07
3481	6.65715e-07
3482	6.63792e-07
3483	6.59819e-07
3484	7.33714e-07
3485	7.52089e-07
3486	6.88961e-07
3487	6.27431e-07
3488	6.70761e-07
3489	6.8711e-07
3490	7.33358e-07
3491	7.06945e-07
3492	6.02382e-07
3493	6.75728e-07
3494	6.43892e-07
3495	7.06726e-07
3496	7.01169e-07
3497	6.22545e-07
3498	6.86708e-07
3499	6.18085e-07
3500	6.64985e-07
3501	6.85708e-07
3502	6.53641e-07
3503	6.6768e-07
3504	6.45733e-07
3505	6.78198e-07
3506	7.09041e-07
3507	6.84944e-07
3508	7.06198e-07
3509	6.9733e-07
3510	7.32759e-07
3511	7.67659e-07
3512	7.08248e-07
3513	7.23225e-07
3514	6.97304e-07
3515	7.39767e-07
3516	7.65455e-07
3517	6.98711e-07
3518	6.85375e-07
3519	6.85388e-07
3520	7.20731e-07
3521	7.69892e-07
3522	7.02937e-07
3523	6.40261e-07
3524	6.78454e-07
3525	6.80486e-07
3526	7.59647e-07
3527	7.14887e-07
3528	6.03943e-07
3529	6.70405e-07
3530	6.56747e-07
3531	7.50649e-07
3532	7.32981e-07
3533	6.03e-07
3534	6.79051e-07
3535	6.37135e-07
3536	7.41674e-07
3537	7.56724e-07
3538	6.55584e-07
3539	6.89074e-07
3540	6.70097e-07
3541	7.22274e-07
3542	7.67148e-07
3543	6.9963e-07
3544	7.09355e-07
3545	7.05648e-07
3546	7.17899e-07
3547	7.5848e-07
3548	7.15985e-07
3549	7.10147e-07
3550	6.94733e-07
3551	7.00327e-07
3552	7.4014e-07
3553	7.00401e-07
3554	6.74271e-07
3555	6.88256e-07
3556	6.95209e-07
3557	7.61225e-07
3558	7.27348e-07
3559	6.30875e-07
3560	6.74651e-07
3561	6.77304e-07
3562	7.65276e-07
3563	7.30757e-07
3564	1.03353e-06
3565	6.42977e-07
3566	6.33377e-07
3567	7.42915e-07
3568	7.20181e-07
3569	6.14968e-07
3570	6.56631e-07
3571	6.19682e-07
3572	7.1334e-07
3573	7.32587e-07
3574	6.839e-07
3575	6.76816e-07
3576	6.84701e-07
3577	6.81659e-07
3578	7.5275e-07
3579	7.11551e-07
3580	6.97931e-07
3581	7.19452e-07
3582	6.83727e-07
3583	7.72731e-07
3584	7.14751e-07
3585	6.9085e-07
3586	7.0911e-07
3587	6.96254e-07
3588	7.53873e-07
3589	7.06205e-07
3590	6.3714e-07
3591	6.64195e-07
3592	6.88416e-07
3593	7.52816e-07
3594	7.14513e-07
3595	5.98336e-07
3596	6.19453e-07
3597	6.37064e-07
3598	7.25798e-07
3599	6.79864e-07
3600	5.90916e-07
3601	6.15132e-07
3602	5.95419e-07
3603	6.77451e-07
3604	6.79077e-07
3605	6.4828e-07
3606	6.69082e-07
3607	6.72642e-07
3608	6.39636e-07
3609	7.0987e-07
3610	7.15826e-07
3611	6.98255e-07
3612	7.24414e-07
3613	6.4113e-07
3614	7.32909e-07
3615	7.17573e-07
3616	6.79036e-07
3617	7.03701e-07
3618	6.78771e-07
3619	7.4985e-07
3620	6.9328e-07
3621	6.41673e-07
3622	6.61836e-07
3623	6.97226e-07
3624	7.50722e-07
3625	6.92417e-07
3626	6.36056e-07
3627	6.67668e-07
3628	6.79878e-07
3629	7.46373e-07
3630	6.96521e-07
3631	6.4429e-07
3632	6.72852e-07
3633	6.53736e-07
3634	7.20555e-07
3635	6.90911e-07
3636	6.34607e-07
3637	6.48732e-07
3638	6.28209e-07
3639	6.71961e-07
3640	1.21145e-06
3641	6.30813e-07
3642	6.1983e-07
3643	6.11033e-07
3644	6.4214e-07
3645	1.22066e-06
3646	6.39973e-07
3647	6.09471e-07
3648	6.14842e-07
3649	6.17163e-07
3650	6.69021e-07
3651	6.31008e-07
3652	6.44124e-07
3653	6.76175e-07
3654	6.35169e-07
3655	7.16359e-07
3656	6.41261e-07
3657	6.72866e-07
3658	6.98557e-07
3659	6.4204e-07
3660	7.35221e-07
3661	6.47871e-07
3662	6.4361e-07
3663	6.54931e-07
3664	6.41458e-07
3665	7.3435e-07
3666	6.65224e-07
3667	6.23276e-07
3668	6.10051e-07
3669	6.33402e-07
3670	7.07442e-07
3671	6.47029e-07
3672	6.02399e-07
3673	5.91215e-07
3674	6.02936e-07
3675	6.62094e-07
3676	6.34346e-07
3677	1.08914e-06
3678	5.93988e-07
3679	5.88545e-07
3680	6.18717e-07
3681	6.24607e-07
3682	1.0414e-06
3683	6.09562e-07
3684	5.81869e-07
3685	1.09246e-06
3686	5.99867e-07
3687	9.9221e-07
3688	5.96041e-07
3689	5.60055e-07
3690	1.06864e-06
3691	5.90602e-07
3692	1.01487e-06
3693	5.77861e-07
3694	5.39917e-07
3695	1.05927e-06
3696	5.85843e-07
3697	1.0189e-06
3698	5.54253e-07
3699	5.46416e-07
3700	5.4988e-07
3701	5.94802e-07
3702	1.05024e-06
3703	1.06775e-06
3704	6.00721e-07
3705	1.07123e-06
3706	6.26521e-07
3707	5.77213e-07
3708	1.01977e-06
3709	6.00325e-07
3710	1.02574e-06
3711	6.37193e-07
3712	6.0867e-07
3713	9.93123e-07
3714	5.72525e-07
3715	5.69943e-07
3716	6.53635e-07
3717	6.22183e-07
3718	9.80823e-07
3719	5.60407e-07
3720	5.70658e-07
3721	6.25371e-07
3722	5.806e-07
3723	9.61614e-07
3724	5.53805e-07
3725	5.40521e-07
3726	5.69668e-07
3727	5.46995e-07
3728	5.16946e-07
3729	1.04432e-06
3730	1.03145e-06
3731	1.00955e-06
3732	5.58164e-07
3733	5.26108e-07
3734	1.0247e-06
3735	1.04097e-06
3736	9.92212e-07
3737	5.88325e-07
3738	5.36381e-07
3739	1.0265e-06
3740	5.56154e-07
3741	5.30695e-07
3742	5.65794e-07
3743	5.02401e-07
3744	1.00206e-06
3745	5.61668e-07
3746	5.11248e-07
3747	5.56701e-07
3748	5.00855e-07
3749	1.00981e-06
3750	5.90397e-07
3751	5.57944e-07
3752	5.96807e-07
3753	5.92072e-07
3754	5.52932e-07
3755	6.02859e-07
3756	6.04645e-07
3757	6.12025e-07
3758	6.19569e-07
3759	5.72377e-07
3760	6.15969e-07
3761	6.12995e-07
3762	6.27759e-07
3763	6.33368e-07
3764	6.17131e-07
3765	6.1207e-07
3766	6.71615e-07
3767	6.53773e-07
3768	6.27776e-07
3769	6.14126e-07
3770	5.92327e-07
3771	7.14984e-07
3772	6.84829e-07
3773	6.22605e-07
3774	5.90817e-07
3775	5.99813e-07
3776	7.26169e-07
3777	7.03417e-07
3778	6.4558e-07
3779	5.80372e-07
3780	6.18619e-07
3781	6.86438e-07
3782	6.77289e-07
3783	6.38157e-07
3784	5.87607e-07
3785	6.34067e-07
3786	6.30965e-07
3787	6.2768e-07
3788	6.19978e-07
3789	6.06559e-07
3790	6.50594e-07
3791	5.94065e-07
3792	6.00232e-07
3793	6.24948e-07
3794	6.21829e-07
3795	6.51942e-07
3796	5.94103e-07
3797	6.26939e-07
3798	6.7012e-07
3799	6.71037e-07
3800	6.65482e-07
3801	6.51326e-07
3802	6.92851e-07
3803	7.30017e-07
3804	6.89569e-07
3805	6.92107e-07
3806	6.56707e-07
3807	7.26411e-07
3808	7.32536e-07
3809	6.79175e-07
3810	6.7927e-07
3811	6.53148e-07
3812	7.51837e-07
3813	7.26207e-07
3814	6.60012e-07
3815	6.41168e-07
3816	6.42805e-07
3817	7.04447e-07
3818	7.05137e-07
3819	6.54136e-07
3820	6.04794e-07
3821	6.38222e-07
3822	6.60061e-07
3823	7.02464e-07
3824	6.72888e-07
3825	6.00143e-07
3826	6.55969e-07
3827	6.23509e-07
3828	6.98687e-07
3829	6.86416e-07
3830	6.10778e-07
3831	6.64478e-07
3832	5.97186e-07
3833	6.91671e-07
3834	7.00697e-07
3835	6.61193e-07
3836	6.76965e-07
3837	6.39538e-07
3838	6.83497e-07
3839	6.96969e-07
3840	6.79048e-07
3841	6.833e-07
3842	6.72301e-07
3843	7.04537e-07
3844	7.05051e-07
3845	6.81562e-07
3846	6.80498e-07
3847	6.70678e-07
3848	7.36394e-07
3849	7.31474e-07
3850	6.82244e-07
3851	6.55009e-07
3852	6.73664e-07
3853	7.17484e-07
3854	7.39078e-07
3855	6.84467e-07
3856	6.1796e-07
3857	6.52442e-07
3858	6.75283e-07
3859	7.33997e-07
3860	6.89064e-07
3861	6.08033e-07
3862	6.52274e-07
3863	6.36097e-07
3864	7.26786e-07
3865	6.96846e-07
3866	6.16201e-07
3867	6.65989e-07
3868	6.17243e-07
3869	6.92313e-07
3870	6.90985e-07
3871	6.71748e-07
3872	6.88477e-07
3873	6.80049e-07
3874	6.99575e-07
3875	7.22025e-07
3876	6.95227e-07
3877	7.22434e-07
3878	7.04655e-07
3879	7.13271e-07
3880	7.34182e-07
3881	6.99325e-07
3882	7.02621e-07
3883	7.01199e-07
3884	7.2982e-07
3885	7.45375e-07
3886	6.9883e-07
3887	6.65365e-07
3888	6.69777e-07
3889	7.08204e-07
3890	7.37261e-07
3891	6.91057e-07
3892	6.20711e-07
3893	6.40182e-07
3894	6.69375e-07
3895	7.34024e-07
3896	6.99541e-07
3897	6.13815e-07
3898	6.6788e-07
3899	6.34706e-07
3900	7.30512e-07
3901	7.07413e-07
3902	6.4265e-07
3903	6.96931e-07
3904	6.40473e-07
3905	6.89455e-07
3906	7.05061e-07
3907	6.90601e-07
3908	7.07997e-07
3909	6.96101e-07
3910	7.02393e-07
3911	7.3537e-07
3912	7.05276e-07
3913	7.12263e-07
3914	7.0457e-07
3915	7.2481e-07
3916	7.5446e-07
3917	7.10936e-07
3918	6.89321e-07
3919	6.88596e-07
3920	7.40721e-07
3921	7.77613e-07
3922	7.22151e-07
3923	6.70379e-07
3924	6.83881e-07
3925	7.16225e-07
3926	8.00189e-07
3927	7.51293e-07
3928	6.26316e-07
3929	6.68502e-07
3930	6.68473e-07
3931	7.59064e-07
3932	7.19377e-07
3933	6.07822e-07
3934	6.65881e-07
3935	6.20403e-07
3936	6.96216e-07
3937	6.87506e-07
3938	6.26128e-07
3939	6.66567e-07
3940	6.2423e-07
3941	6.51005e-07
3942	6.85623e-07
3943	6.92415e-07
3944	6.95945e-07
3945	7.01536e-07
3946	6.89195e-07
3947	7.56927e-07
3948	7.40879e-07
3949	7.42975e-07
3950	7.41592e-07
3951	7.1617e-07
3952	7.94646e-07
3953	7.38235e-07
3954	7.1015e-07
3955	7.24881e-07
3956	7.30766e-07
3957	7.91741e-07
3958	7.30361e-07
3959	6.61242e-07
3960	6.85573e-07
3961	7.17528e-07
3962	7.85639e-07
3963	7.35251e-07
3964	5.93852e-07
3965	6.40899e-07
3966	6.78708e-07
3967	7.67007e-07
3968	7.20099e-07
3969	5.87998e-07
3970	6.50376e-07
3971	6.31273e-07
3972	7.43181e-07
3973	7.30239e-07
3974	6.40365e-07
3975	6.93839e-07
3976	6.7073e-07
3977	6.75943e-07
3978	7.28673e-07
3979	7.18676e-07
3980	7.14947e-07
3981	7.36344e-07
3982	6.49028e-07
3983	7.3603e-07
3984	7.23183e-07
3985	7.02464e-07
3986	7.09637e-07
3987	6.69934e-07
3988	7.37161e-07
3989	7.01594e-07
3990	6.55028e-07
3991	6.63096e-07
3992	7.00255e-07
3993	7.43452e-07
3994	7.05235e-07
3995	6.27101e-07
3996	6.55589e-07
3997	6.89455e-07
3998	7.79717e-07
3999	7.31924e-07
4000	6.13469e-07
4001	6.48448e-07
4002	6.3506e-07
4003	7.45464e-07
4004	7.02343e-07
4005	6.21753e-07
4006	6.43773e-07
4007	6.23006e-07
4008	6.86554e-07
4009	6.82819e-07
4010	6.36788e-07
4011	6.41875e-07
4012	6.34072e-07
4013	6.36996e-07
4014	6.86939e-07
4015	6.71184e-07
4016	6.40919e-07
4017	6.64822e-07
4018	6.38704e-07
4019	7.14276e-07
4020	6.74103e-07
4021	6.43239e-07
4022	6.81458e-07
4023	6.4844e-07
4024	7.58234e-07
4025	6.74837e-07
4026	6.49082e-07
4027	6.92064e-07
4028	6.59047e-07
4029	7.52818e-07
4030	6.80858e-07
4031	6.56829e-07
4032	6.58092e-07
4033	6.60325e-07
4034	7.19362e-07
4035	6.66047e-07
4036	6.26381e-07
4037	6.07087e-07
4038	6.11189e-07
4039	6.94596e-07
4040	6.43615e-07
4041	6.12854e-07
4042	5.8662e-07
4043	5.87902e-07
4044	6.81136e-07
4045	6.50722e-07
4046	6.03392e-07
4047	5.96435e-07
4048	5.96461e-07
4049	6.42125e-07
4050	6.62524e-07
4051	1.08261e-06
4052	6.09722e-07
4053	6.21929e-07
4054	6.04375e-07
4055	6.5189e-07
4056	1.13028e-06
4057	6.47993e-07
4058	6.34403e-07
4059	6.06276e-07
4060	6.52956e-07
4061	1.13979e-06
4062	6.53136e-07
4063	6.25419e-07
4064	6.03591e-07
4065	6.88278e-07
4066	1.13231e-06
4067	6.13524e-07
4068	5.90468e-07
4069	5.97265e-07
4070	7.08507e-07
4071	6.32795e-07
4072	5.85581e-07
4073	5.70059e-07
4074	1.10237e-06
4075	6.70464e-07
4076	6.39545e-07
4077	1.06848e-06
4078	5.6657e-07
4079	1.09286e-06
4080	6.34434e-07
4081	6.06744e-07
4082	1.05674e-06
4083	5.80486e-07
4084	1.03984e-06
4085	6.092e-07
4086	5.72876e-07
4087	1.01535e-06
4088	5.7303e-07
4089	1.00784e-06
4090	5.85473e-07
4091	1.11141e-06
4092	9.57421e-07
4093	5.66318e-07
4094	5.18885e-07
4095	1.06558e-06
4096	1.08355e-06
4097	9.12464e-07
4098	1.03913e-06
4099	5.31855e-07
4100	9.88284e-07
4101	1.0637e-06
4102	9.72279e-07
4103	1.04265e-06
4104	5.72097e-07
4105	1.01692e-06
4106	5.88601e-07
4107	5.49963e-07
4108	1.04922e-06
4109	5.89056e-07
4110	1.01513e-06
4111	6.18676e-07
4112	5.52685e-07
4113	1.00563e-06
4114	5.83079e-07
4115	1.01715e-06
4116	6.35045e-07
4117	5.74963e-07
4118	9.4327e-07
4119	5.66794e-07
4120	5.51933e-07
4121	6.25229e-07
4122	5.92599e-07
4123	9.15523e-07
4124	5.55742e-07
4125	5.49148e-07
4126	5.85868e-07
4127	5.7188e-07
4128	9.50431e-07
4129	5.46456e-07
4130	5.36675e-07
4131	1.04328e-06
4132	5.57332e-07
4133	5.16548e-07
4134	5.49903e-07
4135	5.43748e-07
4136	5.2709e-07
4137	5.53798e-07
4138	5.23694e-07
4139	1.04758e-06
4140	5.55749e-07
4141	5.36934e-07
4142	5.67872e-07
4143	5.43942e-07
4144	1.03163e-06
4145	5.76185e-07
4146	5.58263e-07
4147	5.67414e-07
4148	5.46488e-07
4149	1.0481e-06
4150	5.83869e-07
4151	5.70039e-07
4152	5.74111e-07
4153	5.5576e-07
4154	5.89688e-07
4155	5.93747e-07
4156	1.10249e-06
4157	6.03457e-07
4158	5.74242e-07
4159	5.91943e-07
4160	6.09715e-07
4161	6.07541e-07
4162	6.49379e-07
4163	6.2778e-07
4164	5.98789e-07
4165	6.19083e-07
4166	6.58013e-07
4167	6.96235e-07
4168	6.45562e-07
4169	6.01661e-07
4170	6.2561e-07
4171	6.97163e-07
4172	7.16841e-07
4173	6.44719e-07
4174	6.35074e-07
4175	6.32752e-07
4176	7.04498e-07
4177	6.91952e-07
4178	6.39539e-07
4179	6.4734e-07
4180	6.18943e-07
4181	6.85141e-07
4182	6.4969e-07
4183	6.27626e-07
4184	6.21897e-07
4185	6.0509e-07
4186	6.67336e-07
4187	6.55256e-07
4188	6.34449e-07
4189	6.19412e-07
4190	6.35692e-07
4191	6.71481e-07
4192	7.06057e-07
4193	6.84535e-07
4194	6.19693e-07
4195	6.70563e-07
4196	6.53879e-07
4197	6.95817e-07
4198	6.97707e-07
4199	6.1001e-07
4200	6.81019e-07
4201	6.46201e-07
4202	6.95839e-07
4203	7.03966e-07
4204	6.34885e-07
4205	7.01644e-07
4206	6.46766e-07
4207	6.94188e-07
4208	7.18936e-07
4209	6.7014e-07
4210	7.04018e-07
4211	6.70441e-07
4212	7.25378e-07
4213	7.49928e-07
4214	6.90789e-07
4215	7.28155e-07
4216	7.108e-07
4217	7.42797e-07
4218	7.74774e-07
4219	7.03833e-07
4220	7.33514e-07
4221	7.0708e-07
4222	7.51958e-07
4223	7.72932e-07
4224	7.02918e-07
4225	6.95633e-07
4226	6.8963e-07
4227	7.24212e-07
4228	7.65508e-07
4229	6.94273e-07
4230	6.32038e-07
4231	6.66215e-07
4232	6.7045e-07
4233	7.3313e-07
4234	6.88566e-07
4235	5.92674e-07
4236	6.60504e-07
4237	6.56578e-07
4238	7.41846e-07
4239	7.25474e-07
4240	5.8958e-07
4241	6.77704e-07
4242	6.46206e-07
4243	7.45171e-07
4244	7.46646e-07
4245	6.39937e-07
4246	6.88894e-07
4247	6.60684e-07
4248	7.23925e-07
4249	7.5479e-07
4250	7.00625e-07
4251	7.02611e-07
4252	7.06869e-07
4253	7.16304e-07
4254	7.83761e-07
4255	7.19292e-07
4256	7.19313e-07
4257	7.27187e-07
4258	7.1386e-07
4259	7.72376e-07
4260	7.14732e-07
4261	6.9351e-07
4262	7.21254e-07
4263	7.16943e-07
4264	7.69054e-07
4265	7.28054e-07
4266	6.39936e-07
4267	6.84613e-07
4268	6.92596e-07
4269	7.77352e-07
4270	7.47748e-07
4271	6.00006e-07
4272	6.43821e-07
4273	6.47467e-07
4274	7.67514e-07
4275	7.27153e-07
4276	6.04651e-07
4277	6.35722e-07
4278	6.07661e-07
4279	7.0747e-07
4280	7.13563e-07
4281	6.55253e-07
4282	6.55428e-07
4283	6.56696e-07
4284	6.55504e-07
4285	7.24461e-07
4286	7.18358e-07
4287	6.99778e-07
4288	7.31306e-07
4289	6.69866e-07
4290	7.6949e-07
4291	7.32282e-07
4292	6.97781e-07
4293	7.27683e-07
4294	6.90195e-07
4295	7.7053e-07
4296	7.12818e-07
4297	6.68618e-07
4298	6.90074e-07
4299	7.07832e-07
4300	7.74956e-07
4301	7.17898e-07
4302	6.44245e-07
4303	6.64195e-07
4304	6.78854e-07
4305	7.68956e-07
4306	7.23203e-07
4307	6.31634e-07
4308	6.37304e-07
4309	6.39031e-07
4310	7.44786e-07
4311	7.14053e-07
4312	6.32911e-07
4313	6.18676e-07
4314	6.08601e-07
4315	6.97686e-07
4316	6.9632e-07
4317	6.29309e-07
4318	6.08293e-07
4319	6.20407e-07
4320	6.37915e-07
4321	1.19937e-06
4322	6.49996e-07
4323	6.28758e-07
4324	6.50198e-07
4325	6.08293e-07
4326	6.73518e-07
4327	6.36107e-07
4328	6.50632e-07
4329	6.65358e-07
4330	6.09089e-07
4331	6.87009e-07
4332	6.25083e-07
4333	6.53351e-07
4334	6.4982e-07
4335	6.28095e-07
4336	7.29713e-07
4337	6.59916e-07
4338	6.34727e-07
4339	6.27594e-07
4340	6.36192e-07
4341	7.18765e-07
4342	6.62351e-07
4343	5.95849e-07
4344	1.10567e-06
4345	6.21435e-07
4346	6.89521e-07
4347	1.1694e-06
4348	5.90582e-07
4349	5.76585e-07
4350	5.86735e-07
4351	6.52507e-07
4352	6.1593e-07
4353	1.07597e-06
4354	5.80791e-07
4355	5.68876e-07
4356	6.09362e-07
4357	6.00357e-07
4358	1.02856e-06
4359	5.98173e-07
4360	5.70401e-07
4361	5.8196e-07
4362	6.13556e-07
4363	1.03372e-06
4364	6.06737e-07
4365	5.87175e-07
4366	1.06256e-06
4367	1.12915e-06
4368	1.04554e-06
4369	5.97204e-07
4370	5.85282e-07
4371	5.76739e-07
4372	6.18836e-07
4373	1.05661e-06
4374	5.8701e-07
4375	5.8525e-07
4376	5.61976e-07
4377	6.28515e-07
4378	1.0683e-06
4379	1.07796e-06
4380	5.80748e-07
4381	1.07434e-06
4382	6.38894e-07
4383	5.88718e-07
4384	1.08537e-06
4385	6.05054e-07
4386	5.65318e-07
4387	6.49813e-07
4388	6.385e-07
4389	1.0362e-06
4390	5.86406e-07
4391	1.04932e-06
4392	6.3359e-07
4393	6.17836e-07
4394	9.90495e-07
4395	5.62649e-07
4396	5.39324e-07
4397	6.10123e-07
4398	5.74583e-07
4399	9.46192e-07
4400	5.43451e-07
4401	1.01604e-06
4402	5.48933e-07
4403	1.07513e-06
4404	9.49378e-07
4405	1.06439e-06
4406	5.36369e-07
4407	5.32466e-07
4408	5.62557e-07
4409	5.23023e-07
4410	1.06674e-06
4411	5.56054e-07
4412	1.01109e-06
4413	5.81613e-07
4414	5.41727e-07
4415	1.0401e-06
4416	5.55764e-07
4417	9.76894e-07
4418	1.10581e-06
4419	5.53956e-07
4420	1.00031e-06
4421	5.55844e-07
4422	5.28304e-07
4423	6.02039e-07
4424	5.619e-07
4425	9.5091e-07
4426	5.63872e-07
4427	5.31769e-07
4428	5.95898e-07
4429	5.75329e-07
4430	9.82032e-07
4431	5.84839e-07
4432	5.56895e-07
4433	5.85044e-07
4434	6.10547e-07
4435	5.60394e-07
4436	6.09852e-07
4437	5.95529e-07
4438	5.91193e-07
4439	6.14503e-07
4440	5.8007e-07
4441	1.09914e-06
4442	6.35133e-07
4443	6.16607e-07
4444	6.14837e-07
4445	5.74966e-07
4446	5.83769e-07
4447	6.78767e-07
4448	6.60065e-07
4449	6.20833e-07
4450	5.51099e-07
4451	5.81508e-07
4452	6.96326e-07
4453	6.80128e-07
4454	6.34655e-07
4455	5.57425e-07
4456	6.05937e-07
4457	6.7795e-07
4458	6.61159e-07
4459	6.3976e-07
4460	5.89414e-07
4461	6.44568e-07
4462	6.37317e-07
4463	6.19974e-07
4464	6.29169e-07
4465	6.1892e-07
4466	6.79487e-07
4467	6.267e-07
4468	1.13084e-06
4469	6.4424e-07
4470	6.3581e-07
4471	6.7999e-07
4472	6.22877e-07
4473	1.18435e-06
4474	6.79576e-07
4475	6.61533e-07
4476	6.4775e-07
4477	6.3879e-07
4478	7.05667e-07
4479	7.29468e-07
4480	6.88769e-07
4481	6.97089e-07
4482	6.81894e-07
4483	7.6763e-07
4484	7.68046e-07
4485	6.87515e-07
4486	6.97819e-07
4487	6.69965e-07
4488	7.72959e-07
4489	7.57005e-07
4490	6.65624e-07
4491	6.55717e-07
4492	6.53922e-07
4493	7.31399e-07
4494	7.46574e-07
4495	6.70718e-07
4496	6.19081e-07
4497	6.59864e-07
4498	6.78044e-07
4499	7.21043e-07
4500	6.78412e-07
4501	5.9918e-07
4502	6.60673e-07
4503	6.35626e-07
4504	7.16653e-07
4505	6.99972e-07
4506	6.06419e-07
4507	6.89481e-07
4508	6.24673e-07
4509	7.12468e-07
4510	7.27775e-07
4511	6.52853e-07
4512	6.94922e-07
4513	6.55616e-07
4514	7.01676e-07
4515	7.34658e-07
4516	6.75984e-07
4517	6.96746e-07
4518	6.87419e-07
4519	7.19593e-07
4520	7.48829e-07
4521	7.01007e-07
4522	7.01471e-07
4523	6.82741e-07
4524	7.29314e-07
4525	7.34618e-07
4526	6.93142e-07
4527	6.81377e-07
4528	6.82043e-07
4529	7.07742e-07
4530	7.52288e-07
4531	7.09005e-07
4532	6.62055e-07
4533	7.01892e-07
4534	6.8364e-07
4535	7.65179e-07
4536	7.24009e-07
4537	6.15861e-07
4538	6.76488e-07
4539	6.46728e-07
4540	7.54945e-07
4541	7.29174e-07
4542	6.05289e-07
4543	6.70225e-07
4544	6.30201e-07
4545	7.38423e-07
4546	7.48371e-07
4547	6.46769e-07
4548	6.64412e-07
4549	6.5867e-07
4550	7.27534e-07
4551	7.65339e-07
4552	6.89187e-07
4553	6.97188e-07
4554	7.05774e-07
4555	7.37616e-07
4556	7.84109e-07
4557	7.23802e-07
4558	7.24169e-07
4559	7.24805e-07
4560	7.25651e-07
4561	7.77443e-07
4562	7.22333e-07
4563	6.97646e-07
4564	7.12166e-07
4565	6.97436e-07
4566	7.65183e-07
4567	7.24041e-07
4568	6.34538e-07
4569	6.59456e-07
4570	6.57343e-07
4571	7.26237e-07
4572	6.9924e-07
4573	5.76613e-07
4574	6.18421e-07
4575	6.17416e-07
4576	7.0977e-07
4577	7.04399e-07
4578	6.06558e-07
4579	6.48348e-07
4580	6.28036e-07
4581	7.0067e-07
4582	7.3248e-07
4583	6.85483e-07
4584	6.94788e-07
4585	7.03273e-07
4586	6.67518e-07
4587	7.40513e-07
4588	7.15044e-07
4589	7.16726e-07
4590	7.29499e-07
4591	6.85564e-07
4592	7.62155e-07
4593	7.24538e-07
4594	6.95023e-07
4595	6.99998e-07
4596	7.13087e-07
4597	7.61001e-07
4598	7.17175e-07
4599	6.36712e-07
4600	6.5817e-07
4601	7.03051e-07
4602	7.69475e-07
4603	7.33624e-07
4604	5.96663e-07
4605	6.38589e-07
4606	6.63201e-07
4607	7.63564e-07
4608	7.20635e-07
4609	6.08597e-07
4610	6.64732e-07
4611	6.29944e-07
4612	7.06152e-07
4613	7.04113e-07
4614	6.73766e-07
4615	6.91835e-07
4616	6.85758e-07
4617	6.30462e-07
4618	6.91016e-07
4619	7.12609e-07
4620	6.83113e-07
4621	7.02128e-07
4622	6.36616e-07
4623	7.09735e-07
4624	7.09763e-07
4625	6.83627e-07
4626	6.99539e-07
4627	6.94378e-07
4628	7.65284e-07
4629	7.20529e-07
4630	6.64562e-07
4631	6.90667e-07
4632	7.19536e-07
4633	7.72351e-07
4634	7.1731e-07
4635	6.3722e-07
4636	6.75622e-07
4637	6.83514e-07
4638	7.72582e-07
4639	7.16739e-07
4640	6.41411e-07
4641	6.68569e-07
4642	6.50576e-07
4643	7.28368e-07
4644	6.89262e-07
4645	6.34754e-07
4646	6.51084e-07
4647	6.33481e-07
4648	6.71225e-07
4649	1.24425e-06
4650	6.51278e-07
4651	6.48264e-07
4652	6.49084e-07
4653	6.42056e-07
4654	1.25664e-06
4655	6.86244e-07
4656	6.49134e-07
4657	6.79235e-07
4658	6.42854e-07
4659	7.35424e-07
4660	6.76039e-07
4661	6.58387e-07
4662	6.98658e-07
4663	6.4876e-07
4664	7.54741e-07
4665	6.67742e-07
4666	6.63217e-07
4667	6.77713e-07
4668	6.49284e-07
4669	7.27884e-07
4670	6.63488e-07
4671	6.54442e-07
4672	6.44517e-07
4673	6.43169e-07
4674	7.04498e-07
4675	6.56592e-07
4676	6.36824e-07
4677	6.39042e-07
4678	6.3083e-07
4679	6.98722e-07
4680	1.21481e-06
4681	6.19051e-07
4682	5.96012e-07
4683	1.1023e-06
4684	6.62269e-07
4685	1.1721e-06
4686	5.87086e-07
4687	5.84072e-07
4688	5.84263e-07
4689	6.29803e-07
4690	6.30868e-07
4691	1.06273e-06
4692	6.02247e-07
4693	5.83725e-07
4694	5.94717e-07
4695	6.23854e-07
4696	1.06749e-06
4697	6.17806e-07
4698	6.01739e-07
4699	5.95024e-07
4700	6.32062e-07
4701	1.08889e-06
4702	6.18075e-07
4703	6.15769e-07
4704	5.99327e-07
4705	6.43112e-07
4706	1.07378e-06
4707	1.09213e-06
4708	5.99617e-07
4709	1.08692e-06
4710	6.48765e-07
4711	1.07182e-06
4712	1.05132e-06
4713	5.7155e-07
4714	1.07319e-06
4715	6.41098e-07
4716	5.83231e-07
4717	1.05955e-06
4718	5.62128e-07
4719	1.05064e-06
4720	6.30301e-07
4721	6.02078e-07
4722	1.04099e-06
4723	5.61514e-07
4724	1.05761e-06
4725	6.28958e-07
4726	6.12778e-07
4727	1.00013e-06
4728	5.62735e-07
4729	5.53697e-07
4730	6.07258e-07
4731	1.09912e-06
4732	9.27291e-07
4733	1.04943e-06
4734	9.98166e-07
4735	5.60758e-07
4736	1.05401e-06
4737	9.35347e-07
4738	1.05005e-06
4739	5.30914e-07
4740	5.44347e-07
4741	5.45527e-07
4742	5.01789e-07
4743	1.0462e-06
4744	5.35891e-07
4745	5.29585e-07
4746	5.43704e-07
4747	4.94625e-07
4748	1.01855e-06
4749	5.41952e-07
4750	9.72672e-07
4751	1.08811e-06
4752	5.17573e-07
4753	9.70749e-07
4754	5.44786e-07
4755	5.23622e-07
4756	5.92089e-07
4757	5.484e-07
4758	8.98472e-07
4759	5.54212e-07
4760	9.85283e-07
4761	5.83846e-07
4762	5.60977e-07
4763	9.12781e-07
4764	5.65607e-07
4765	1.03441e-06
4766	5.55492e-07
4767	5.64088e-07
4768	9.79854e-07
4769	5.6934e-07
4770	5.48673e-07
4771	1.04724e-06
4772	5.94104e-07
4773	5.48837e-07
4774	5.72683e-07
4775	5.92408e-07
4776	5.76277e-07
4777	5.93455e-07
4778	5.46351e-07
4779	1.03077e-06
4780	6.39333e-07
4781	6.2162e-07
4782	5.97396e-07
4783	5.30696e-07
4784	5.59728e-07
4785	6.71624e-07
4786	6.62047e-07
4787	6.26607e-07
4788	5.35724e-07
4789	5.8505e-07
4790	6.55075e-07
4791	6.44782e-07
4792	6.26984e-07
4793	5.57966e-07
4794	6.24636e-07
4795	6.30648e-07
4796	6.11625e-07
4797	6.3012e-07
4798	6.13849e-07
4799	6.70638e-07
4800	6.35234e-07
4801	6.30361e-07
4802	6.69454e-07
4803	6.59112e-07
4804	6.80393e-07
4805	6.27488e-07
4806	6.71619e-07
4807	7.05132e-07
4808	6.80084e-07
4809	6.6973e-07
4810	6.46577e-07
4811	6.90126e-07
4812	7.08335e-07
4813	6.7831e-07
4814	6.73356e-07
4815	6.37138e-07
4816	7.11488e-07
4817	6.92563e-07
4818	6.66359e-07
4819	6.68709e-07
4820	6.4039e-07
4821	7.27679e-07
4822	7.07064e-07
4823	6.59678e-07
4824	6.56897e-07
4825	6.57371e-07
4826	7.04782e-07
4827	7.13093e-07
4828	6.54666e-07
4829	6.09641e-07
4830	6.39656e-07
4831	6.55271e-07
4832	7.05523e-07
4833	6.67843e-07
4834	5.90903e-07
4835	6.45519e-07
4836	6.29461e-07
4837	6.95522e-07
4838	6.86362e-07
4839	5.94542e-07
4840	6.50092e-07
4841	6.07349e-07
4842	6.95987e-07
4843	7.10126e-07
4844	6.56872e-07
4845	6.83791e-07
4846	6.61961e-07
4847	7.04794e-07
4848	7.23949e-07
4849	7.01208e-07
4850	7.22607e-07
4851	7.07892e-07
4852	7.24128e-07
4853	7.34943e-07
4854	7.00113e-07
4855	7.1815e-07
4856	6.92903e-07
4857	7.34562e-07
4858	7.34707e-07
4859	6.87542e-07
4860	6.69163e-07
4861	6.74455e-07
4862	6.99433e-07
4863	7.07988e-07
4864	6.60667e-07
4865	6.12196e-07
4866	6.3822e-07
4867	6.54471e-07
4868	7.01816e-07
4869	6.70412e-07
4870	6.04178e-07
4871	6.57965e-07
4872	6.31812e-07
4873	7.20231e-07
4874	7.00028e-07
4875	6.25644e-07
4876	6.94691e-07
4877	6.27315e-07
4878	7.01168e-07
4879	7.05362e-07
4880	6.76937e-07
4881	7.06921e-07
4882	6.85079e-07
4883	7.07281e-07
4884	7.30967e-07
4885	6.99936e-07
4886	7.11315e-07
4887	7.09687e-07
4888	7.42454e-07
4889	7.65139e-07
4890	7.12226e-07
4891	7.02519e-07
4892	7.03405e-07
4893	7.59167e-07
4894	7.70709e-07
4895	7.07829e-07
4896	6.78135e-07
4897	6.94072e-07
4898	7.29723e-07
4899	7.72314e-07
4900	7.14422e-07
4901	6.4432e-07
4902	6.82373e-07
4903	6.82757e-07
4904	7.64969e-07
4905	7.224e-07
4906	6.12255e-07
4907	6.69369e-07
4908	6.38912e-07
4909	7.19287e-07
4910	6.95084e-07
4911	6.04301e-07
4912	6.54287e-07
4913	6.05905e-07
4914	6.70049e-07
4915	6.91133e-07
4916	6.57536e-07
4917	6.72084e-07
4918	6.64808e-07
4919	6.837e-07
4920	7.41156e-07
4921	7.15067e-07
4922	7.22904e-07
4923	7.22323e-07
4924	7.17146e-07
4925	7.78326e-07
4926	7.31751e-07
4927	7.18761e-07
4928	7.17109e-07
4929	7.1565e-07
4930	7.7696e-07
4931	7.23589e-07
4932	6.85709e-07
4933	6.98258e-07
4934	7.09372e-07
4935	7.74837e-07
4936	7.23218e-07
4937	6.31751e-07
4938	6.66467e-07
4939	6.89789e-07
4940	7.72362e-07
4941	7.34898e-07
4942	5.98535e-07
4943	6.60023e-07
4944	6.59952e-07
4945	7.60169e-07
4946	7.34266e-07
4947	6.14294e-07
4948	6.88533e-07
4949	6.37905e-07
4950	7.22833e-07
4951	7.38512e-07
4952	6.78498e-07
4953	7.04792e-07
4954	6.90964e-07
4955	6.67814e-07
4956	7.37359e-07
4957	7.21081e-07
4958	6.99789e-07
4959	7.13308e-07
4960	6.57891e-07
4961	7.35153e-07
4962	7.09333e-07
4963	6.85236e-07
4964	6.94522e-07
4965	6.9424e-07
4966	7.48826e-07
4967	7.0755e-07
4968	6.54491e-07
4969	6.84268e-07
4970	7.19044e-07
4971	7.78733e-07
4972	7.32632e-07
4973	6.13051e-07
4974	6.53673e-07
4975	6.77227e-07
4976	7.8474e-07
4977	7.28588e-07
4978	6.10532e-07
4979	6.42529e-07
4980	6.39387e-07
4981	7.50679e-07
4982	7.0415e-07
4983	6.24797e-07
4984	6.50992e-07
4985	6.35463e-07
4986	6.88231e-07
4987	6.97762e-07
4988	6.61567e-07
4989	6.62693e-07
4990	6.74162e-07
4991	6.41846e-07
4992	7.05956e-07
4993	6.89e-07
4994	6.62441e-07
4995	7.03174e-07
4996	6.43909e-07
4997	7.29885e-07
4998	6.7979e-07
4999	6.49209e-07
5000	6.92461e-07
