1	14
2	85
3	20
4	30
5	21
6	27
7	25
8	24
9	24
10	22
11	16
12	17
13	19
14	20
15	20
16	20
17	18
18	12
19	10
20	14
21	15
22	16
23	14
24	14
25	14
26	12
27	9
28	7
29	7
30	6
31	6
32	9
33	8
34	6
35	6
36	6
37	6
38	6
39	6
40	6
41	6
42	7
43	7
44	6
45	6
46	5
47	5
48	5
49	6
50	6
51	6
52	6
53	6
54	6
55	5
56	5
57	5
58	5
59	5
60	5
61	5
62	5
63	4
64	4
65	4
66	4
67	4
68	4
69	4
70	4
71	4
72	4
73	4
74	4
75	4
76	4
77	4
78	4
79	4
80	4
81	4
82	4
83	4
84	4
85	4
86	3
87	3
88	3
89	3
90	3
91	3
92	3
93	4
94	4
95	4
96	4
97	4
98	4
99	4
100	4
101	4
102	4
103	4
104	4
105	4
106	4
107	4
108	4
109	4
110	4
111	4
112	4
113	4
114	4
115	4
116	4
117	4
118	4
119	4
120	4
121	4
122	4
123	4
124	4
125	4
126	4
127	4
128	4
129	4
130	4
131	4
132	4
133	4
134	4
135	4
136	4
137	4
138	4
139	4
140	4
141	4
142	4
143	4
144	4
145	4
146	4
147	4
148	4
149	4
150	4
151	4
152	4
153	4
154	4
155	4
156	4
157	4
158	4
159	4
160	4
161	4
162	4
163	4
164	4
165	4
166	4
167	4
168	4
169	4
170	4
171	4
172	4
173	4
174	4
175	4
176	4
177	4
178	4
179	4
180	4
181	4
182	4
183	3
184	3
185	3
186	3
187	3
188	3
189	3
190	3
191	3
192	3
193	3
194	3
195	3
196	3
197	4
198	4
199	4
200	4
201	4
202	4
203	4
204	4
205	4
206	4
207	4
208	4
209	4
210	4
211	3
212	3
213	3
214	3
215	3
216	3
217	3
218	3
219	3
220	3
221	3
222	3
223	3
224	3
225	4
226	4
227	4
228	4
229	4
230	4
231	4
232	4
233	3
234	3
235	3
236	3
237	3
238	3
239	3
240	3
241	3
242	3
243	3
244	3
245	3
246	3
247	3
248	3
249	3
250	4
251	4
252	4
253	4
254	4
255	4
256	4
257	4
258	4
259	3
260	3
261	3
262	3
263	3
264	3
265	3
266	3
267	4
268	4
269	3
270	4
271	4
272	4
273	4
274	4
275	4
276	4
277	4
278	4
279	4
280	4
281	4
282	4
283	4
284	4
285	3
286	3
287	3
288	3
289	4
290	3
291	3
292	4
293	3
294	4
295	4
296	4
297	4
298	4
299	4
300	4
301	4
302	4
303	4
304	4
305	4
306	4
307	4
308	4
309	4
310	4
311	4
312	4
313	4
314	4
315	4
316	4
317	4
318	4
319	4
320	4
321	4
322	4
323	4
324	4
325	4
326	4
327	4
328	4
329	4
330	4
331	4
332	4
333	4
334	4
335	4
336	4
337	4
338	4
339	4
340	4
341	4
342	4
343	4
344	4
345	4
346	4
347	4
348	4
349	4
350	4
351	4
352	4
353	4
354	4
355	4
356	4
357	4
358	4
359	4
360	4
361	4
362	4
363	4
364	4
365	4
366	4
367	4
368	4
369	4
370	4
371	4
372	4
373	4
374	4
375	4
376	4
377	4
378	4
379	4
380	4
381	4
382	4
383	4
384	4
385	4
386	4
387	4
388	4
389	4
390	4
391	4
392	4
393	4
394	4
395	4
396	4
397	4
398	4
399	4
400	4
401	4
402	4
403	4
404	4
405	4
406	4
407	4
408	4
409	4
410	4
411	4
412	4
413	4
414	4
415	4
416	4
417	4
418	4
419	4
420	4
421	4
422	4
423	4
424	4
425	4
426	4
427	4
428	4
429	4
430	4
431	4
432	4
433	4
434	4
435	4
436	4
437	4
438	4
439	4
440	4
441	4
442	4
443	4
444	4
445	4
446	4
447	4
448	4
449	4
450	4
451	4
452	4
453	4
454	4
455	4
456	4
457	4
458	4
459	4
460	5
461	4
462	4
463	4
464	4
465	5
466	4
467	4
468	4
469	4
470	4
471	4
472	4
473	4
474	4
475	4
476	4
477	4
478	4
479	4
480	4
481	4
482	4
483	4
484	4
485	4
486	4
487	4
488	4
489	4
490	4
491	4
492	4
493	4
494	4
495	4
496	4
497	5
498	4
499	4
500	4
501	4
502	5
503	4
504	4
505	5
506	5
507	5
508	4
509	4
510	4
511	4
512	4
513	4
514	4
515	4
516	4
517	4
518	4
519	4
520	4
521	4
522	4
523	4
524	4
525	4
526	4
527	4
528	4
529	4
530	4
531	4
532	4
533	4
534	4
535	4
536	5
537	4
538	5
539	4
540	5
541	4
542	4
543	5
544	4
545	4
546	4
547	4
548	5
549	4
550	4
551	4
552	4
553	5
554	5
555	4
556	5
557	5
558	5
559	5
560	4
561	5
562	5
563	5
564	5
565	5
566	5
567	5
568	5
569	5
570	5
571	5
572	4
573	5
574	5
575	5
576	5
577	4
578	5
579	5
580	5
581	5
582	4
583	5
584	5
585	5
586	5
587	5
588	5
589	5
590	5
591	5
592	5
593	5
594	5
595	5
596	5
597	5
598	5
599	5
600	5
601	5
602	5
603	5
604	5
605	5
606	5
607	5
608	5
609	5
610	5
611	5
612	5
613	5
614	5
615	5
616	5
617	5
618	5
619	5
620	5
621	5
622	5
623	4
624	5
625	5
626	5
627	5
628	5
629	5
630	5
631	5
632	5
633	5
634	5
635	5
636	5
637	5
638	5
639	5
640	5
641	5
642	5
643	5
644	5
645	5
646	5
647	5
648	5
649	5
650	5
651	5
652	5
653	5
654	5
655	5
656	5
657	5
658	5
659	5
660	5
661	5
662	5
663	5
664	5
665	5
666	5
667	5
668	5
669	5
670	5
671	5
672	5
673	5
674	5
675	5
676	5
677	5
678	5
679	5
680	5
681	5
682	5
683	5
684	5
685	5
686	5
687	5
688	5
689	5
690	5
691	5
692	5
693	5
694	5
695	5
696	5
697	5
698	5
699	5
700	5
701	5
702	5
703	5
704	5
705	5
706	5
707	5
708	5
709	5
710	5
711	5
712	5
713	5
714	5
715	5
716	5
717	5
718	5
719	5
720	5
721	5
722	5
723	5
724	5
725	5
726	5
727	5
728	5
729	5
730	5
731	5
732	5
733	5
734	5
735	5
736	5
737	5
738	5
739	5
740	5
741	5
742	5
743	5
744	5
745	5
746	5
747	5
748	5
749	5
750	5
751	5
752	5
753	5
754	5
755	5
756	5
757	5
758	5
759	5
760	5
761	5
762	5
763	5
764	5
765	5
766	5
767	5
768	4
769	5
770	5
771	5
772	5
773	4
774	5
775	5
776	5
777	5
778	5
779	5
780	5
781	5
782	5
783	5
784	5
785	5
786	5
787	5
788	5
789	5
790	5
791	5
792	5
793	5
794	5
795	5
796	5
797	5
798	5
799	5
800	5
801	5
802	4
803	5
804	5
805	4
806	5
807	4
808	5
809	5
810	4
811	5
812	5
813	5
814	5
815	4
816	5
817	5
818	5
819	4
820	4
821	5
822	5
823	4
824	5
825	4
826	4
827	5
828	4
829	5
830	4
831	4
832	5
833	4
834	5
835	5
836	4
837	5
838	4
839	5
840	5
841	4
842	5
843	5
844	5
845	5
846	4
847	5
848	5
849	5
850	5
851	4
852	5
853	4
854	5
855	5
856	4
857	4
858	5
859	5
860	5
861	5
862	4
863	5
864	4
865	5
866	5
867	4
868	5
869	4
870	4
871	5
872	4
873	5
874	5
875	5
876	5
877	4
878	5
879	5
880	5
881	5
882	4
883	5
884	4
885	5
886	5
887	4
888	5
889	5
890	5
891	5
892	5
893	4
894	5
895	5
896	5
897	5
898	4
899	5
900	5
901	5
902	5
903	5
904	5
905	5
906	5
907	5
908	5
909	5
910	4
911	5
912	5
913	5
914	5
915	5
916	5
917	5
918	5
919	5
920	5
921	5
922	5
923	5
924	5
925	5
926	5
927	5
928	5
929	5
930	5
931	5
932	5
933	5
934	5
935	5
936	5
937	5
938	5
939	5
940	5
941	5
942	5
943	5
944	5
945	5
946	5
947	5
948	5
949	5
950	5
951	5
952	5
953	5
954	5
955	5
956	5
957	5
958	5
959	5
960	5
961	5
962	5
963	5
964	5
965	5
966	5
967	5
968	5
969	5
970	5
971	5
972	5
973	5
974	5
975	5
976	5
977	5
978	5
979	5
980	5
981	5
982	5
983	5
984	5
985	5
986	5
987	5
988	5
989	5
990	5
991	5
992	5
993	5
994	5
995	5
996	5
997	5
998	5
999	5
1000	5
1001	5
1002	5
1003	5
1004	5
1005	5
1006	5
1007	5
1008	5
1009	5
1010	5
1011	5
1012	5
1013	5
1014	5
1015	5
1016	5
1017	5
1018	5
1019	5
1020	5
1021	5
1022	5
1023	5
1024	5
1025	5
1026	5
1027	5
1028	5
1029	5
1030	5
1031	5
1032	5
1033	5
1034	5
1035	5
1036	5
1037	5
1038	5
1039	5
1040	5
1041	5
1042	5
1043	5
1044	5
1045	5
1046	5
1047	5
1048	5
1049	5
1050	5
1051	5
1052	5
1053	5
1054	5
1055	5
1056	5
1057	5
1058	5
1059	5
1060	5
1061	5
1062	5
1063	5
1064	5
1065	5
1066	5
1067	5
1068	5
1069	5
1070	4
1071	5
1072	5
1073	5
1074	5
1075	5
1076	5
1077	5
1078	5
1079	5
1080	5
1081	5
1082	5
1083	5
1084	5
1085	5
1086	5
1087	5
1088	5
1089	5
1090	5
1091	5
1092	5
1093	5
1094	5
1095	5
1096	5
1097	5
1098	5
1099	5
1100	5
1101	4
1102	5
1103	5
1104	4
1105	5
1106	4
1107	5
1108	5
1109	5
1110	5
1111	4
1112	4
1113	5
1114	5
1115	5
1116	5
1117	4
1118	5
1119	5
1120	5
1121	5
1122	4
1123	5
1124	5
1125	4
1126	5
1127	4
1128	5
1129	5
1130	4
1131	5
1132	5
1133	5
1134	5
1135	5
1136	5
1137	5
1138	4
1139	5
1140	5
1141	5
1142	5
1143	4
1144	5
1145	5
1146	5
1147	5
1148	4
1149	5
1150	4
1151	5
1152	4
1153	4
1154	5
1155	4
1156	4
1157	4
1158	4
1159	4
1160	5
1161	4
1162	4
1163	4
1164	4
1165	5
1166	4
1167	4
1168	5
1169	4
1170	5
1171	4
1172	5
1173	5
1174	4
1175	5
1176	5
1177	5
1178	5
1179	4
1180	5
1181	5
1182	5
1183	5
1184	4
1185	5
1186	5
1187	5
1188	5
1189	5
1190	5
1191	5
1192	5
1193	5
1194	5
1195	4
1196	5
1197	4
1198	5
1199	5
1200	4
1201	5
1202	5
1203	5
1204	5
1205	4
1206	5
1207	5
1208	5
1209	5
1210	5
1211	5
1212	5
1213	5
1214	5
1215	5
1216	5
1217	5
1218	5
1219	5
1220	5
1221	5
1222	5
1223	5
1224	5
1225	5
1226	5
1227	5
1228	5
1229	5
1230	5
1231	5
1232	5
1233	5
1234	5
1235	5
1236	5
1237	5
1238	5
1239	5
1240	5
1241	5
1242	5
1243	5
1244	5
1245	5
1246	5
1247	5
1248	5
1249	5
1250	5
1251	5
1252	5
1253	5
1254	5
1255	5
1256	5
1257	5
1258	5
1259	5
1260	5
1261	5
1262	5
1263	5
1264	5
1265	5
1266	5
1267	5
1268	5
1269	5
1270	5
1271	5
1272	5
1273	5
1274	5
1275	5
1276	5
1277	5
1278	5
1279	5
1280	5
1281	5
1282	5
1283	5
1284	5
1285	5
1286	5
1287	5
1288	5
1289	5
1290	5
1291	5
1292	5
1293	5
1294	5
1295	5
1296	5
1297	5
1298	5
1299	5
1300	5
1301	5
1302	5
1303	5
1304	5
1305	5
1306	5
1307	5
1308	5
1309	5
1310	5
1311	5
1312	5
1313	5
1314	5
1315	5
1316	5
1317	5
1318	5
1319	5
1320	5
1321	5
1322	5
1323	5
1324	5
1325	5
1326	5
1327	5
1328	5
1329	5
1330	5
1331	5
1332	5
1333	5
1334	5
1335	5
1336	5
1337	5
1338	5
1339	5
1340	5
1341	5
1342	5
1343	5
1344	5
1345	5
1346	5
1347	5
1348	5
1349	5
1350	5
1351	5
1352	5
1353	5
1354	5
1355	5
1356	5
1357	5
1358	5
1359	5
1360	5
1361	5
1362	5
1363	5
1364	5
1365	5
1366	5
1367	5
1368	5
1369	5
1370	5
1371	5
1372	5
1373	5
1374	5
1375	5
1376	5
1377	5
1378	5
1379	5
1380	5
1381	5
1382	5
1383	5
1384	5
1385	5
1386	5
1387	5
1388	5
1389	5
1390	5
1391	5
1392	5
1393	5
1394	5
1395	5
1396	5
1397	5
1398	5
1399	5
1400	5
1401	5
1402	5
1403	5
1404	5
1405	5
1406	5
1407	5
1408	4
1409	5
1410	5
1411	5
1412	5
1413	5
1414	5
1415	5
1416	5
1417	5
1418	5
1419	5
1420	5
1421	5
1422	5
1423	5
1424	5
1425	5
1426	5
1427	5
1428	5
1429	5
1430	5
1431	5
1432	5
1433	5
1434	5
1435	5
1436	5
1437	5
1438	5
1439	5
1440	5
1441	5
1442	5
1443	5
1444	4
1445	5
1446	5
1447	5
1448	5
1449	5
1450	5
1451	5
1452	5
1453	5
1454	5
1455	5
1456	5
1457	5
1458	5
1459	5
1460	5
1461	5
1462	5
1463	5
1464	5
1465	5
1466	5
1467	5
1468	5
1469	5
1470	5
1471	5
1472	5
1473	5
1474	5
1475	5
1476	5
1477	5
1478	5
1479	5
1480	5
1481	4
1482	5
1483	5
1484	5
1485	5
1486	4
1487	5
1488	5
1489	5
1490	5
1491	4
1492	5
1493	5
1494	4
1495	4
1496	4
1497	4
1498	5
1499	4
1500	5
1501	4
1502	4
1503	5
1504	4
1505	5
1506	5
1507	4
1508	5
1509	4
1510	5
1511	5
1512	4
1513	5
1514	5
1515	5
1516	5
1517	4
1518	5
1519	5
1520	5
1521	5
1522	4
1523	5
1524	5
1525	5
1526	5
1527	4
1528	5
1529	4
1530	5
1531	5
1532	4
1533	4
1534	5
1535	5
1536	5
1537	5
1538	4
1539	5
1540	4
1541	4
1542	5
1543	4
1544	5
1545	4
1546	4
1547	5
1548	4
1549	5
1550	5
1551	5
1552	5
1553	4
1554	5
1555	5
1556	5
1557	5
1558	4
1559	5
1560	5
1561	5
1562	5
1563	5
1564	5
1565	5
1566	4
1567	5
1568	4
1569	4
1570	5
1571	5
1572	5
1573	5
1574	4
1575	5
1576	5
1577	5
1578	5
1579	5
1580	5
1581	5
1582	5
1583	5
1584	5
1585	5
1586	5
1587	5
1588	5
1589	5
1590	5
1591	4
1592	5
1593	5
1594	5
1595	5
1596	4
1597	5
1598	5
1599	5
1600	5
1601	5
1602	5
1603	5
1604	5
1605	5
1606	5
1607	5
1608	5
1609	5
1610	5
1611	5
1612	5
1613	5
1614	5
1615	5
1616	5
1617	5
1618	5
1619	5
1620	5
1621	5
1622	5
1623	5
1624	5
1625	5
1626	5
1627	5
1628	5
1629	5
1630	5
1631	5
1632	5
1633	5
1634	5
1635	5
1636	5
1637	5
1638	5
1639	5
1640	5
1641	5
1642	5
1643	5
1644	5
1645	5
1646	5
1647	5
1648	5
1649	5
1650	5
1651	5
1652	5
1653	5
1654	5
1655	5
1656	5
1657	5
1658	5
1659	5
1660	5
1661	5
1662	5
1663	5
1664	5
1665	5
1666	5
1667	5
1668	5
1669	5
1670	5
1671	5
1672	5
1673	5
1674	5
1675	5
1676	5
1677	5
1678	5
1679	5
1680	5
1681	5
1682	5
1683	5
1684	5
1685	5
1686	5
1687	5
1688	5
1689	5
1690	5
1691	5
1692	5
1693	5
1694	5
1695	5
1696	5
1697	5
1698	5
1699	5
1700	5
1701	5
1702	5
1703	5
1704	5
1705	5
1706	5
1707	5
1708	5
1709	5
1710	5
1711	5
1712	5
1713	5
1714	5
1715	5
1716	5
1717	5
1718	5
1719	5
1720	5
1721	5
1722	5
1723	5
1724	5
1725	5
1726	5
1727	5
1728	5
1729	5
1730	5
1731	5
1732	5
1733	5
1734	5
1735	5
1736	5
1737	5
1738	5
1739	5
1740	5
1741	5
1742	5
1743	5
1744	5
1745	5
1746	5
1747	5
1748	5
1749	5
1750	5
1751	5
1752	5
1753	5
1754	5
1755	5
1756	5
1757	5
1758	5
1759	5
1760	5
1761	5
1762	5
1763	5
1764	5
1765	5
1766	5
1767	5
1768	5
1769	5
1770	5
1771	5
1772	5
1773	5
1774	5
1775	5
1776	5
1777	5
1778	5
1779	5
1780	5
1781	5
1782	5
1783	5
1784	5
1785	5
1786	5
1787	5
1788	4
1789	5
1790	5
1791	5
1792	5
1793	4
1794	5
1795	5
1796	5
1797	5
1798	4
1799	5
1800	5
1801	4
1802	5
1803	4
1804	5
1805	5
1806	4
1807	5
1808	5
1809	5
1810	5
1811	4
1812	5
1813	5
1814	4
1815	5
1816	4
1817	5
1818	5
1819	4
1820	5
1821	4
1822	5
1823	5
1824	4
1825	5
1826	4
1827	5
1828	5
1829	4
1830	5
1831	4
1832	5
1833	4
1834	4
1835	4
1836	5
1837	4
1838	4
1839	4
1840	4
1841	5
1842	4
1843	4
1844	5
1845	4
1846	5
1847	4
1848	5
1849	5
1850	4
1851	5
1852	4
1853	5
1854	5
1855	4
1856	5
1857	5
1858	5
1859	5
1860	4
1861	5
1862	5
1863	4
1864	5
1865	4
1866	5
1867	5
1868	5
1869	5
1870	5
1871	4
1872	5
1873	5
1874	5
1875	5
1876	4
1877	5
1878	5
1879	5
1880	5
1881	4
1882	5
1883	5
1884	5
1885	5
1886	5
1887	5
1888	5
1889	5
1890	5
1891	5
1892	5
1893	4
1894	5
1895	5
1896	5
1897	5
1898	5
1899	5
1900	5
1901	5
1902	5
1903	5
1904	5
1905	5
1906	5
1907	5
1908	5
1909	5
1910	5
1911	5
1912	5
1913	5
1914	5
1915	5
1916	5
1917	5
1918	5
1919	5
1920	5
1921	5
1922	5
1923	5
1924	5
1925	5
1926	5
1927	5
1928	5
1929	5
1930	5
1931	5
1932	5
1933	5
1934	5
1935	5
1936	5
1937	5
1938	5
1939	5
1940	5
1941	5
1942	5
1943	5
1944	5
1945	5
1946	5
1947	5
1948	5
1949	5
1950	5
1951	5
1952	5
1953	5
1954	5
1955	5
1956	5
1957	5
1958	5
1959	5
1960	5
1961	5
1962	5
1963	5
1964	5
1965	5
1966	5
1967	5
1968	5
1969	5
1970	5
1971	5
1972	5
1973	5
1974	5
1975	5
1976	5
1977	5
1978	5
1979	5
1980	5
1981	5
1982	5
1983	5
1984	5
1985	5
1986	5
1987	5
1988	5
1989	5
1990	5
1991	5
1992	5
1993	5
1994	5
1995	5
1996	5
1997	5
1998	5
1999	5
2000	5
2001	5
2002	5
2003	5
2004	5
2005	5
2006	5
2007	5
2008	4
2009	5
2010	5
2011	5
2012	5
2013	5
2014	5
2015	5
2016	5
2017	5
2018	5
2019	5
2020	5
2021	5
2022	5
2023	5
2024	5
2025	5
2026	5
2027	5
2028	5
2029	5
2030	5
2031	5
2032	5
2033	5
2034	5
2035	5
2036	5
2037	5
2038	5
2039	5
2040	5
2041	5
2042	5
2043	5
2044	5
2045	5
2046	5
2047	5
2048	5
2049	5
2050	5
2051	5
2052	5
2053	5
2054	5
2055	5
2056	5
2057	5
2058	4
2059	5
2060	5
2061	5
2062	5
2063	5
2064	5
2065	5
2066	5
2067	5
2068	5
2069	5
2070	5
2071	5
2072	5
2073	5
2074	5
2075	5
2076	5
2077	5
2078	5
2079	5
2080	5
2081	4
2082	5
2083	5
2084	4
2085	5
2086	5
2087	4
2088	5
2089	4
2090	4
2091	5
2092	4
2093	5
2094	4
2095	4
2096	5
2097	5
2098	5
2099	4
2100	4
2101	5
2102	5
2103	4
2104	4
2105	4
2106	4
2107	5
2108	5
2109	5
2110	4
2111	5
2112	5
2113	5
2114	5
2115	4
2116	4
2117	5
2118	4
2119	5
2120	5
2121	4
2122	5
2123	4
2124	5
2125	5
2126	4
2127	5
2128	5
2129	5
2130	5
2131	4
2132	5
2133	5
2134	5
2135	5
2136	4
2137	5
2138	4
2139	5
2140	5
2141	4
2142	5
2143	5
2144	5
2145	5
2146	5
2147	5
2148	5
2149	5
2150	5
2151	5
2152	4
2153	5
2154	4
2155	4
2156	5
2157	4
2158	5
2159	5
2160	5
2161	5
2162	4
2163	5
2164	5
2165	5
2166	5
2167	4
2168	5
2169	5
2170	5
2171	5
2172	5
2173	5
2174	5
2175	5
2176	5
2177	5
2178	4
2179	5
2180	5
2181	5
2182	5
2183	5
2184	5
2185	5
2186	5
2187	5
2188	5
2189	5
2190	5
2191	5
2192	5
2193	5
2194	5
2195	5
2196	5
2197	5
2198	5
2199	5
2200	5
2201	5
2202	5
2203	5
2204	5
2205	5
2206	5
2207	5
2208	5
2209	5
2210	5
2211	5
2212	5
2213	5
2214	5
2215	5
2216	5
2217	5
2218	5
2219	5
2220	5
2221	5
2222	5
2223	5
2224	5
2225	5
2226	5
2227	5
2228	5
2229	5
2230	5
2231	5
2232	5
2233	5
2234	5
2235	5
2236	5
2237	5
2238	5
2239	5
2240	5
2241	5
2242	5
2243	5
2244	5
2245	5
2246	5
2247	5
2248	5
2249	5
2250	5
2251	5
2252	5
2253	5
2254	5
2255	5
2256	5
2257	5
2258	5
2259	5
2260	5
2261	5
2262	5
2263	5
2264	5
2265	5
2266	5
2267	5
2268	5
2269	5
2270	5
2271	5
2272	5
2273	5
2274	5
2275	5
2276	5
2277	5
2278	5
2279	5
2280	5
2281	5
2282	5
2283	5
2284	5
2285	5
2286	5
2287	5
2288	5
2289	5
2290	5
2291	5
2292	5
2293	5
2294	5
2295	5
2296	5
2297	5
2298	5
2299	5
2300	5
2301	5
2302	5
2303	5
2304	5
2305	5
2306	5
2307	5
2308	5
2309	5
2310	5
2311	5
2312	5
2313	5
2314	5
2315	5
2316	5
2317	5
2318	5
2319	5
2320	5
2321	5
2322	5
2323	5
2324	5
2325	5
2326	5
2327	5
2328	5
2329	5
2330	5
2331	5
2332	5
2333	5
2334	5
2335	5
2336	5
2337	5
2338	5
2339	5
2340	5
2341	5
2342	5
2343	5
2344	5
2345	5
2346	5
2347	5
2348	5
2349	5
2350	4
2351	5
2352	5
2353	5
2354	5
2355	5
2356	5
2357	5
2358	5
2359	5
2360	5
2361	5
2362	5
2363	5
2364	5
2365	5
2366	5
2367	5
2368	5
2369	5
2370	5
2371	5
2372	5
2373	5
2374	5
2375	5
2376	5
2377	5
2378	5
2379	5
2380	5
2381	5
2382	5
2383	5
2384	5
2385	5
2386	4
2387	5
2388	5
2389	5
2390	5
2391	4
2392	5
2393	5
2394	5
2395	5
2396	4
2397	4
2398	5
2399	5
2400	5
2401	5
2402	4
2403	5
2404	5
2405	5
2406	5
2407	4
2408	5
2409	5
2410	5
2411	5
2412	5
2413	5
2414	5
2415	5
2416	5
2417	5
2418	5
2419	5
2420	5
2421	5
2422	5
2423	4
2424	5
2425	5
2426	5
2427	5
2428	4
2429	5
2430	4
2431	5
2432	5
2433	4
2434	5
2435	4
2436	5
2437	5
2438	4
2439	5
2440	5
2441	5
2442	4
2443	4
2444	4
2445	5
2446	4
2447	4
2448	4
2449	4
2450	5
2451	4
2452	5
2453	5
2454	4
2455	5
2456	4
2457	5
2458	5
2459	4
2460	5
2461	5
2462	5
2463	5
2464	4
2465	5
2466	5
2467	5
2468	5
2469	4
2470	5
2471	5
2472	5
2473	5
2474	4
2475	4
2476	5
2477	4
2478	5
2479	5
2480	4
2481	5
2482	4
2483	5
2484	5
2485	4
2486	5
2487	5
2488	5
2489	5
2490	5
2491	5
2492	5
2493	5
2494	5
2495	5
2496	5
2497	5
2498	5
2499	5
2500	5
2501	5
2502	5
2503	5
2504	5
2505	5
2506	5
2507	5
2508	5
2509	5
2510	5
2511	5
2512	5
2513	5
2514	5
2515	5
2516	5
2517	5
2518	5
2519	5
2520	5
2521	5
2522	5
2523	5
2524	5
2525	5
2526	5
2527	5
2528	5
2529	5
2530	5
2531	5
2532	5
2533	5
2534	5
2535	5
2536	5
2537	5
2538	5
2539	5
2540	5
2541	5
2542	5
2543	5
2544	5
2545	5
2546	5
2547	5
2548	5
2549	5
2550	5
2551	5
2552	5
2553	5
2554	5
2555	5
2556	5
2557	5
2558	5
2559	5
2560	5
2561	5
2562	5
2563	5
2564	5
2565	5
2566	5
2567	5
2568	5
2569	5
2570	5
2571	5
2572	5
2573	5
2574	5
2575	5
2576	5
2577	5
2578	5
2579	5
2580	5
2581	5
2582	5
2583	5
2584	5
2585	5
2586	5
2587	5
2588	5
2589	5
2590	5
2591	5
2592	5
2593	5
2594	5
2595	5
2596	5
2597	5
2598	5
2599	5
2600	5
2601	5
2602	5
2603	5
2604	5
2605	5
2606	5
2607	5
2608	5
2609	5
2610	5
2611	5
2612	5
2613	5
2614	5
2615	5
2616	5
2617	5
2618	5
2619	5
2620	5
2621	5
2622	5
2623	5
2624	5
2625	5
2626	5
2627	5
2628	5
2629	5
2630	5
2631	5
2632	5
2633	5
2634	5
2635	5
2636	5
2637	5
2638	5
2639	5
2640	5
2641	5
2642	5
2643	5
2644	5
2645	5
2646	5
2647	5
2648	5
2649	5
2650	5
2651	5
2652	5
2653	5
2654	5
2655	5
2656	5
2657	5
2658	5
2659	5
2660	5
2661	5
2662	5
2663	5
2664	5
2665	5
2666	5
2667	5
2668	5
2669	5
2670	5
2671	5
2672	5
2673	5
2674	5
2675	5
2676	5
2677	5
2678	5
2679	5
2680	5
2681	5
2682	5
2683	5
2684	5
2685	5
2686	5
2687	5
2688	5
2689	5
2690	5
2691	5
2692	5
2693	5
2694	5
2695	5
2696	5
2697	5
2698	5
2699	5
2700	5
2701	5
2702	5
2703	5
2704	5
2705	5
2706	5
2707	5
2708	5
2709	5
2710	5
2711	5
2712	5
2713	5
2714	5
2715	5
2716	5
2717	5
2718	5
2719	5
2720	5
2721	5
2722	5
2723	5
2724	4
2725	5
2726	5
2727	5
2728	5
2729	5
2730	5
2731	5
2732	5
2733	5
2734	5
2735	5
2736	5
2737	5
2738	5
2739	5
2740	5
2741	5
2742	5
2743	5
2744	5
2745	5
2746	5
2747	5
2748	5
2749	5
2750	5
2751	5
2752	5
2753	5
2754	5
2755	5
2756	5
2757	5
2758	5
2759	5
2760	4
2761	5
2762	5
2763	4
2764	5
2765	5
2766	4
2767	5
2768	5
2769	5
2770	5
2771	4
2772	5
2773	5
2774	5
2775	4
2776	4
2777	5
2778	5
2779	5
2780	5
2781	4
2782	5
2783	5
2784	4
2785	5
2786	4
2787	4
2788	5
2789	4
2790	5
2791	5
2792	4
2793	5
2794	4
2795	5
2796	5
2797	4
2798	5
2799	5
2800	5
2801	5
2802	4
2803	5
2804	5
2805	5
2806	5
2807	4
2808	5
2809	4
2810	4
2811	4
2812	4
2813	4
2814	4
2815	4
2816	5
2817	4
2818	4
2819	5
2820	4
2821	4
2822	5
2823	4
2824	5
2825	4
2826	4
2827	5
2828	4
2829	5
2830	4
2831	5
2832	5
2833	4
2834	5
2835	4
2836	5
2837	5
2838	4
2839	5
2840	5
2841	5
2842	5
2843	5
2844	5
2845	5
2846	5
2847	5
2848	5
2849	4
2850	5
2851	4
2852	5
2853	5
2854	4
2855	5
2856	5
2857	5
2858	5
2859	4
2860	5
2861	5
2862	5
2863	5
2864	5
2865	5
2866	5
2867	4
2868	5
2869	5
2870	5
2871	4
2872	5
2873	5
2874	5
2875	5
2876	5
2877	5
2878	5
2879	5
2880	5
2881	5
2882	5
2883	5
2884	5
2885	5
2886	5
2887	5
2888	5
2889	5
2890	5
2891	5
2892	5
2893	5
2894	5
2895	5
2896	5
2897	5
2898	5
2899	5
2900	5
2901	5
2902	5
2903	5
2904	5
2905	5
2906	5
2907	5
2908	5
2909	5
2910	5
2911	5
2912	5
2913	5
2914	4
2915	5
2916	5
2917	5
2918	5
2919	5
2920	5
2921	5
2922	5
2923	5
2924	5
2925	5
2926	5
2927	5
2928	5
2929	5
2930	5
2931	5
2932	5
2933	5
2934	5
2935	5
2936	5
2937	5
2938	5
2939	5
2940	5
2941	5
2942	5
2943	5
2944	5
2945	5
2946	5
2947	5
2948	5
2949	5
2950	5
2951	5
2952	5
2953	5
2954	5
2955	5
2956	5
2957	5
2958	5
2959	5
2960	5
2961	5
2962	5
2963	5
2964	5
2965	5
2966	5
2967	5
2968	5
2969	5
2970	5
2971	5
2972	5
2973	5
2974	5
2975	5
2976	5
2977	5
2978	5
2979	5
2980	5
2981	5
2982	5
2983	5
2984	5
2985	5
2986	5
2987	5
2988	5
2989	5
2990	5
2991	5
2992	5
2993	5
2994	5
2995	5
2996	5
2997	5
2998	5
2999	5
3000	5
3001	5
3002	5
3003	5
3004	5
3005	5
3006	5
3007	5
3008	5
3009	5
3010	5
3011	5
3012	5
3013	5
3014	5
3015	5
3016	5
3017	5
3018	5
3019	5
3020	5
3021	5
3022	5
3023	5
3024	5
3025	5
3026	5
3027	5
3028	5
3029	4
3030	5
3031	5
3032	5
3033	5
3034	5
3035	5
3036	5
3037	5
3038	5
3039	5
3040	5
3041	5
3042	4
3043	5
3044	5
3045	5
3046	5
3047	5
3048	5
3049	5
3050	5
3051	5
3052	4
3053	5
3054	5
3055	4
3056	5
3057	5
3058	5
3059	5
3060	5
3061	5
3062	5
3063	5
3064	4
3065	5
3066	5
3067	5
3068	4
3069	5
3070	5
3071	5
3072	5
3073	4
3074	5
3075	4
3076	4
3077	4
3078	4
3079	5
3080	4
3081	5
3082	4
3083	4
3084	4
3085	5
3086	4
3087	4
3088	4
3089	4
3090	5
3091	4
3092	5
3093	4
3094	4
3095	5
3096	4
3097	5
3098	5
3099	4
3100	5
3101	4
3102	5
3103	5
3104	4
3105	5
3106	4
3107	5
3108	5
3109	4
3110	5
3111	5
3112	5
3113	5
3114	4
3115	5
3116	5
3117	4
3118	5
3119	4
3120	5
3121	5
3122	4
3123	5
3124	5
3125	4
3126	5
3127	4
3128	5
3129	5
3130	4
3131	5
3132	5
3133	5
3134	5
3135	4
3136	5
3137	5
3138	5
3139	5
3140	5
3141	5
3142	5
3143	5
3144	5
3145	5
3146	5
3147	5
3148	5
3149	5
3150	5
3151	5
3152	5
3153	5
3154	5
3155	5
3156	5
3157	5
3158	5
3159	5
3160	5
3161	5
3162	5
3163	5
3164	5
3165	5
3166	5
3167	5
3168	5
3169	5
3170	5
3171	5
3172	5
3173	5
3174	5
3175	5
3176	5
3177	5
3178	5
3179	5
3180	5
3181	5
3182	5
3183	5
3184	5
3185	5
3186	5
3187	5
3188	5
3189	5
3190	5
3191	5
3192	5
3193	5
3194	5
3195	5
3196	5
3197	5
3198	5
3199	5
3200	5
3201	5
3202	5
3203	5
3204	5
3205	5
3206	5
3207	5
3208	5
3209	5
3210	5
3211	5
3212	5
3213	5
3214	5
3215	5
3216	5
3217	5
3218	5
3219	5
3220	5
3221	5
3222	5
3223	5
3224	5
3225	5
3226	4
3227	5
3228	5
3229	5
3230	5
3231	5
3232	5
3233	5
3234	5
3235	5
3236	5
3237	5
3238	5
3239	5
3240	5
3241	5
3242	5
3243	5
3244	5
3245	5
3246	5
3247	5
3248	5
3249	5
3250	5
3251	5
3252	5
3253	5
3254	5
3255	5
3256	5
3257	5
3258	5
3259	5
3260	5
3261	5
3262	5
3263	5
3264	5
3265	5
3266	5
3267	5
3268	5
3269	5
3270	5
3271	5
3272	5
3273	5
3274	5
3275	5
3276	5
3277	5
3278	5
3279	5
3280	5
3281	5
3282	5
3283	5
3284	5
3285	5
3286	5
3287	5
3288	5
3289	5
3290	5
3291	5
3292	5
3293	5
3294	5
3295	5
3296	5
3297	5
3298	5
3299	5
3300	5
3301	5
3302	5
3303	5
3304	5
3305	5
3306	5
3307	5
3308	5
3309	5
3310	5
3311	5
3312	5
3313	5
3314	5
3315	5
3316	5
3317	5
3318	5
3319	5
3320	5
3321	5
3322	5
3323	5
3324	5
3325	5
3326	5
3327	5
3328	5
3329	5
3330	5
3331	5
3332	5
3333	5
3334	5
3335	5
3336	5
3337	5
3338	4
3339	5
3340	5
3341	4
3342	5
3343	4
3344	4
3345	5
3346	5
3347	5
3348	4
3349	4
3350	5
3351	5
3352	5
3353	4
3354	4
3355	5
3356	5
3357	5
3358	5
3359	4
3360	5
3361	5
3362	5
3363	5
3364	4
3365	5
3366	5
3367	4
3368	5
3369	5
3370	4
3371	5
3372	4
3373	5
3374	5
3375	4
3376	5
3377	5
3378	5
3379	5
3380	4
3381	5
3382	5
3383	5
3384	5
3385	4
3386	5
3387	5
3388	5
3389	5
3390	4
3391	5
3392	5
3393	5
3394	4
3395	4
3396	4
3397	5
3398	4
3399	4
3400	5
3401	4
3402	5
3403	4
3404	4
3405	5
3406	4
3407	5
3408	4
3409	4
3410	5
3411	4
3412	5
3413	5
3414	5
3415	5
3416	4
3417	5
3418	5
3419	4
3420	5
3421	4
3422	5
3423	5
3424	4
3425	5
3426	5
3427	4
3428	5
3429	5
3430	5
3431	5
3432	4
3433	5
3434	5
3435	5
3436	5
3437	4
3438	5
3439	5
3440	5
3441	5
3442	5
3443	5
3444	5
3445	5
3446	5
3447	5
3448	5
3449	5
3450	5
3451	5
3452	5
3453	5
3454	5
3455	5
3456	5
3457	5
3458	5
3459	5
3460	5
3461	5
3462	5
3463	5
3464	5
3465	5
3466	5
3467	5
3468	5
3469	5
3470	5
3471	5
3472	5
3473	5
3474	5
3475	5
3476	5
3477	5
3478	5
3479	5
3480	5
3481	5
3482	5
3483	5
3484	5
3485	5
3486	5
3487	5
3488	5
3489	5
3490	5
3491	5
3492	5
3493	5
3494	5
3495	5
3496	5
3497	5
3498	5
3499	5
3500	5
3501	5
3502	5
3503	5
3504	5
3505	5
3506	5
3507	5
3508	5
3509	5
3510	5
3511	5
3512	5
3513	5
3514	5
3515	5
3516	5
3517	5
3518	5
3519	5
3520	5
3521	5
3522	5
3523	5
3524	5
3525	5
3526	5
3527	5
3528	5
3529	5
3530	5
3531	5
3532	5
3533	5
3534	5
3535	5
3536	5
3537	5
3538	5
3539	5
3540	5
3541	5
3542	5
3543	5
3544	5
3545	5
3546	5
3547	5
3548	5
3549	5
3550	5
3551	5
3552	5
3553	5
3554	5
3555	5
3556	5
3557	5
3558	5
3559	5
3560	5
3561	5
3562	5
3563	5
3564	4
3565	5
3566	5
3567	5
3568	5
3569	5
3570	5
3571	5
3572	5
3573	5
3574	5
3575	5
3576	5
3577	5
3578	5
3579	5
3580	5
3581	5
3582	5
3583	5
3584	5
3585	5
3586	5
3587	5
3588	5
3589	5
3590	5
3591	5
3592	5
3593	5
3594	5
3595	5
3596	5
3597	5
3598	5
3599	5
3600	5
3601	5
3602	5
3603	5
3604	5
3605	5
3606	5
3607	5
3608	5
3609	5
3610	5
3611	5
3612	5
3613	5
3614	5
3615	5
3616	5
3617	5
3618	5
3619	5
3620	5
3621	5
3622	5
3623	5
3624	5
3625	5
3626	5
3627	5
3628	5
3629	5
3630	5
3631	5
3632	5
3633	5
3634	5
3635	5
3636	5
3637	5
3638	5
3639	5
3640	4
3641	5
3642	5
3643	5
3644	5
3645	4
3646	5
3647	5
3648	5
3649	5
3650	5
3651	5
3652	5
3653	5
3654	5
3655	5
3656	5
3657	5
3658	5
3659	5
3660	5
3661	5
3662	5
3663	5
3664	5
3665	5
3666	5
3667	5
3668	5
3669	5
3670	5
3671	5
3672	5
3673	5
3674	5
3675	5
3676	5
3677	4
3678	5
3679	5
3680	5
3681	5
3682	4
3683	5
3684	5
3685	4
3686	5
3687	4
3688	5
3689	5
3690	4
3691	5
3692	4
3693	5
3694	5
3695	4
3696	5
3697	4
3698	5
3699	5
3700	5
3701	5
3702	4
3703	4
3704	5
3705	4
3706	5
3707	5
3708	4
3709	5
3710	4
3711	5
3712	5
3713	4
3714	5
3715	5
3716	5
3717	5
3718	4
3719	5
3720	5
3721	5
3722	5
3723	4
3724	5
3725	5
3726	5
3727	5
3728	5
3729	4
3730	4
3731	4
3732	5
3733	5
3734	4
3735	4
3736	4
3737	5
3738	5
3739	4
3740	5
3741	5
3742	5
3743	5
3744	4
3745	5
3746	5
3747	5
3748	5
3749	4
3750	5
3751	5
3752	5
3753	5
3754	5
3755	5
3756	5
3757	5
3758	5
3759	5
3760	5
3761	5
3762	5
3763	5
3764	5
3765	5
3766	5
3767	5
3768	5
3769	5
3770	5
3771	5
3772	5
3773	5
3774	5
3775	5
3776	5
3777	5
3778	5
3779	5
3780	5
3781	5
3782	5
3783	5
3784	5
3785	5
3786	5
3787	5
3788	5
3789	5
3790	5
3791	5
3792	5
3793	5
3794	5
3795	5
3796	5
3797	5
3798	5
3799	5
3800	5
3801	5
3802	5
3803	5
3804	5
3805	5
3806	5
3807	5
3808	5
3809	5
3810	5
3811	5
3812	5
3813	5
3814	5
3815	5
3816	5
3817	5
3818	5
3819	5
3820	5
3821	5
3822	5
3823	5
3824	5
3825	5
3826	5
3827	5
3828	5
3829	5
3830	5
3831	5
3832	5
3833	5
3834	5
3835	5
3836	5
3837	5
3838	5
3839	5
3840	5
3841	5
3842	5
3843	5
3844	5
3845	5
3846	5
3847	5
3848	5
3849	5
3850	5
3851	5
3852	5
3853	5
3854	5
3855	5
3856	5
3857	5
3858	5
3859	5
3860	5
3861	5
3862	5
3863	5
3864	5
3865	5
3866	5
3867	5
3868	5
3869	5
3870	5
3871	5
3872	5
3873	5
3874	5
3875	5
3876	5
3877	5
3878	5
3879	5
3880	5
3881	5
3882	5
3883	5
3884	5
3885	5
3886	5
3887	5
3888	5
3889	5
3890	5
3891	5
3892	5
3893	5
3894	5
3895	5
3896	5
3897	5
3898	5
3899	5
3900	5
3901	5
3902	5
3903	5
3904	5
3905	5
3906	5
3907	5
3908	5
3909	5
3910	5
3911	5
3912	5
3913	5
3914	5
3915	5
3916	5
3917	5
3918	5
3919	5
3920	5
3921	5
3922	5
3923	5
3924	5
3925	5
3926	5
3927	5
3928	5
3929	5
3930	5
3931	5
3932	5
3933	5
3934	5
3935	5
3936	5
3937	5
3938	5
3939	5
3940	5
3941	5
3942	5
3943	5
3944	5
3945	5
3946	5
3947	5
3948	5
3949	5
3950	5
3951	5
3952	5
3953	5
3954	5
3955	5
3956	5
3957	5
3958	5
3959	5
3960	5
3961	5
3962	5
3963	5
3964	5
3965	5
3966	5
3967	5
3968	5
3969	5
3970	5
3971	5
3972	5
3973	5
3974	5
3975	5
3976	5
3977	5
3978	5
3979	5
3980	5
3981	5
3982	5
3983	5
3984	5
3985	5
3986	5
3987	5
3988	5
3989	5
3990	5
3991	5
3992	5
3993	5
3994	5
3995	5
3996	5
3997	5
3998	5
3999	5
4000	5
4001	5
4002	5
4003	5
4004	5
4005	5
4006	5
4007	5
4008	5
4009	5
4010	5
4011	5
4012	5
4013	5
4014	5
4015	5
4016	5
4017	5
4018	5
4019	5
4020	5
4021	5
4022	5
4023	5
4024	5
4025	5
4026	5
4027	5
4028	5
4029	5
4030	5
4031	5
4032	5
4033	5
4034	5
4035	5
4036	5
4037	5
4038	5
4039	5
4040	5
4041	5
4042	5
4043	5
4044	5
4045	5
4046	5
4047	5
4048	5
4049	5
4050	5
4051	4
4052	5
4053	5
4054	5
4055	5
4056	4
4057	5
4058	5
4059	5
4060	5
4061	4
4062	5
4063	5
4064	5
4065	5
4066	4
4067	5
4068	5
4069	5
4070	5
4071	5
4072	5
4073	5
4074	4
4075	5
4076	5
4077	4
4078	5
4079	4
4080	5
4081	5
4082	4
4083	5
4084	4
4085	5
4086	5
4087	4
4088	5
4089	4
4090	5
4091	4
4092	4
4093	5
4094	5
4095	4
4096	4
4097	4
4098	4
4099	5
4100	4
4101	4
4102	4
4103	4
4104	5
4105	4
4106	5
4107	5
4108	4
4109	5
4110	4
4111	5
4112	5
4113	4
4114	5
4115	4
4116	5
4117	5
4118	4
4119	5
4120	5
4121	5
4122	5
4123	4
4124	5
4125	5
4126	5
4127	5
4128	4
4129	5
4130	5
4131	4
4132	5
4133	5
4134	5
4135	5
4136	5
4137	5
4138	5
4139	4
4140	5
4141	5
4142	5
4143	5
4144	4
4145	5
4146	5
4147	5
4148	5
4149	4
4150	5
4151	5
4152	5
4153	5
4154	5
4155	5
4156	4
4157	5
4158	5
4159	5
4160	5
4161	5
4162	5
4163	5
4164	5
4165	5
4166	5
4167	5
4168	5
4169	5
4170	5
4171	5
4172	5
4173	5
4174	5
4175	5
4176	5
4177	5
4178	5
4179	5
4180	5
4181	5
4182	5
4183	5
4184	5
4185	5
4186	5
4187	5
4188	5
4189	5
4190	5
4191	5
4192	5
4193	5
4194	5
4195	5
4196	5
4197	5
4198	5
4199	5
4200	5
4201	5
4202	5
4203	5
4204	5
4205	5
4206	5
4207	5
4208	5
4209	5
4210	5
4211	5
4212	5
4213	5
4214	5
4215	5
4216	5
4217	5
4218	5
4219	5
4220	5
4221	5
4222	5
4223	5
4224	5
4225	5
4226	5
4227	5
4228	5
4229	5
4230	5
4231	5
4232	5
4233	5
4234	5
4235	5
4236	5
4237	5
4238	5
4239	5
4240	5
4241	5
4242	5
4243	5
4244	5
4245	5
4246	5
4247	5
4248	5
4249	5
4250	5
4251	5
4252	5
4253	5
4254	5
4255	5
4256	5
4257	5
4258	5
4259	5
4260	5
4261	5
4262	5
4263	5
4264	5
4265	5
4266	5
4267	5
4268	5
4269	5
4270	5
4271	5
4272	5
4273	5
4274	5
4275	5
4276	5
4277	5
4278	5
4279	5
4280	5
4281	5
4282	5
4283	5
4284	5
4285	5
4286	5
4287	5
4288	5
4289	5
4290	5
4291	5
4292	5
4293	5
4294	5
4295	5
4296	5
4297	5
4298	5
4299	5
4300	5
4301	5
4302	5
4303	5
4304	5
4305	5
4306	5
4307	5
4308	5
4309	5
4310	5
4311	5
4312	5
4313	5
4314	5
4315	5
4316	5
4317	5
4318	5
4319	5
4320	5
4321	4
4322	5
4323	5
4324	5
4325	5
4326	5
4327	5
4328	5
4329	5
4330	5
4331	5
4332	5
4333	5
4334	5
4335	5
4336	5
4337	5
4338	5
4339	5
4340	5
4341	5
4342	5
4343	5
4344	4
4345	5
4346	5
4347	4
4348	5
4349	5
4350	5
4351	5
4352	5
4353	4
4354	5
4355	5
4356	5
4357	5
4358	4
4359	5
4360	5
4361	5
4362	5
4363	4
4364	5
4365	5
4366	4
4367	4
4368	4
4369	5
4370	5
4371	5
4372	5
4373	4
4374	5
4375	5
4376	5
4377	5
4378	4
4379	4
4380	5
4381	4
4382	5
4383	5
4384	4
4385	5
4386	5
4387	5
4388	5
4389	4
4390	5
4391	4
4392	5
4393	5
4394	4
4395	5
4396	5
4397	5
4398	5
4399	4
4400	5
4401	4
4402	5
4403	4
4404	4
4405	4
4406	5
4407	5
4408	5
4409	5
4410	4
4411	5
4412	4
4413	5
4414	5
4415	4
4416	5
4417	4
4418	4
4419	5
4420	4
4421	5
4422	5
4423	5
4424	5
4425	4
4426	5
4427	5
4428	5
4429	5
4430	4
4431	5
4432	5
4433	5
4434	5
4435	5
4436	5
4437	5
4438	5
4439	5
4440	5
4441	4
4442	5
4443	5
4444	5
4445	5
4446	5
4447	5
4448	5
4449	5
4450	5
4451	5
4452	5
4453	5
4454	5
4455	5
4456	5
4457	5
4458	5
4459	5
4460	5
4461	5
4462	5
4463	5
4464	5
4465	5
4466	5
4467	5
4468	4
4469	5
4470	5
4471	5
4472	5
4473	4
4474	5
4475	5
4476	5
4477	5
4478	5
4479	5
4480	5
4481	5
4482	5
4483	5
4484	5
4485	5
4486	5
4487	5
4488	5
4489	5
4490	5
4491	5
4492	5
4493	5
4494	5
4495	5
4496	5
4497	5
4498	5
4499	5
4500	5
4501	5
4502	5
4503	5
4504	5
4505	5
4506	5
4507	5
4508	5
4509	5
4510	5
4511	5
4512	5
4513	5
4514	5
4515	5
4516	5
4517	5
4518	5
4519	5
4520	5
4521	5
4522	5
4523	5
4524	5
4525	5
4526	5
4527	5
4528	5
4529	5
4530	5
4531	5
4532	5
4533	5
4534	5
4535	5
4536	5
4537	5
4538	5
4539	5
4540	5
4541	5
4542	5
4543	5
4544	5
4545	5
4546	5
4547	5
4548	5
4549	5
4550	5
4551	5
4552	5
4553	5
4554	5
4555	5
4556	5
4557	5
4558	5
4559	5
4560	5
4561	5
4562	5
4563	5
4564	5
4565	5
4566	5
4567	5
4568	5
4569	5
4570	5
4571	5
4572	5
4573	5
4574	5
4575	5
4576	5
4577	5
4578	5
4579	5
4580	5
4581	5
4582	5
4583	5
4584	5
4585	5
4586	5
4587	5
4588	5
4589	5
4590	5
4591	5
4592	5
4593	5
4594	5
4595	5
4596	5
4597	5
4598	5
4599	5
4600	5
4601	5
4602	5
4603	5
4604	5
4605	5
4606	5
4607	5
4608	5
4609	5
4610	5
4611	5
4612	5
4613	5
4614	5
4615	5
4616	5
4617	5
4618	5
4619	5
4620	5
4621	5
4622	5
4623	5
4624	5
4625	5
4626	5
4627	5
4628	5
4629	5
4630	5
4631	5
4632	5
4633	5
4634	5
4635	5
4636	5
4637	5
4638	5
4639	5
4640	5
4641	5
4642	5
4643	5
4644	5
4645	5
4646	5
4647	5
4648	5
4649	4
4650	5
4651	5
4652	5
4653	5
4654	4
4655	5
4656	5
4657	5
4658	5
4659	5
4660	5
4661	5
4662	5
4663	5
4664	5
4665	5
4666	5
4667	5
4668	5
4669	5
4670	5
4671	5
4672	5
4673	5
4674	5
4675	5
4676	5
4677	5
4678	5
4679	5
4680	4
4681	5
4682	5
4683	4
4684	5
4685	4
4686	5
4687	5
4688	5
4689	5
4690	5
4691	4
4692	5
4693	5
4694	5
4695	5
4696	4
4697	5
4698	5
4699	5
4700	5
4701	4
4702	5
4703	5
4704	5
4705	5
4706	4
4707	4
4708	5
4709	4
4710	5
4711	4
4712	4
4713	5
4714	4
4715	5
4716	5
4717	4
4718	5
4719	4
4720	5
4721	5
4722	4
4723	5
4724	4
4725	5
4726	5
4727	4
4728	5
4729	5
4730	5
4731	4
4732	4
4733	4
4734	4
4735	5
4736	4
4737	4
4738	4
4739	5
4740	5
4741	5
4742	5
4743	4
4744	5
4745	5
4746	5
4747	5
4748	4
4749	5
4750	4
4751	4
4752	5
4753	4
4754	5
4755	5
4756	5
4757	5
4758	4
4759	5
4760	4
4761	5
4762	5
4763	4
4764	5
4765	4
4766	5
4767	5
4768	4
4769	5
4770	5
4771	4
4772	5
4773	5
4774	5
4775	5
4776	5
4777	5
4778	5
4779	4
4780	5
4781	5
4782	5
4783	5
4784	5
4785	5
4786	5
4787	5
4788	5
4789	5
4790	5
4791	5
4792	5
4793	5
4794	5
4795	5
4796	5
4797	5
4798	5
4799	5
4800	5
4801	5
4802	5
4803	5
4804	5
4805	5
4806	5
4807	5
4808	5
4809	5
4810	5
4811	5
4812	5
4813	5
4814	5
4815	5
4816	5
4817	5
4818	5
4819	5
4820	5
4821	5
4822	5
4823	5
4824	5
4825	5
4826	5
4827	5
4828	5
4829	5
4830	5
4831	5
4832	5
4833	5
4834	5
4835	5
4836	5
4837	5
4838	5
4839	5
4840	5
4841	5
4842	5
4843	5
4844	5
4845	5
4846	5
4847	5
4848	5
4849	5
4850	5
4851	5
4852	5
4853	5
4854	5
4855	5
4856	5
4857	5
4858	5
4859	5
4860	5
4861	5
4862	5
4863	5
4864	5
4865	5
4866	5
4867	5
4868	5
4869	5
4870	5
4871	5
4872	5
4873	5
4874	5
4875	5
4876	5
4877	5
4878	5
4879	5
4880	5
4881	5
4882	5
4883	5
4884	5
4885	5
4886	5
4887	5
4888	5
4889	5
4890	5
4891	5
4892	5
4893	5
4894	5
4895	5
4896	5
4897	5
4898	5
4899	5
4900	5
4901	5
4902	5
4903	5
4904	5
4905	5
4906	5
4907	5
4908	5
4909	5
4910	5
4911	5
4912	5
4913	5
4914	5
4915	5
4916	5
4917	5
4918	5
4919	5
4920	5
4921	5
4922	5
4923	5
4924	5
4925	5
4926	5
4927	5
4928	5
4929	5
4930	5
4931	5
4932	5
4933	5
4934	5
4935	5
4936	5
4937	5
4938	5
4939	5
4940	5
4941	5
4942	5
4943	5
4944	5
4945	5
4946	5
4947	5
4948	5
4949	5
4950	5
4951	5
4952	5
4953	5
4954	5
4955	5
4956	5
4957	5
4958	5
4959	5
4960	5
4961	5
4962	5
4963	5
4964	5
4965	5
4966	5
4967	5
4968	5
4969	5
4970	5
4971	5
4972	5
4973	5
4974	5
4975	5
4976	5
4977	5
4978	5
4979	5
4980	5
4981	5
4982	5
4983	5
4984	5
4985	5
4986	5
4987	5
4988	5
4989	5
4990	5
4991	5
4992	5
4993	5
4994	5
4995	5
4996	5
4997	5
4998	5
4999	5
5000	5
