1	0
2	0.723277
3	0.785667
4	0.672949
5	0.513816
6	0.383797
7	0.619824
8	0.631173
9	0.584664
10	0.5054
11	0.397763
12	0.29258
13	0.327165
14	0.373445
15	0.380866
16	0.361217
17	0.322465
18	0.268856
19	0.245864
20	0.254183
21	0.261932
22	0.257545
23	0.248724
24	0.233586
25	0.218059
26	0.203419
27	0.194494
28	0.190675
29	0.185645
30	0.181891
31	0.177747
32	0.172341
33	0.166899
34	0.163316
35	0.162064
36	0.160923
37	0.159174
38	0.156216
39	0.153244
40	0.150179
41	0.147592
42	0.144748
43	0.142624
44	0.14053
45	0.138071
46	0.136296
47	0.134354
48	0.133075
49	0.131937
50	0.130632
51	0.129184
52	0.128522
53	0.128404
54	0.127536
55	0.127222
56	0.126057
57	0.124944
58	0.123569
59	0.122121
60	0.120521
61	0.118757
62	0.116894
63	0.114834
64	0.112335
65	0.110608
66	0.109014
67	0.107567
68	0.106069
69	0.104347
70	0.102631
71	0.100968
72	0.0992806
73	0.0975592
74	0.095856
75	0.0937227
76	0.0917747
77	0.0899413
78	0.0882418
79	0.0864264
80	0.0846015
81	0.0827702
82	0.0808941
83	0.0790614
84	0.0771413
85	0.0751481
86	0.0730793
87	0.0708897
88	0.0689708
89	0.0671579
90	0.0652983
91	0.0636409
92	0.0620906
93	0.0605952
94	0.0594718
95	0.058218
96	0.0569962
97	0.0557924
98	0.0544831
99	0.0532388
100	0.0520798
101	0.0510862
102	0.0500275
103	0.0491247
104	0.0481512
105	0.0471832
106	0.0461953
107	0.0452315
108	0.0442397
109	0.0433571
110	0.0424177
111	0.0415722
112	0.0406597
113	0.0398178
114	0.0388965
115	0.0381183
116	0.0373245
117	0.0365867
118	0.0358161
119	0.0350998
120	0.0344399
121	0.033752
122	0.0330961
123	0.0325159
124	0.0319077
125	0.03125
126	0.0306174
127	0.0299789
128	0.0293314
129	0.0286886
130	0.0280316
131	0.027421
132	0.0268109
133	0.0261667
134	0.0255905
135	0.0250204
136	0.0244443
137	0.0238857
138	0.0233496
139	0.0228478
140	0.0223723
141	0.0218808
142	0.0214313
143	0.0209489
144	0.0204766
145	0.0200285
146	0.0195903
147	0.019152
148	0.0187226
149	0.0183138
150	0.0179419
151	0.01756
152	0.0171691
153	0.0168032
154	0.0164395
155	0.0160924
156	0.0157459
157	0.0154006
158	0.0150891
159	0.0147512
160	0.0144319
161	0.0141024
162	0.013796
163	0.0135196
164	0.0132583
165	0.0130267
166	0.0127748
167	0.0125173
168	0.0122737
169	0.0120256
170	0.0117971
171	0.0115386
172	0.0113163
173	0.0111014
174	0.0108935
175	0.010676
176	0.0104571
177	0.0102521
178	0.0100601
179	0.00987018
180	0.00967176
181	0.00948716
182	0.00930902
183	0.00913415
184	0.00894252
185	0.00877049
186	0.00860842
187	0.00844416
188	0.00827807
189	0.00812203
190	0.00797651
191	0.00783442
192	0.00770002
193	0.00754764
194	0.00740188
195	0.00726592
196	0.00713032
197	0.00699796
198	0.00685865
199	0.00672728
200	0.00661391
201	0.00649275
202	0.006386
203	0.0062511
204	0.00613888
205	0.0060421
206	0.0059312
207	0.0058452
208	0.00572615
209	0.00563247
210	0.00555963
211	0.00545773
212	0.00538211
213	0.00527023
214	0.00518954
215	0.00512276
216	0.00503023
217	0.00497348
218	0.00487593
219	0.00480866
220	0.00475286
221	0.0046648
222	0.00460973
223	0.00451065
224	0.00445018
225	0.00439895
226	0.00433055
227	0.00428256
228	0.00418393
229	0.00413053
230	0.00409272
231	0.0040194
232	0.0039727
233	0.00388118
234	0.00382849
235	0.00380259
236	0.00373705
237	0.00369912
238	0.00362217
239	0.00357705
240	0.00356147
241	0.00349979
242	0.00346463
243	0.0034083
244	0.00334875
245	0.00333434
246	0.00328181
247	0.0032401
248	0.00320042
249	0.00313216
250	0.00311823
251	0.00307604
252	0.00302687
253	0.00298897
254	0.00292344
255	0.00290543
256	0.00287203
257	0.00281673
258	0.00278321
259	0.00272227
260	0.0027016
261	0.00267639
262	0.0026168
263	0.00259207
264	0.00253417
265	0.00251595
266	0.00249921
267	0.00243792
268	0.00241876
269	0.0023676
270	0.00233529
271	0.00231992
272	0.00226804
273	0.00223847
274	0.00218722
275	0.00215701
276	0.00214344
277	0.0020998
278	0.00207837
279	0.00202396
280	0.00199979
281	0.00198952
282	0.00194989
283	0.00193029
284	0.00188039
285	0.00185984
286	0.00184378
287	0.00181074
288	0.00179498
289	0.00175396
290	0.00173422
291	0.00171986
292	0.00168838
293	0.00168039
294	0.00163999
295	0.0016074
296	0.00159975
297	0.00157537
298	0.00156197
299	0.00153331
300	0.0014942
301	0.00148498
302	0.00145905
303	0.00144667
304	0.00143219
305	0.0013946
306	0.00139064
307	0.00136638
308	0.00135233
309	0.00135303
310	0.00130814
311	0.0013117
312	0.00129301
313	0.00126842
314	0.00127494
315	0.001227
316	0.00123174
317	0.00122312
318	0.00118751
319	0.00119722
320	0.00115228
321	0.00116352
322	0.00116119
323	0.00111146
324	0.00112156
325	0.00108844
326	0.00109603
327	0.00109719
328	0.00104578
329	0.00105075
330	0.00102579
331	0.00102519
332	0.00102724
333	0.000987308
334	0.000985115
335	0.00097078
336	0.000967793
337	0.000972412
338	0.000947881
339	0.000938604
340	0.000928601
341	0.000926343
342	0.000937561
343	0.000926598
344	0.000913675
345	0.0009002
346	0.000901077
347	0.000904587
348	0.000903547
349	0.000885723
350	0.000868034
351	0.000869473
352	0.000873783
353	0.000870117
354	0.000862601
355	0.000841358
356	0.000836415
357	0.00085378
358	0.000845714
359	0.000848391
360	0.000825024
361	0.000809185
362	0.000838813
363	0.000822124
364	0.000835414
365	0.000809985
366	0.000781682
367	0.000826264
368	0.000796035
369	0.000804835
370	0.000789513
371	0.000749536
372	0.000803012
373	0.00077525
374	0.0007705
375	0.000776051
376	0.000718425
377	0.000780398
378	0.000756596
379	0.000742546
380	0.000771666
381	0.000697323
382	0.000754531
383	0.000744045
384	0.000707169
385	0.00075535
386	0.000676277
387	0.000726799
388	0.000733428
389	0.000686167
390	0.000743922
391	0.00066944
392	0.000697606
393	0.000731926
394	0.0006754
395	0.000719173
396	0.000676161
397	0.000663301
398	0.000723101
399	0.000670192
400	0.000701761
401	0.000687931
402	0.000635429
403	0.000711423
404	0.0006696
405	0.000669163
406	0.000690446
407	0.000616625
408	0.000701893
409	0.000673243
410	0.000640567
411	0.000691315
412	0.000605172
413	0.000679934
414	0.000668933
415	0.000609771
416	0.000674761
417	0.000597649
418	0.000644432
419	0.000662513
420	0.000588282
421	0.00065317
422	0.000596525
423	0.00060476
424	0.000648685
425	0.00057441
426	0.000627717
427	0.000589364
428	0.000570486
429	0.000627604
430	0.000566856
431	0.000593395
432	0.000588866
433	0.000550263
434	0.000610081
435	0.00057332
436	0.000572965
437	0.000595629
438	0.000535881
439	0.000599292
440	0.000584793
441	0.000563193
442	0.0006003
443	0.000539024
444	0.000590306
445	0.000589738
446	0.000554053
447	0.000605631
448	0.000550042
449	0.000583323
450	0.000603849
451	0.00055807
452	0.000604008
453	0.000560491
454	0.000568842
455	0.000601098
456	0.000548309
457	0.000584518
458	0.00055646
459	0.000543001
460	0.000576719
461	0.000534217
462	0.000556527
463	0.000534209
464	0.000507758
465	0.000543064
466	0.000515243
467	0.000525083
468	0.000512065
469	0.000483485
470	0.000505559
471	0.000493544
472	0.000498657
473	0.000497776
474	0.000475624
475	0.000487311
476	0.00048393
477	0.000490564
478	0.000491529
479	0.000471735
480	0.000487908
481	0.000486495
482	0.000487235
483	0.000496414
484	0.000470793
485	0.000486194
486	0.000488265
487	0.000481793
488	0.000496781
489	0.000467752
490	0.000478756
491	0.000483528
492	0.000474421
493	0.000495114
494	0.000466659
495	0.00047926
496	0.000470595
497	0.000469723
498	0.000493311
499	0.000464333
500	0.000481492
501	0.000466022
502	0.000465272
503	0.000490107
504	0.000453735
505	0.000471305
506	0.000463136
507	0.000452774
508	0.000478313
509	0.000436034
510	0.000451875
511	0.000449976
512	0.000430959
513	0.00046048
514	0.000419316
515	0.000436295
516	0.000442493
517	0.000413274
518	0.00044745
519	0.000411145
520	0.000431207
521	0.000443148
522	0.000402095
523	0.000441599
524	0.000412079
525	0.000427116
526	0.000445024
527	0.000400366
528	0.00043981
529	0.000418359
530	0.000419754
531	0.000442263
532	0.00039931
533	0.000436333
534	0.000428059
535	0.000411203
536	0.000449594
537	0.000418092
538	0.000436655
539	0.000443398
540	0.000401739
541	0.000453433
542	0.000437931
543	0.00042649
544	0.000450482
545	0.00040604
546	0.000455847
547	0.000452883
548	0.000420044
549	0.000453792
550	0.000414094
551	0.000458012
552	0.000456628
553	0.000424126
554	0.00045837
555	0.000422387
556	0.000453293
557	0.000452819
558	0.00042718
559	0.000458449
560	0.000421351
561	0.000448387
562	0.000448759
563	0.000432377
564	0.000452513
565	0.00041468
566	0.000442592
567	0.000449992
568	0.000440201
569	0.00045055
570	0.00041131
571	0.00044307
572	0.000449609
573	0.000447981
574	0.000456783
575	0.00041816
576	0.000452656
577	0.000461526
578	0.00045503
579	0.000470594
580	0.000434317
581	0.000458384
582	0.000479737
583	0.000471021
584	0.000496278
585	0.000460465
586	0.000463951
587	0.000492309
588	0.000488915
589	0.000507713
590	0.000480077
591	0.000469362
592	0.00050543
593	0.000491263
594	0.000510645
595	0.000493003
596	0.000460974
597	0.00051004
598	0.000483615
599	0.000499705
600	0.000491868
601	0.000442808
602	0.000502099
603	0.000474554
604	0.000476537
605	0.000485893
606	0.000426324
607	0.000486995
608	0.000466543
609	0.000455725
610	0.000488583
611	0.000421817
612	0.000476086
613	0.000465771
614	0.000450405
615	0.0004948
616	0.000427867
617	0.000471355
618	0.000472059
619	0.000454421
620	0.000507294
621	0.000447215
622	0.000475747
623	0.000497213
624	0.000469445
625	0.000527484
626	0.000472485
627	0.000474229
628	0.000519793
629	0.00048782
630	0.000531518
631	0.000497524
632	0.000474295
633	0.000534736
634	0.000488807
635	0.000515042
636	0.00050603
637	0.000453729
638	0.000525135
639	0.000484855
640	0.00048703
641	0.000514217
642	0.000438172
643	0.000509703
644	0.00048258
645	0.000468465
646	0.000518587
647	0.00043281
648	0.000495122
649	0.000485286
650	0.000457933
651	0.000519384
652	0.00043977
653	0.000484022
654	0.000488978
655	0.000452677
656	0.000516915
657	0.000446936
658	0.000474768
659	0.000501163
660	0.000458513
661	0.000521093
662	0.000466884
663	0.000466432
664	0.000515679
665	0.000476708
666	0.000520066
667	0.000490644
668	0.000460829
669	0.000529675
670	0.000486704
671	0.000511591
672	0.000517943
673	0.000454419
674	0.000533735
675	0.000491939
676	0.000493173
677	0.000538237
678	0.000449682
679	0.000526113
680	0.000500126
681	0.000472926
682	0.000540152
683	0.000449115
684	0.000503648
685	0.000503613
686	0.000457328
687	0.000528291
688	0.000448349
689	0.000482623
690	0.000497904
691	0.0004443
692	0.000513073
693	0.000447496
694	0.000458709
695	0.000497909
696	0.000452086
697	0.000511668
698	0.000472157
699	0.000452353
700	0.000514024
701	0.000479877
702	0.000518801
703	0.000505962
704	0.000451885
705	0.000532712
706	0.00049839
707	0.000503799
708	0.000530591
709	0.000453251
710	0.000535263
711	0.00050353
712	0.000482476
713	0.000545705
714	0.000455317
715	0.000523111
716	0.000514668
717	0.000465209
718	0.000540678
719	0.000456545
720	0.000498531
721	0.00051575
722	0.000454726
723	0.00052724
724	0.00046539
725	0.000472867
726	0.000508504
727	0.000451313
728	0.000513733
729	0.000474023
730	0.000448599
731	0.000504909
732	0.000460752
733	0.000502335
734	0.000493864
735	0.00043844
736	0.000509943
737	0.000483006
738	0.000492377
739	0.00051495
740	0.000443072
741	0.000517621
742	0.000502999
743	0.000475455
744	0.000524751
745	0.000450734
746	0.000513688
747	0.000509263
748	0.00047013
749	0.000528679
750	0.000458089
751	0.000500285
752	0.000513469
753	0.000466079
754	0.000527477
755	0.000471523
756	0.000479571
757	0.000516465
758	0.000455453
759	0.000515114
760	0.000480747
761	0.000456451
762	0.000508597
763	0.000451845
764	0.000488317
765	0.000475447
766	0.000434609
767	0.000488797
768	0.000456158
769	0.0004641
770	0.000478735
771	0.000427655
772	0.000477385
773	0.000467572
774	0.000458899
775	0.000487213
776	0.0004299
777	0.000471047
778	0.00047774
779	0.00045596
780	0.000492071
781	0.000444679
782	0.000469704
783	0.000487493
784	0.000456391
785	0.000495722
786	0.000461104
787	0.000470918
788	0.000487954
789	0.00045595
790	0.000490306
791	0.000464804
792	0.000466022
793	0.000488039
794	0.000456262
795	0.000486264
796	0.000468052
797	0.000452284
798	0.000481183
799	0.000452433
800	0.000476306
801	0.000460118
802	0.000439355
803	0.000465301
804	0.000447376
805	0.000463282
806	0.000453258
807	0.00043513
808	0.000443811
809	0.000441359
810	0.000448606
811	0.000443872
812	0.000430048
813	0.000430728
814	0.000430348
815	0.000440701
816	0.000435819
817	0.000421426
818	0.00042441
819	0.000430284
820	0.000439206
821	0.000436044
822	0.000420524
823	0.000424959
824	0.000434161
825	0.00044045
826	0.000442032
827	0.000425466
828	0.000434417
829	0.000435448
830	0.000439348
831	0.000453494
832	0.000436091
833	0.00045255
834	0.000434311
835	0.000439137
836	0.00046262
837	0.000439429
838	0.000458419
839	0.000433468
840	0.000437666
841	0.00046563
842	0.000428189
843	0.000447905
844	0.000431558
845	0.000427616
846	0.00046154
847	0.000410392
848	0.000433859
849	0.000421061
850	0.000410934
851	0.000445163
852	0.000393993
853	0.00042054
854	0.000415299
855	0.000390789
856	0.000429425
857	0.000386531
858	0.000410632
859	0.000416897
860	0.000372702
861	0.000419067
862	0.000386252
863	0.000398374
864	0.000420336
865	0.000367775
866	0.000414919
867	0.00039688
868	0.000389434
869	0.00042319
870	0.000377428
871	0.000414226
872	0.000414029
873	0.000389896
874	0.000433685
875	0.000409998
876	0.000425289
877	0.000433652
878	0.000395763
879	0.000445894
880	0.000434708
881	0.000424156
882	0.000442806
883	0.000405869
884	0.000455277
885	0.000448522
886	0.00042714
887	0.000454009
888	0.0004157
889	0.000459805
890	0.000454362
891	0.000430609
892	0.000459588
893	0.000418817
894	0.000451501
895	0.000451538
896	0.000425186
897	0.000455161
898	0.000414997
899	0.000445263
900	0.000449532
901	0.000425624
902	0.000448296
903	0.000409148
904	0.000440817
905	0.000453825
906	0.000433883
907	0.000448395
908	0.000405848
909	0.000443694
910	0.000450742
911	0.000437137
912	0.000453085
913	0.000408655
914	0.000447093
915	0.000446153
916	0.000436398
917	0.000459403
918	0.000408948
919	0.000450908
920	0.000455242
921	0.000439632
922	0.00047689
923	0.000424514
924	0.000457993
925	0.000474957
926	0.000461935
927	0.00050209
928	0.000451865
929	0.000462972
930	0.000494596
931	0.000476976
932	0.00051783
933	0.000478036
934	0.000466484
935	0.000517146
936	0.000480577
937	0.000514567
938	0.000492479
939	0.00046051
940	0.00052144
941	0.000478378
942	0.000497535
943	0.00049711
944	0.000441574
945	0.000510104
946	0.000475926
947	0.000472993
948	0.000501685
949	0.000428738
950	0.00049551
951	0.00047391
952	0.000458732
953	0.000512021
954	0.000429227
955	0.000488792
956	0.000481349
957	0.000453298
958	0.000519999
959	0.000440364
960	0.000483789
961	0.000496214
962	0.000455524
963	0.000522245
964	0.00045625
965	0.000477454
966	0.000515228
967	0.000470618
968	0.000527704
969	0.000478926
970	0.000465025
971	0.000524593
972	0.000487172
973	0.00052219
974	0.000506553
975	0.000461824
976	0.000535732
977	0.000493811
978	0.000506116
979	0.000526172
980	0.000448337
981	0.000529002
982	0.00049453
983	0.000480831
984	0.000537678
985	0.000445315
986	0.000514624
987	0.000501911
988	0.000465873
989	0.000532546
990	0.000445166
991	0.00049511
992	0.00050236
993	0.00045385
994	0.00052337
995	0.000450197
996	0.000476845
997	0.000503516
998	0.000451307
999	0.00051265
1000	0.000460926
1001	0.000458111
1002	0.000510113
1003	0.000469157
1004	0.000512425
1005	0.000488737
1006	0.000450243
1007	0.000521486
1008	0.000485139
1009	0.000506383
1010	0.000514726
1011	0.000448799
1012	0.000532146
1013	0.000492678
1014	0.000485656
1015	0.000537699
1016	0.000449455
1017	0.000523929
1018	0.000503179
1019	0.000469317
1020	0.00053935
1021	0.000451445
1022	0.000505222
1023	0.000509156
1024	0.000453657
1025	0.000526897
1026	0.000451396
1027	0.000476123
1028	0.000500644
1029	0.000444533
1030	0.000506778
1031	0.000455071
1032	0.000448389
1033	0.000496689
1034	0.00045192
1035	0.000505624
1036	0.000480362
1037	0.000438967
1038	0.000510231
1039	0.000478306
1040	0.000500646
1041	0.000510972
1042	0.000444331
1043	0.000524567
1044	0.000497115
1045	0.000485072
1046	0.000528672
1047	0.000452423
1048	0.000525309
1049	0.000504893
1050	0.000472312
1051	0.000535718
1052	0.000453127
1053	0.000507219
1054	0.000511051
1055	0.000458267
1056	0.000526433
1057	0.000456147
1058	0.000480492
1059	0.000507189
1060	0.000448732
1061	0.000515208
1062	0.000468622
1063	0.000456234
1064	0.000504263
1065	0.000448354
1066	0.000501584
1067	0.00048005
1068	0.000438207
1069	0.000501664
1070	0.000464928
1071	0.000488051
1072	0.00050213
1073	0.000437363
1074	0.000503802
1075	0.000487923
1076	0.00047874
1077	0.000515964
1078	0.00044445
1079	0.000503181
1080	0.000500398
1081	0.000463716
1082	0.000513099
1083	0.000445888
1084	0.000494556
1085	0.000497384
1086	0.000461793
1087	0.000518892
1088	0.000463075
1089	0.00048696
1090	0.00050959
1091	0.000463545
1092	0.000522218
1093	0.000479906
1094	0.000474983
1095	0.000512373
1096	0.000459554
1097	0.000508057
1098	0.00048422
1099	0.000456498
1100	0.00050168
1101	0.000459265
1102	0.000483994
1103	0.000476808
1104	0.00043703
1105	0.000481063
1106	0.000459592
1107	0.000463508
1108	0.000471167
1109	0.000428039
1110	0.000463456
1111	0.000456359
1112	0.000455991
1113	0.000473052
1114	0.000433624
1115	0.000457089
1116	0.000470869
1117	0.000461307
1118	0.000486717
1119	0.000450471
1120	0.000460514
1121	0.000480431
1122	0.000461541
1123	0.000482773
1124	0.000459346
1125	0.000462887
1126	0.000478114
1127	0.000458686
1128	0.000479295
1129	0.000459921
1130	0.000461171
1131	0.000473406
1132	0.000457733
1133	0.000478823
1134	0.000460905
1135	0.000455793
1136	0.000469464
1137	0.00045583
1138	0.000479127
1139	0.00045923
1140	0.000453945
1141	0.000457558
1142	0.000452284
1143	0.000474707
1144	0.000452288
1145	0.000452478
1146	0.000447655
1147	0.0004423
1148	0.000460452
1149	0.000431206
1150	0.000438225
1151	0.000430798
1152	0.000422064
1153	0.000442313
1154	0.000408513
1155	0.000420157
1156	0.000411517
1157	0.000401998
1158	0.000425761
1159	0.000399446
1160	0.000407351
1161	0.000410959
1162	0.000394369
1163	0.000428059
1164	0.000413553
1165	0.000410925
1166	0.000434387
1167	0.00040167
1168	0.000438187
1169	0.000435522
1170	0.000415556
1171	0.000450997
1172	0.000416006
1173	0.000439418
1174	0.000449382
1175	0.000414764
1176	0.000451179
1177	0.000420133
1178	0.000428184
1179	0.000453161
1180	0.000406476
1181	0.000444109
1182	0.000418119
1183	0.000415093
1184	0.000451368
1185	0.000395701
1186	0.000433461
1187	0.000417974
1188	0.000397172
1189	0.000442127
1190	0.00038847
1191	0.00042474
1192	0.000423356
1193	0.000381014
1194	0.000432367
1195	0.000384044
1196	0.000410154
1197	0.00042285
1198	0.000374727
1199	0.000422133
1200	0.00038757
1201	0.000401731
1202	0.000418487
1203	0.000382674
1204	0.000418835
1205	0.000392617
1206	0.00040887
1207	0.000421384
1208	0.000405473
1209	0.000423795
1210	0.000405023
1211	0.00042616
1212	0.000436404
1213	0.000432117
1214	0.000436714
1215	0.000413366
1216	0.000442135
1217	0.000448052
1218	0.000453617
1219	0.000450186
1220	0.000421348
1221	0.000450801
1222	0.00046158
1223	0.000461108
1224	0.000466926
1225	0.000436391
1226	0.000450706
1227	0.000473945
1228	0.000464775
1229	0.000488629
1230	0.000459421
1231	0.000455223
1232	0.000486
1233	0.000473398
1234	0.000494287
1235	0.000473417
1236	0.00045223
1237	0.000494244
1238	0.000476236
1239	0.000493775
1240	0.000480901
1241	0.000442813
1242	0.00049281
1243	0.000471158
1244	0.000480283
1245	0.000475063
1246	0.000425332
1247	0.000483685
1248	0.000462169
1249	0.000462378
1250	0.000470845
1251	0.000410306
1252	0.000473272
1253	0.000458347
1254	0.000448558
1255	0.000480571
1256	0.000414019
1257	0.000472638
1258	0.000465075
1259	0.000452269
1260	0.000500622
1261	0.000430805
1262	0.000472683
1263	0.000484075
1264	0.000462871
1265	0.000517202
1266	0.000457392
1267	0.000473274
1268	0.000508176
1269	0.000479039
1270	0.000526898
1271	0.000480108
1272	0.000468558
1273	0.000521639
1274	0.000479858
1275	0.000514277
1276	0.000492895
1277	0.000453429
1278	0.000520971
1279	0.000476046
1280	0.000488069
1281	0.000498562
1282	0.000435174
1283	0.000508773
1284	0.000475114
1285	0.000464616
1286	0.000505902
1287	0.000428775
1288	0.000493841
1289	0.000478481
1290	0.000457666
1291	0.000506876
1292	0.000429719
1293	0.000481251
1294	0.000477941
1295	0.000448244
1296	0.000505962
1297	0.000436345
1298	0.000468086
1299	0.000486325
1300	0.00045238
1301	0.000511392
1302	0.000455642
1303	0.000462913
1304	0.000503611
1305	0.000468262
1306	0.000514696
1307	0.00047985
1308	0.000460882
1309	0.000522029
1310	0.000479299
1311	0.000507313
1312	0.000504207
1313	0.000453321
1314	0.000526557
1315	0.000481863
1316	0.000488554
1317	0.000525114
1318	0.000443778
1319	0.00051773
1320	0.000487821
1321	0.0004738
1322	0.000527533
1323	0.000440543
1324	0.000496576
1325	0.000490543
1326	0.000456606
1327	0.000521434
1328	0.000440754
1329	0.000476488
1330	0.000488173
1331	0.000449274
1332	0.000514357
1333	0.00044877
1334	0.000463393
1335	0.000498256
1336	0.000458285
1337	0.000513861
1338	0.000467523
1339	0.000450796
1340	0.000509536
1341	0.000475982
1342	0.000509644
1343	0.00049529
1344	0.000453459
1345	0.000528822
1346	0.000487627
1347	0.000502686
1348	0.000522727
1349	0.000451439
1350	0.00053144
1351	0.000494003
1352	0.000486666
1353	0.000538021
1354	0.000449558
1355	0.000517217
1356	0.000503972
1357	0.000470539
1358	0.000538118
1359	0.000452866
1360	0.00049629
1361	0.000504866
1362	0.000455501
1363	0.000527217
1364	0.000454541
1365	0.000472876
1366	0.000499872
1367	0.000451172
1368	0.000513061
1369	0.000461116
1370	0.00045036
1371	0.00050476
1372	0.000468153
1373	0.000510427
1374	0.000489609
1375	0.000445895
1376	0.000520471
1377	0.000488282
1378	0.000507485
1379	0.000517922
1380	0.000453721
1381	0.000537405
1382	0.000501853
1383	0.000496396
1384	0.000542368
1385	0.000457229
1386	0.000531166
1387	0.000510769
1388	0.000478218
1389	0.000543627
1390	0.000456873
1391	0.000510266
1392	0.000514709
1393	0.000458914
1394	0.000531752
1395	0.000455225
1396	0.000478908
1397	0.000504624
1398	0.000446391
1399	0.000511192
1400	0.000458332
1401	0.000452435
1402	0.000497625
1403	0.000450733
1404	0.000506106
1405	0.000480308
1406	0.00044169
1407	0.000511081
1408	0.000477249
1409	0.000504166
1410	0.000511813
1411	0.000447539
1412	0.00052702
1413	0.000502517
1414	0.00049629
1415	0.000531156
1416	0.000457728
1417	0.000531907
1418	0.00051402
1419	0.000480922
1420	0.000541491
1421	0.000461022
1422	0.00051754
1423	0.000518294
1424	0.000472407
1425	0.00053866
1426	0.000467591
1427	0.000497326
1428	0.000521397
1429	0.000465416
1430	0.000533302
1431	0.000481774
1432	0.000473155
1433	0.00051962
1434	0.000457266
1435	0.000512479
1436	0.000481908
1437	0.000446874
1438	0.00050521
1439	0.000457336
1440	0.000482905
1441	0.000479248
1442	0.000430535
1443	0.000489699
1444	0.000467423
1445	0.000467204
1446	0.000489445
1447	0.000430399
1448	0.000485674
1449	0.00048243
1450	0.000462172
1451	0.00049771
1452	0.000441664
1453	0.000487781
1454	0.000496696
1455	0.000464342
1456	0.000508123
1457	0.000461923
1458	0.000486024
1459	0.000501466
1460	0.000464934
1461	0.000511057
1462	0.000475703
1463	0.000485671
1464	0.000507081
1465	0.00046877
1466	0.000505892
1467	0.000480117
1468	0.000473327
1469	0.000499428
1470	0.000461189
1471	0.000490941
1472	0.000468733
1473	0.000446251
1474	0.000479197
1475	0.000451847
1476	0.000471887
1477	0.000457108
1478	0.000435874
1479	0.000459475
1480	0.000448725
1481	0.000455192
1482	0.000450433
1483	0.000431282
1484	0.000437102
1485	0.000437818
1486	0.000442764
1487	0.000439393
1488	0.000424518
1489	0.000427437
1490	0.000429615
1491	0.000438982
1492	0.000434272
1493	0.00041801
1494	0.000424685
1495	0.000431936
1496	0.000435279
1497	0.000436208
1498	0.00041875
1499	0.000424491
1500	0.000435993
1501	0.000436852
1502	0.000444618
1503	0.000426556
1504	0.00043874
1505	0.000438647
1506	0.000438053
1507	0.000457544
1508	0.000439996
1509	0.000456063
1510	0.000435943
1511	0.000438869
1512	0.000464066
1513	0.000437061
1514	0.000454001
1515	0.00043455
1516	0.000434478
1517	0.00046
1518	0.00041911
1519	0.000437322
1520	0.00042558
1521	0.000415777
1522	0.000448584
1523	0.000397382
1524	0.000420403
1525	0.00041077
1526	0.000397203
1527	0.000429854
1528	0.000383714
1529	0.000409106
1530	0.000408108
1531	0.00037929
1532	0.000417388
1533	0.000380541
1534	0.000401311
1535	0.000412115
1536	0.000366075
1537	0.000410908
1538	0.000384631
1539	0.000388712
1540	0.000414678
1541	0.000362913
1542	0.000407177
1543	0.000397656
1544	0.000379899
1545	0.000421005
1546	0.000381675
1547	0.000408461
1548	0.000416001
1549	0.000378623
1550	0.000428627
1551	0.000412404
1552	0.000413964
1553	0.000430894
1554	0.000388714
1555	0.000440005
1556	0.000428803
1557	0.000410109
1558	0.000438119
1559	0.000398047
1560	0.000448237
1561	0.000442096
1562	0.000414971
1563	0.000447612
1564	0.000405241
1565	0.000445158
1566	0.000442183
1567	0.000409218
1568	0.000447199
1569	0.000403083
1570	0.000433511
1571	0.000437234
1572	0.000406816
1573	0.000445491
1574	0.000404063
1575	0.000429162
1576	0.000443388
1577	0.000417364
1578	0.000441975
1579	0.000402855
1580	0.00042686
1581	0.000444983
1582	0.000429497
1583	0.000439932
1584	0.000403321
1585	0.000428896
1586	0.00043874
1587	0.000433305
1588	0.000439185
1589	0.000405643
1590	0.000429717
1591	0.000440397
1592	0.00043553
1593	0.000448291
1594	0.000417383
1595	0.000432695
1596	0.000455203
1597	0.000451445
1598	0.000471116
1599	0.000440806
1600	0.000441223
1601	0.000471669
1602	0.000469681
1603	0.000486544
1604	0.000459907
1605	0.000447696
1606	0.000488598
1607	0.000471623
1608	0.000493516
1609	0.000475108
1610	0.000443013
1611	0.000498284
1612	0.000468898
1613	0.000482286
1614	0.000478488
1615	0.000431407
1616	0.000490627
1617	0.000461493
1618	0.000460791
1619	0.000476563
1620	0.000417785
1621	0.000477182
1622	0.000460196
1623	0.000446416
1624	0.000483015
1625	0.000417371
1626	0.00047076
1627	0.000461766
1628	0.000447142
1629	0.000499425
1630	0.000427622
1631	0.000470453
1632	0.000473936
1633	0.000452692
1634	0.000512666
1635	0.000447925
1636	0.000473311
1637	0.000502224
1638	0.000471619
1639	0.0005294
1640	0.000472692
1641	0.000469842
1642	0.000520568
1643	0.000485377
1644	0.000529121
1645	0.000496514
1646	0.000468094
1647	0.000534045
1648	0.000490336
1649	0.000512763
1650	0.000510241
1651	0.000452647
1652	0.000528341
1653	0.000490184
1654	0.0004904
1655	0.000524058
1656	0.000440558
1657	0.000515054
1658	0.000489874
1659	0.000472005
1660	0.000526288
1661	0.000439027
1662	0.000498653
1663	0.000493138
1664	0.000457084
1665	0.000522072
1666	0.000440738
1667	0.000482152
1668	0.000492494
1669	0.000449335
1670	0.000514498
1671	0.000448177
1672	0.000470738
1673	0.000505967
1674	0.000458394
1675	0.000518421
1676	0.000469861
1677	0.000460619
1678	0.000517907
1679	0.00048089
1680	0.000518712
1681	0.000502013
1682	0.000461045
1683	0.000533818
1684	0.000494292
1685	0.000511161
1686	0.000525189
1687	0.000452615
1688	0.000536264
1689	0.000496805
1690	0.000486131
1691	0.000542991
1692	0.000450715
1693	0.00052352
1694	0.000506272
1695	0.000468179
1696	0.000539851
1697	0.000452777
1698	0.000504731
1699	0.00051106
1700	0.000454869
1701	0.00052915
1702	0.000455366
1703	0.000480863
1704	0.000505455
1705	0.000449366
1706	0.000512546
1707	0.000460641
1708	0.000457141
1709	0.00050333
1710	0.000457646
1711	0.000512805
1712	0.000483676
1713	0.000446143
1714	0.000514396
1715	0.000480668
1716	0.000506107
1717	0.000511757
1718	0.000444706
1719	0.000526066
1720	0.000499256
1721	0.000489542
1722	0.000530801
1723	0.000452324
1724	0.000528826
1725	0.000509041
1726	0.000476703
1727	0.00054318
1728	0.000457195
1729	0.000514732
1730	0.00051822
1731	0.000465102
1732	0.000534561
1733	0.00046286
1734	0.000489796
1735	0.000516105
1736	0.000455142
1737	0.000522739
1738	0.000473252
1739	0.000463146
1740	0.000510481
1741	0.000450205
1742	0.000503565
1743	0.000477421
1744	0.000440407
1745	0.000500383
1746	0.000458746
1747	0.00048515
1748	0.000491184
1749	0.000434144
1750	0.000499369
1751	0.000481256
1752	0.000475695
1753	0.000509655
1754	0.000440267
1755	0.000499155
1756	0.000496814
1757	0.000461977
1758	0.000506813
1759	0.000443964
1760	0.000491751
1761	0.000494442
1762	0.000457365
1763	0.000510937
1764	0.000457282
1765	0.000482644
1766	0.00050249
1767	0.000459432
1768	0.000513151
1769	0.000472428
1770	0.000474141
1771	0.000507215
1772	0.000457803
1773	0.00050368
1774	0.000479254
1775	0.00045824
1776	0.000498671
1777	0.000454856
1778	0.000480769
1779	0.000468914
1780	0.000433264
1781	0.000476892
1782	0.000450646
1783	0.000458058
1784	0.000458026
1785	0.000422037
1786	0.000452971
1787	0.000443077
1788	0.000443948
1789	0.000456644
1790	0.000421374
1791	0.000441953
1792	0.000450914
1793	0.000446902
1794	0.00046767
1795	0.000435227
1796	0.000445933
1797	0.000464069
1798	0.000449238
1799	0.000467191
1800	0.000446028
1801	0.000449382
1802	0.000465714
1803	0.000448895
1804	0.000465274
1805	0.000447556
1806	0.000449029
1807	0.000459667
1808	0.000444857
1809	0.000463181
1810	0.000447179
1811	0.000444293
1812	0.000453743
1813	0.000441024
1814	0.000465812
1815	0.000447591
1816	0.000445446
1817	0.000445554
1818	0.000441135
1819	0.00046646
1820	0.000443664
1821	0.000446855
1822	0.000441177
1823	0.000436758
1824	0.000457438
1825	0.000427021
1826	0.000436265
1827	0.000427659
1828	0.000418957
1829	0.000440041
1830	0.000403355
1831	0.00041681
1832	0.000407484
1833	0.000398861
1834	0.000421596
1835	0.000394133
1836	0.000402188
1837	0.000406541
1838	0.000387572
1839	0.000422201
1840	0.000406463
1841	0.000403408
1842	0.000427303
1843	0.00039228
1844	0.000431623
1845	0.000428962
1846	0.00040749
1847	0.000445862
1848	0.000407121
1849	0.00043375
1850	0.000445101
1851	0.000408616
1852	0.00045061
1853	0.000416178
1854	0.000424474
1855	0.000452115
1856	0.000401648
1857	0.000441574
1858	0.000415275
1859	0.000409168
1860	0.00044836
1861	0.000389301
1862	0.000427459
1863	0.000414657
1864	0.0003933
1865	0.000438017
1866	0.000384454
1867	0.000423719
1868	0.000421696
1869	0.000382271
1870	0.000433138
1871	0.000384764
1872	0.000411416
1873	0.000422631
1874	0.00037309
1875	0.00042213
1876	0.000387197
1877	0.000398931
1878	0.000418083
1879	0.000372166
1880	0.000412367
1881	0.000387784
1882	0.000394416
1883	0.000413787
1884	0.00038567
1885	0.000411315
1886	0.000393602
1887	0.000404704
1888	0.000421544
1889	0.000408918
1890	0.000418063
1891	0.000400316
1892	0.000421423
1893	0.000433734
1894	0.000431699
1895	0.000431715
1896	0.000415954
1897	0.000437288
1898	0.000451893
1899	0.000449934
1900	0.000452619
1901	0.00043435
1902	0.000438646
1903	0.000461214
1904	0.000458437
1905	0.00046792
1906	0.000450745
1907	0.000443964
1908	0.000473899
1909	0.000462318
1910	0.000482642
1911	0.000463104
1912	0.000446697
1913	0.000486083
1914	0.000469023
1915	0.00049304
1916	0.000478364
1917	0.000446858
1918	0.000494567
1919	0.000470309
1920	0.000486142
1921	0.000479653
1922	0.000435667
1923	0.000493616
1924	0.000468527
1925	0.000473061
1926	0.0004822
1927	0.000422806
1928	0.000487141
1929	0.000466532
1930	0.000462767
1931	0.000495296
1932	0.000422304
1933	0.000484622
1934	0.000474809
1935	0.00046001
1936	0.000519208
1937	0.000435876
1938	0.000484483
1939	0.000491387
1940	0.000459514
1941	0.000527767
1942	0.000452836
1943	0.000480345
1944	0.000512613
1945	0.000470899
1946	0.000529488
1947	0.000471631
1948	0.000471655
1949	0.000525469
1950	0.000484182
1951	0.000525461
1952	0.00049422
1953	0.000462865
1954	0.000531917
1955	0.000491629
1956	0.000509845
1957	0.000516914
1958	0.000458349
1959	0.000534306
1960	0.00049579
1961	0.000493641
1962	0.000532472
1963	0.000451072
1964	0.000526103
1965	0.000498641
1966	0.000471345
1967	0.00053771
1968	0.000449714
1969	0.000509849
1970	0.000505451
1971	0.00045958
1972	0.00053013
1973	0.000450209
1974	0.000489432
1975	0.000504258
1976	0.000447761
1977	0.000517501
1978	0.000452753
1979	0.000466626
1980	0.000506366
1981	0.00045635
1982	0.000514254
1983	0.000477414
1984	0.000456648
1985	0.000517153
1986	0.00047992
1987	0.000518646
1988	0.000509283
1989	0.000453859
1990	0.000531455
1991	0.000497767
1992	0.000503861
1993	0.000534339
1994	0.000453454
1995	0.000533685
1996	0.000502704
1997	0.000484552
1998	0.000546723
1999	0.000455651
2000	0.000523701
2001	0.000514752
2002	0.000467633
2003	0.000540605
2004	0.000455945
2005	0.000498462
2006	0.00051373
2007	0.000455168
2008	0.000523904
2009	0.000459286
2010	0.000470671
2011	0.000506697
2012	0.000450852
2013	0.000510792
2014	0.000471476
2015	0.000448939
2016	0.000506334
2017	0.000463341
2018	0.000504239
2019	0.000493424
2020	0.000438885
2021	0.000512427
2022	0.000483324
2023	0.00049024
2024	0.000514193
2025	0.00044265
2026	0.000518112
2027	0.000501185
2028	0.000470674
2029	0.000523477
2030	0.000449422
2031	0.000512298
2032	0.00050492
2033	0.000464778
2034	0.000524777
2035	0.000453365
2036	0.000496151
2037	0.000509267
2038	0.000459781
2039	0.000523241
2040	0.000470038
2041	0.000477524
2042	0.000513744
2043	0.000453756
2044	0.000514612
2045	0.000481204
2046	0.000456174
2047	0.000508867
2048	0.000453172
2049	0.000489982
2050	0.000479063
2051	0.000434748
2052	0.000489975
2053	0.000458943
2054	0.000467963
2055	0.000484024
2056	0.000426872
2057	0.000480322
2058	0.000473047
2059	0.000456552
2060	0.000489468
2061	0.000430225
2062	0.000477563
2063	0.000484133
2064	0.000455866
2065	0.000497699
2066	0.00044877
2067	0.000475547
2068	0.000490357
2069	0.000455151
2070	0.000500772
2071	0.000464316
2072	0.000473447
2073	0.000493233
2074	0.000457619
2075	0.000495369
2076	0.000469122
2077	0.000466859
2078	0.00049065
2079	0.000454693
2080	0.000487072
2081	0.000468404
2082	0.000448206
2083	0.000480708
2084	0.000450002
2085	0.000473194
2086	0.000460644
2087	0.000438853
2088	0.000466185
2089	0.000449013
2090	0.000465731
2091	0.000458724
2092	0.000437351
2093	0.000447306
2094	0.000445613
2095	0.000451443
2096	0.000451961
2097	0.000433774
2098	0.000436485
2099	0.000438574
2100	0.000447151
2101	0.000446586
2102	0.000426532
2103	0.000431649
2104	0.000440644
2105	0.000446532
2106	0.000448317
2107	0.000429291
2108	0.000432037
2109	0.000446477
2110	0.000448431
2111	0.00045296
2112	0.000435411
2113	0.00044176
2114	0.000444757
2115	0.000444115
2116	0.000460381
2117	0.000442146
2118	0.000455708
2119	0.000440225
2120	0.000442809
2121	0.000467218
2122	0.000443731
2123	0.00045985
2124	0.000437817
2125	0.000439857
2126	0.00046702
2127	0.00043061
2128	0.000448206
2129	0.000434714
2130	0.000428005
2131	0.000459193
2132	0.000410407
2133	0.00043249
2134	0.000420984
2135	0.000410614
2136	0.000444479
2137	0.000396099
2138	0.000421649
2139	0.000417983
2140	0.000394765
2141	0.000432508
2142	0.000393634
2143	0.000417945
2144	0.000423754
2145	0.00038076
2146	0.000425469
2147	0.000395608
2148	0.000407051
2149	0.000426019
2150	0.00037413
2151	0.000420385
2152	0.00040266
2153	0.000392355
2154	0.000426093
2155	0.000379099
2156	0.000416985
2157	0.000416107
2158	0.000386963
2159	0.000430975
2160	0.000406982
2161	0.000421425
2162	0.000434011
2163	0.000392231
2164	0.000440414
2165	0.000430268
2166	0.000416273
2167	0.000438076
2168	0.000399996
2169	0.000447467
2170	0.000441963
2171	0.000416514
2172	0.000445197
2173	0.000411315
2174	0.000451468
2175	0.000445696
2176	0.000421414
2177	0.000451464
2178	0.000416692
2179	0.000448577
2180	0.000445079
2181	0.000424675
2182	0.000451883
2183	0.000417417
2184	0.000447591
2185	0.00045074
2186	0.000434789
2187	0.000450463
2188	0.000411475
2189	0.000445793
2190	0.000454671
2191	0.000444979
2192	0.000452786
2193	0.000407815
2194	0.00044914
2195	0.000449324
2196	0.000446647
2197	0.000455494
2198	0.000406964
2199	0.000451165
2200	0.000443785
2201	0.000438769
2202	0.000463567
2203	0.000407413
2204	0.000455772
2205	0.000457663
2206	0.000442185
2207	0.000484513
2208	0.000424547
2209	0.000464698
2210	0.000481406
2211	0.000463877
2212	0.000509478
2213	0.000454515
2214	0.000468383
2215	0.000503101
2216	0.000478408
2217	0.000523436
2218	0.000480343
2219	0.000468399
2220	0.000521172
2221	0.000482239
2222	0.000515541
2223	0.000495566
2224	0.000459754
2225	0.000523847
2226	0.000479472
2227	0.000493742
2228	0.000499549
2229	0.000440214
2230	0.000509765
2231	0.000477814
2232	0.000469365
2233	0.00050731
2234	0.000430171
2235	0.000496411
2236	0.000478955
2237	0.000460477
2238	0.000516753
2239	0.000432625
2240	0.000487545
2241	0.000484622
2242	0.000453369
2243	0.000519664
2244	0.000441487
2245	0.000478543
2246	0.0004959
2247	0.000455545
2248	0.000519426
2249	0.000456788
2250	0.000469272
2251	0.000512142
2252	0.000470091
2253	0.000522074
2254	0.00047821
2255	0.000457731
2256	0.000522426
2257	0.000484543
2258	0.000515627
2259	0.000507671
2260	0.000455844
2261	0.000532744
2262	0.00048903
2263	0.000497572
2264	0.000525336
2265	0.000444004
2266	0.000524971
2267	0.000492624
2268	0.000472686
2269	0.000533183
2270	0.000442316
2271	0.000506812
2272	0.000498257
2273	0.000458095
2274	0.000525296
2275	0.000442337
2276	0.000486307
2277	0.000495992
2278	0.000446191
2279	0.000514684
2280	0.000447863
2281	0.000468083
2282	0.000500243
2283	0.000452428
2284	0.000511502
2285	0.000466289
2286	0.000453708
2287	0.000510296
2288	0.000473444
2289	0.000512183
2290	0.000497018
2291	0.000452355
2292	0.000525706
2293	0.000488669
2294	0.000503417
2295	0.000521094
2296	0.000448423
2297	0.000531437
2298	0.000493499
2299	0.000480977
2300	0.000538528
2301	0.000446965
2302	0.000517034
2303	0.000503631
2304	0.000463071
2305	0.000533321
2306	0.000447848
2307	0.000495132
2308	0.000504921
2309	0.000447555
2310	0.000519871
2311	0.000448276
2312	0.000465259
2313	0.00049529
2314	0.000441237
2315	0.000500277
2316	0.000457043
2317	0.0004442
2318	0.000497456
2319	0.000455413
2320	0.000503016
2321	0.000485326
2322	0.000436544
2323	0.000512081
2324	0.00047972
2325	0.000495657
2326	0.000515458
2327	0.000445707
2328	0.000524956
2329	0.000498035
2330	0.000483339
2331	0.000533403
2332	0.000455396
2333	0.000525375
2334	0.000509511
2335	0.000473374
2336	0.000539189
2337	0.000457228
2338	0.000505555
2339	0.000515335
2340	0.000460805
2341	0.000529621
2342	0.000464327
2343	0.000478599
2344	0.000509759
2345	0.000451678
2346	0.000516867
2347	0.000472484
2348	0.000451006
2349	0.000503865
2350	0.000452001
2351	0.000498319
2352	0.00048281
2353	0.000435602
2354	0.000502624
2355	0.000470876
2356	0.000488948
2357	0.000507386
2358	0.000437774
2359	0.000506331
2360	0.000494832
2361	0.000478418
2362	0.00051927
2363	0.000447551
2364	0.000505783
2365	0.000504825
2366	0.000465954
2367	0.00051756
2368	0.000452299
2369	0.000498227
2370	0.000502187
2371	0.000464779
2372	0.000521529
2373	0.00046712
2374	0.000486323
2375	0.000511585
2376	0.000464189
2377	0.000521685
2378	0.000483305
2379	0.000475868
2380	0.000514229
2381	0.000462011
2382	0.000509364
2383	0.000488595
2384	0.000458267
2385	0.000504088
2386	0.000464097
2387	0.000486407
2388	0.000480671
2389	0.000440572
2390	0.00048365
2391	0.000465279
2392	0.000467186
2393	0.000476784
2394	0.000432505
2395	0.000465928
2396	0.00046302
2397	0.000460959
2398	0.000480119
2399	0.000437794
2400	0.000460293
2401	0.000477576
2402	0.000464784
2403	0.000489872
2404	0.000455622
2405	0.00046551
2406	0.000485604
2407	0.000465876
2408	0.000486543
2409	0.000462136
2410	0.000466981
2411	0.000481659
2412	0.000459355
2413	0.000480659
2414	0.00046018
2415	0.000461281
2416	0.000472483
2417	0.000454858
2418	0.000475199
2419	0.000456681
2420	0.000452921
2421	0.000463838
2422	0.000449991
2423	0.000474263
2424	0.000454595
2425	0.000452292
2426	0.000452534
2427	0.000448349
2428	0.000472157
2429	0.000447834
2430	0.000451631
2431	0.00044778
2432	0.000441958
2433	0.000462208
2434	0.000430145
2435	0.000440612
2436	0.00043485
2437	0.00042285
2438	0.00044509
2439	0.000408526
2440	0.000419497
2441	0.00041501
2442	0.000402036
2443	0.000423905
2444	0.000398235
2445	0.000402924
2446	0.00041201
2447	0.000390762
2448	0.000423892
2449	0.000411435
2450	0.000408505
2451	0.00043446
2452	0.00039906
2453	0.000434478
2454	0.000433612
2455	0.000410195
2456	0.000446647
2457	0.000412594
2458	0.000433132
2459	0.000445828
2460	0.000407512
2461	0.000445269
2462	0.000416083
2463	0.000420118
2464	0.000448148
2465	0.000398974
2466	0.000435523
2467	0.000413412
2468	0.000405994
2469	0.00044327
2470	0.000386351
2471	0.000426226
2472	0.000414363
2473	0.000386424
2474	0.000432869
2475	0.000379914
2476	0.00041727
2477	0.000423925
2478	0.000378217
2479	0.000428689
2480	0.000385574
2481	0.00040988
2482	0.000425564
2483	0.000379799
2484	0.000423486
2485	0.000392201
2486	0.000405609
2487	0.000421417
2488	0.000394234
2489	0.000424001
2490	0.000398745
2491	0.000416125
2492	0.000427836
2493	0.000418082
2494	0.000426715
2495	0.000406241
2496	0.000431292
2497	0.000441495
2498	0.000442511
2499	0.000443492
2500	0.000414594
2501	0.000447169
2502	0.000455716
2503	0.00045979
2504	0.000457138
2505	0.000426821
2506	0.000451351
2507	0.000467968
2508	0.000464925
2509	0.000473743
2510	0.000444359
2511	0.000449161
2512	0.000476994
2513	0.000465505
2514	0.000481788
2515	0.000459751
2516	0.00045012
2517	0.000484208
2518	0.00047008
2519	0.000481909
2520	0.00046876
2521	0.000441498
2522	0.00048467
2523	0.000469351
2524	0.000480655
2525	0.000472905
2526	0.000431793
2527	0.000483622
2528	0.000464592
2529	0.000467911
2530	0.0004675
2531	0.000417143
2532	0.00047478
2533	0.0004552
2534	0.000452422
2535	0.000466458
2536	0.00040837
2537	0.000467349
2538	0.000454738
2539	0.000441185
2540	0.000475503
2541	0.000410443
2542	0.000463062
2543	0.000458946
2544	0.000445919
2545	0.000493712
2546	0.000430265
2547	0.000463768
2548	0.000480197
2549	0.000460433
2550	0.000513251
2551	0.000457535
2552	0.000464536
2553	0.000504635
2554	0.000475262
2555	0.000520307
2556	0.000480616
2557	0.000464849
2558	0.000520393
2559	0.000476669
2560	0.00050519
2561	0.000490861
2562	0.000447305
2563	0.000515809
2564	0.000472734
2565	0.000477577
2566	0.00049562
2567	0.000429867
2568	0.000501853
2569	0.000471174
2570	0.000459718
2571	0.000501823
2572	0.000426974
2573	0.000489231
2574	0.000476386
2575	0.000456588
2576	0.000509032
2577	0.000434244
2578	0.000479754
2579	0.000479818
2580	0.000453039
2581	0.000511136
2582	0.000444483
2583	0.000469686
2584	0.000493303
2585	0.000461245
2586	0.000517075
2587	0.000464345
2588	0.000462758
2589	0.00050788
2590	0.000472036
2591	0.000516202
2592	0.000485492
2593	0.000457667
2594	0.000522764
2595	0.00048038
2596	0.000502747
2597	0.000507181
2598	0.000450928
2599	0.000525052
2600	0.00048466
2601	0.000487401
2602	0.000525222
2603	0.000441973
2604	0.000514623
2605	0.000490643
2606	0.000472467
2607	0.000526629
2608	0.000441905
2609	0.000494322
2610	0.00049129
2611	0.000458037
2612	0.000521882
2613	0.000444226
2614	0.000476879
2615	0.000491981
2616	0.00045384
2617	0.000517246
2618	0.000456206
2619	0.000466781
2620	0.000505459
2621	0.000470046
2622	0.000520266
2623	0.000479441
2624	0.000459941
2625	0.000522947
2626	0.000486712
2627	0.000517138
2628	0.000507183
2629	0.000460844
2630	0.000536544
2631	0.000493621
2632	0.000505231
2633	0.000532028
2634	0.000455003
2635	0.000533101
2636	0.000499287
2637	0.000487776
2638	0.000540217
2639	0.000449618
2640	0.000512325
2641	0.000503617
2642	0.000467136
2643	0.000534297
2644	0.000450616
2645	0.000491164
2646	0.000502078
2647	0.000454454
2648	0.000524321
2649	0.000453505
2650	0.000470584
2651	0.000502575
2652	0.000456358
2653	0.000516852
2654	0.000465848
2655	0.000454572
2656	0.000511909
2657	0.000475634
2658	0.000514267
2659	0.00049549
2660	0.000452575
2661	0.000528766
2662	0.000492741
2663	0.000510261
2664	0.000521771
2665	0.000455921
2666	0.000539935
2667	0.000502282
2668	0.000494184
2669	0.000543138
2670	0.000456492
2671	0.000529491
2672	0.000510475
2673	0.000474999
2674	0.000542902
2675	0.000456887
2676	0.000507275
2677	0.000514654
2678	0.000457373
2679	0.000530736
2680	0.000455574
2681	0.000475542
2682	0.000503758
2683	0.000447071
2684	0.000510445
2685	0.000460517
2686	0.000450118
2687	0.000499934
2688	0.000453855
2689	0.000506729
2690	0.000481701
2691	0.0004408
2692	0.000514404
2693	0.000482176
2694	0.000504227
2695	0.000513159
2696	0.000446644
2697	0.000528874
2698	0.000503793
2699	0.000491285
2700	0.000530702
2701	0.000457295
2702	0.000530848
2703	0.000513519
2704	0.000476711
2705	0.000539191
2706	0.000459607
2707	0.000514171
2708	0.000516022
2709	0.000466867
2710	0.000533295
2711	0.000467281
2712	0.000490887
2713	0.00051773
2714	0.000456389
2715	0.000524984
2716	0.00047815
2717	0.000466854
2718	0.000513734
2719	0.000451903
2720	0.000504123
2721	0.000480009
2722	0.000443013
2723	0.000499502
2724	0.000456094
2725	0.000477411
2726	0.000483541
2727	0.000430189
2728	0.000485708
2729	0.000468276
2730	0.000464543
2731	0.000490149
2732	0.000425483
2733	0.000478103
2734	0.000479094
2735	0.0004552
2736	0.000493927
2737	0.000436599
2738	0.000477831
2739	0.000489848
2740	0.000456366
2741	0.00050273
2742	0.000456804
2743	0.000477637
2744	0.00049536
2745	0.00046029
2746	0.000505271
2747	0.000471136
2748	0.000477213
2749	0.000501295
2750	0.00046316
2751	0.000500347
2752	0.000476527
2753	0.000464432
2754	0.000494724
2755	0.000456705
2756	0.000484106
2757	0.000465314
2758	0.000439284
2759	0.000475345
2760	0.000448179
2761	0.000463253
2762	0.000453288
2763	0.000430768
2764	0.000453461
2765	0.000444663
2766	0.000449977
2767	0.000449728
2768	0.000428392
2769	0.000436043
2770	0.000438123
2771	0.0004439
2772	0.000445597
2773	0.000426132
2774	0.000432936
2775	0.000439968
2776	0.000443455
2777	0.000445863
2778	0.000426259
2779	0.000430284
2780	0.000444292
2781	0.000442209
2782	0.000444626
2783	0.000427371
2784	0.000428786
2785	0.000440317
2786	0.000436312
2787	0.000446935
2788	0.000428968
2789	0.000440295
2790	0.000439227
2791	0.00043539
2792	0.000457721
2793	0.000440854
2794	0.00045268
2795	0.000436235
2796	0.000436793
2797	0.000462667
2798	0.000435678
2799	0.000449461
2800	0.000434837
2801	0.000432776
2802	0.000457903
2803	0.000417715
2804	0.000435568
2805	0.000425649
2806	0.000413877
2807	0.000444772
2808	0.000395183
2809	0.00041715
2810	0.000407164
2811	0.000394296
2812	0.000423899
2813	0.000383239
2814	0.000406038
2815	0.000405943
2816	0.000379328
2817	0.00041753
2818	0.000385978
2819	0.00040397
2820	0.000415417
2821	0.000370192
2822	0.000417173
2823	0.000400231
2824	0.000395477
2825	0.000429715
2826	0.000377279
2827	0.000421366
2828	0.000418606
2829	0.00038621
2830	0.000435239
2831	0.000400359
2832	0.000417378
2833	0.000431714
2834	0.000383038
2835	0.00043293
2836	0.000412891
2837	0.000410549
2838	0.000438972
2839	0.000389759
2840	0.000440956
2841	0.000425764
2842	0.000407797
2843	0.000445566
2844	0.000398351
2845	0.000444601
2846	0.000439973
2847	0.000403839
2848	0.000448875
2849	0.000400476
2850	0.000435654
2851	0.00043834
2852	0.000394833
2853	0.000443257
2854	0.00040055
2855	0.000422201
2856	0.000433676
2857	0.000393022
2858	0.000434948
2859	0.000399099
2860	0.0004143
2861	0.000436183
2862	0.000405799
2863	0.000429353
2864	0.000400923
2865	0.000415922
2866	0.000438739
2867	0.000423121
2868	0.000429567
2869	0.000403259
2870	0.000425142
2871	0.000436684
2872	0.000433062
2873	0.000436122
2874	0.000410407
2875	0.000433445
2876	0.000441671
2877	0.000438085
2878	0.000445826
2879	0.000419613
2880	0.000432446
2881	0.000451823
2882	0.000448069
2883	0.000461588
2884	0.000435874
2885	0.000433114
2886	0.000462758
2887	0.000460038
2888	0.000475151
2889	0.000452909
2890	0.000439191
2891	0.000481938
2892	0.000465168
2893	0.000484901
2894	0.000469932
2895	0.000439765
2896	0.000495394
2897	0.000467743
2898	0.000478519
2899	0.000475215
2900	0.000432511
2901	0.000492013
2902	0.000463078
2903	0.000460422
2904	0.000478507
2905	0.000420049
2906	0.000482187
2907	0.000465344
2908	0.000449663
2909	0.000489823
2910	0.000419775
2911	0.000477442
2912	0.000468907
2913	0.000452684
2914	0.000511323
2915	0.000431942
2916	0.000478272
2917	0.000482243
2918	0.000454423
2919	0.000521122
2920	0.000445792
2921	0.000475129
2922	0.000503976
2923	0.000466479
2924	0.000528334
2925	0.000467401
2926	0.000468485
2927	0.000521096
2928	0.000481166
2929	0.000526964
2930	0.000489906
2931	0.000459273
2932	0.000530052
2933	0.000489613
2934	0.00051475
2935	0.000514759
2936	0.000455577
2937	0.000536728
2938	0.00049771
2939	0.000500429
2940	0.000533417
2941	0.000449071
2942	0.000529809
2943	0.000502051
2944	0.000476309
2945	0.000539641
2946	0.000449226
2947	0.000513706
2948	0.000509046
2949	0.000462354
2950	0.000531814
2951	0.000451317
2952	0.000494009
2953	0.000508183
2954	0.000449199
2955	0.000518847
2956	0.00045281
2957	0.000471821
2958	0.000507245
2959	0.00045297
2960	0.00051171
2961	0.00047415
2962	0.00046109
2963	0.000518407
2964	0.000476784
2965	0.000519767
2966	0.000506419
2967	0.00045553
2968	0.00053112
2969	0.000496598
2970	0.000504554
2971	0.00053017
2972	0.000453335
2973	0.000532542
2974	0.000501781
2975	0.000484688
2976	0.000542456
2977	0.000453451
2978	0.000523024
2979	0.000510557
2980	0.000465595
2981	0.00054093
2982	0.000455366
2983	0.000501809
2984	0.000514605
2985	0.000456621
2986	0.000528363
2987	0.000465248
2988	0.000478345
2989	0.000512435
2990	0.000451485
2991	0.000516213
2992	0.000470387
2993	0.000452474
2994	0.000504401
2995	0.000454421
2996	0.000497057
2997	0.000481889
2998	0.000434995
2999	0.000501818
3000	0.000468566
3001	0.000484296
3002	0.000500311
3003	0.000432611
3004	0.000505279
3005	0.000491795
3006	0.000470216
3007	0.00051278
3008	0.000442951
3009	0.000506403
3010	0.000502676
3011	0.000464785
3012	0.00052026
3013	0.000455421
3014	0.000500984
3015	0.000508947
3016	0.000468818
3017	0.000525798
3018	0.000470939
3019	0.000487538
3020	0.000516153
3021	0.000464031
3022	0.000519454
3023	0.000484757
3024	0.000471381
3025	0.000513408
3026	0.000457536
3027	0.000499007
3028	0.000479668
3029	0.000446264
3030	0.000493298
3031	0.000456613
3032	0.000473049
3033	0.000469966
3034	0.000427245
3035	0.000472956
3036	0.000455421
3037	0.000455277
3038	0.000469163
3039	0.000424164
3040	0.000458915
3041	0.000459711
3042	0.000451736
3043	0.000475572
3044	0.000432
3045	0.000453877
3046	0.000471763
3047	0.000450153
3048	0.00047924
3049	0.000448148
3050	0.000457345
3051	0.00047641
3052	0.000450518
3053	0.000475189
3054	0.000452705
3055	0.000459636
3056	0.000473024
3057	0.000449347
3058	0.00047377
3059	0.000456086
3060	0.000454488
3061	0.000472022
3062	0.000449176
3063	0.000473151
3064	0.000456647
3065	0.000446917
3066	0.00046412
3067	0.000447608
3068	0.000471237
3069	0.000453903
3070	0.000446701
3071	0.00044933
3072	0.000443909
3073	0.000461743
3074	0.000442558
3075	0.000441095
3076	0.000437911
3077	0.000430496
3078	0.000445817
3079	0.000423989
3080	0.000428227
3081	0.000420888
3082	0.000415651
3083	0.000434635
3084	0.000412308
3085	0.000412512
3086	0.000411347
3087	0.000405787
3088	0.000431786
3089	0.000416185
3090	0.000405879
3091	0.000423964
3092	0.000412563
3093	0.000436946
3094	0.000434476
3095	0.00041715
3096	0.000441208
3097	0.000417135
3098	0.000435972
3099	0.00044725
3100	0.000423012
3101	0.00045231
3102	0.000421255
3103	0.000432804
3104	0.000456865
3105	0.000419632
3106	0.000452717
3107	0.000423438
3108	0.00042567
3109	0.000461125
3110	0.000409147
3111	0.000439369
3112	0.000421049
3113	0.000412664
3114	0.000450406
3115	0.000392356
3116	0.000425879
3117	0.000417875
3118	0.000391495
3119	0.000434969
3120	0.000382815
3121	0.000412903
3122	0.000419703
3123	0.000372956
3124	0.00042168
3125	0.000379946
3126	0.000398743
3127	0.000417193
3128	0.000367776
3129	0.000414783
3130	0.000386442
3131	0.000393599
3132	0.000414868
3133	0.000376276
3134	0.000411834
3135	0.00039175
3136	0.000395732
3137	0.000415691
3138	0.000391304
3139	0.000414699
3140	0.000404583
3141	0.000408291
3142	0.000434663
3143	0.000419186
3144	0.000425779
3145	0.000420016
3146	0.000420378
3147	0.000456165
3148	0.000457248
3149	0.000446441
3150	0.000443145
3151	0.000432843
3152	0.000465349
3153	0.000467698
3154	0.000453946
3155	0.000455972
3156	0.000440437
3157	0.000470578
3158	0.000463427
3159	0.000460319
3160	0.000461977
3161	0.000438109
3162	0.000471553
3163	0.000464433
3164	0.000464913
3165	0.000462865
3166	0.000426585
3167	0.000467379
3168	0.000463576
3169	0.000462402
3170	0.000461427
3171	0.000414539
3172	0.000463288
3173	0.000454807
3174	0.000450136
3175	0.000458401
3176	0.00040808
3177	0.000460578
3178	0.000451047
3179	0.000441751
3180	0.000468186
3181	0.000406359
3182	0.000461014
3183	0.000455456
3184	0.000438775
3185	0.000482789
3186	0.000412826
3187	0.00046488
3188	0.000465952
3189	0.000448117
3190	0.000501114
3191	0.000431238
3192	0.000468854
3193	0.000488018
3194	0.00045865
3195	0.000515572
3196	0.000455073
3197	0.000469988
3198	0.000514134
3199	0.0004783
3200	0.000525567
3201	0.00048263
3202	0.000467
3203	0.000527981
3204	0.000484602
3205	0.000516066
3206	0.000502735
3207	0.00046003
3208	0.0005319
3209	0.000488109
3210	0.00049768
3211	0.000516844
3212	0.000450388
3213	0.000521737
3214	0.000489161
3215	0.000477068
3216	0.00052745
3217	0.000440198
3218	0.000508083
3219	0.000489082
3220	0.000459295
3221	0.000529216
3222	0.000442337
3223	0.000492225
3224	0.000494502
3225	0.000450187
3226	0.00052347
3227	0.000445331
3228	0.000479437
3229	0.000502275
3230	0.000449256
3231	0.000517613
3232	0.000459436
3233	0.000464037
3234	0.000512206
3235	0.000468387
3236	0.000519175
3237	0.000487829
3238	0.000454733
3239	0.000522167
3240	0.000486296
3241	0.00051408
3242	0.000515698
3243	0.000450099
3244	0.000531367
3245	0.000493223
3246	0.000492015
3247	0.000533928
3248	0.000446698
3249	0.000525103
3250	0.000499567
3251	0.000471466
3252	0.000542805
3253	0.000451024
3254	0.000512881
3255	0.000511824
3256	0.000460658
3257	0.000533735
3258	0.000453364
3259	0.00048925
3260	0.000509245
3261	0.000451843
3262	0.000517409
3263	0.000457926
3264	0.000462556
3265	0.000502879
3266	0.000451358
3267	0.000508152
3268	0.000475212
3269	0.000445721
3270	0.000508279
3271	0.000471544
3272	0.00050515
3273	0.000501364
3274	0.000439397
3275	0.000519264
3276	0.000492138
3277	0.00049002
3278	0.00052296
3279	0.000447521
3280	0.000524985
3281	0.00050573
3282	0.000474478
3283	0.000536154
3284	0.000454677
3285	0.000515803
3286	0.000513267
3287	0.000464766
3288	0.00053011
3289	0.000455727
3290	0.000491653
3291	0.000512159
3292	0.000453532
3293	0.000519294
3294	0.000468023
3295	0.000467541
3296	0.000508354
3297	0.000445348
3298	0.000504585
3299	0.000473681
3300	0.000445168
3301	0.000500816
3302	0.000451791
3303	0.000483794
3304	0.000482769
3305	0.000434403
3306	0.000494981
3307	0.000469416
3308	0.000473421
3309	0.000500596
3310	0.000435824
3311	0.000493629
3312	0.000489636
3313	0.000462532
3314	0.00050325
3315	0.000440231
3316	0.000491152
3317	0.000493833
3318	0.000458705
3319	0.000508093
3320	0.000453817
3321	0.00048461
3322	0.00049802
3323	0.000458019
3324	0.000512855
3325	0.000470496
3326	0.0004783
3327	0.000505799
3328	0.000460526
3329	0.000507869
3330	0.000479955
3331	0.000466789
3332	0.000502035
3333	0.000456115
3334	0.000491306
3335	0.000474996
3336	0.000444523
3337	0.000484717
3338	0.000453591
3339	0.000468252
3340	0.000461435
3341	0.000427828
3342	0.000460551
3343	0.000445918
3344	0.000452037
3345	0.000457693
3346	0.000425375
3347	0.000443951
3348	0.000446737
3349	0.000448307
3350	0.00046388
3351	0.000432803
3352	0.000444461
3353	0.000458902
3354	0.000452173
3355	0.000467352
3356	0.000442359
3357	0.000447294
3358	0.000466473
3359	0.000455602
3360	0.000467365
3361	0.000449726
3362	0.000450098
3363	0.00046273
3364	0.000451006
3365	0.000465081
3366	0.000447635
3367	0.000449387
3368	0.00045427
3369	0.000445615
3370	0.000468585
3371	0.000449839
3372	0.000452237
3373	0.000448218
3374	0.000445814
3375	0.000472054
3376	0.000450134
3377	0.00045671
3378	0.000447299
3379	0.000444734
3380	0.000469567
3381	0.000436912
3382	0.000447458
3383	0.000438762
3384	0.000430465
3385	0.000455581
3386	0.000414821
3387	0.000430918
3388	0.000420323
3389	0.000409511
3390	0.000434501
3391	0.000397121
3392	0.000413993
3393	0.000412008
3394	0.000392479
3395	0.000423296
3396	0.000398702
3397	0.000410569
3398	0.000421639
3399	0.000384673
3400	0.000429794
3401	0.000414998
3402	0.00040882
3403	0.000441187
3404	0.000395174
3405	0.000435976
3406	0.000435933
3407	0.000404283
3408	0.000449082
3409	0.0004122
3410	0.000431924
3411	0.000446757
3412	0.000399117
3413	0.000446529
3414	0.000419057
3415	0.000417321
3416	0.00044951
3417	0.000395426
3418	0.000439031
3419	0.000422437
3420	0.000402498
3421	0.000444409
3422	0.000392523
3423	0.000434731
3424	0.000427345
3425	0.000393542
3426	0.000441294
3427	0.000394803
3428	0.000429039
3429	0.000431178
3430	0.000390831
3431	0.000435923
3432	0.000393939
3433	0.000417166
3434	0.000424885
3435	0.00038641
3436	0.000424854
3437	0.000391994
3438	0.000412257
3439	0.000423901
3440	0.000395795
3441	0.000422685
3442	0.000394395
3443	0.000420411
3444	0.000435393
3445	0.000418105
3446	0.000432228
3447	0.000400973
3448	0.00043417
3449	0.000441727
3450	0.00043615
3451	0.00044743
3452	0.000410607
3453	0.000446777
3454	0.000446207
3455	0.000439135
3456	0.000457802
3457	0.000414849
3458	0.000447775
3459	0.000457902
3460	0.000441793
3461	0.000474506
3462	0.000431513
3463	0.000449356
3464	0.000473072
3465	0.000462211
3466	0.000495448
3467	0.000455358
3468	0.000450099
3469	0.000488235
3470	0.000471644
3471	0.000507399
3472	0.000479921
3473	0.000457859
3474	0.000509005
3475	0.000474232
3476	0.000505524
3477	0.000488772
3478	0.000449969
3479	0.000509217
3480	0.000472876
3481	0.000485215
3482	0.000490885
3483	0.000429531
3484	0.00049601
3485	0.000468671
3486	0.000462998
3487	0.000495367
3488	0.000418559
3489	0.000484239
3490	0.000470231
3491	0.000453558
3492	0.000510922
3493	0.000427273
3494	0.000481235
3495	0.000482368
3496	0.000452634
3497	0.000518844
3498	0.000443628
3499	0.000477073
3500	0.000504316
3501	0.000465965
3502	0.000526708
3503	0.000466811
3504	0.000469319
3505	0.000518824
3506	0.000479697
3507	0.000525158
3508	0.000489253
3509	0.000461513
3510	0.000528216
3511	0.00048743
3512	0.00050937
3513	0.000509395
3514	0.000451972
3515	0.000528559
3516	0.000488217
3517	0.000488495
3518	0.000526003
3519	0.000441286
3520	0.000518899
3521	0.000492177
3522	0.00047038
3523	0.000530418
3524	0.000442107
3525	0.000502948
3526	0.000499183
3527	0.000459699
3528	0.000525525
3529	0.000444003
3530	0.000484794
3531	0.000497345
3532	0.00044947
3533	0.000514938
3534	0.00045083
3535	0.000467913
3536	0.000504461
3537	0.000456634
3538	0.000511877
3539	0.00046891
3540	0.000452685
3541	0.000511698
3542	0.000474295
3543	0.000510186
3544	0.00049926
3545	0.000454036
3546	0.000528672
3547	0.00048879
3548	0.000503239
3549	0.000525849
3550	0.000451102
3551	0.00053344
3552	0.000496324
3553	0.000481382
3554	0.000543045
3555	0.000450894
3556	0.000517586
3557	0.000505415
3558	0.000464223
3559	0.000533895
3560	0.000449261
3561	0.00049365
3562	0.000503423
3563	0.000446894
3564	0.00051852
3565	0.000446067
3566	0.000464795
3567	0.000496041
3568	0.000444437
3569	0.000504093
3570	0.000461117
3571	0.000448533
3572	0.00050395
3573	0.000464677
3574	0.000510596
3575	0.000493924
3576	0.000444825
3577	0.000521689
3578	0.0004888
3579	0.000501145
3580	0.000520202
3581	0.000449873
3582	0.000530127
3583	0.000498677
3584	0.000483432
3585	0.000535766
3586	0.000452605
3587	0.000523031
3588	0.000507474
3589	0.000467814
3590	0.000536972
3591	0.000454464
3592	0.000502246
3593	0.000513505
3594	0.000456634
3595	0.000527572
3596	0.000460816
3597	0.000476437
3598	0.000506932
3599	0.000451132
3600	0.000513904
3601	0.000472434
3602	0.000451303
3603	0.000503488
3604	0.000456773
3605	0.000504629
3606	0.000490389
3607	0.000438714
3608	0.000509605
3609	0.000480635
3610	0.000494831
3611	0.000515317
3612	0.000443313
3613	0.0005179
3614	0.000501725
3615	0.000479893
3616	0.00052607
3617	0.000452406
3618	0.000515834
3619	0.000509844
3620	0.00047014
3621	0.000530018
3622	0.000456013
3623	0.000502302
3624	0.000511014
3625	0.000466979
3626	0.000529612
3627	0.000470154
3628	0.000484643
3629	0.00051597
3630	0.000458176
3631	0.000524203
3632	0.000482791
3633	0.000464455
3634	0.000512962
3635	0.000455515
3636	0.000501619
3637	0.000483098
3638	0.000444176
3639	0.00049888
3640	0.000460713
3641	0.000477832
3642	0.000487424
3643	0.000438271
3644	0.000488441
3645	0.000475346
3646	0.000471195
3647	0.000497159
3648	0.000437168
3649	0.000483739
3650	0.000487064
3651	0.000468274
3652	0.000502192
3653	0.000450544
3654	0.000481099
3655	0.000498085
3656	0.000467294
3657	0.000509091
3658	0.000468397
3659	0.000480626
3660	0.000496338
3661	0.00046441
3662	0.000503035
3663	0.000472819
3664	0.000478367
3665	0.000497897
3666	0.000468004
3667	0.000499266
3668	0.000477807
3669	0.000468897
3670	0.000491943
3671	0.000463295
3672	0.000488378
3673	0.000466744
3674	0.000447084
3675	0.000474174
3676	0.0004526
3677	0.000472797
3678	0.000455391
3679	0.000439114
3680	0.000452337
3681	0.000445688
3682	0.000456485
3683	0.000443984
3684	0.000434716
3685	0.000436324
3686	0.000430735
3687	0.000442733
3688	0.000428911
3689	0.000424646
3690	0.000424727
3691	0.000422533
3692	0.000440148
3693	0.000426447
3694	0.000417813
3695	0.000425637
3696	0.000423483
3697	0.000439903
3698	0.000432392
3699	0.000415877
3700	0.000430346
3701	0.000429245
3702	0.000438851
3703	0.000444972
3704	0.000424905
3705	0.000443465
3706	0.000429851
3707	0.000437523
3708	0.000456503
3709	0.000432084
3710	0.000456114
3711	0.000431423
3712	0.000434859
3713	0.000461552
3714	0.000425461
3715	0.000450326
3716	0.0004302
3717	0.000426785
3718	0.000457555
3719	0.000408857
3720	0.000431067
3721	0.000417654
3722	0.000409347
3723	0.000442781
3724	0.00038965
3725	0.000417973
3726	0.000412098
3727	0.000389232
3728	0.000427427
3729	0.000380887
3730	0.000407688
3731	0.000413344
3732	0.000370521
3733	0.000418113
3734	0.000377508
3735	0.000397593
3736	0.000414878
3737	0.000363995
3738	0.000413166
3739	0.000382524
3740	0.00039051
3741	0.000415347
3742	0.000371484
3743	0.000406917
3744	0.000388511
3745	0.00038881
3746	0.000413384
3747	0.000388631
3748	0.000407225
3749	0.000402753
3750	0.000397611
3751	0.0004317
3752	0.000420351
3753	0.000418754
3754	0.000419045
3755	0.000407745
3756	0.000450357
3757	0.000456551
3758	0.000435849
3759	0.000438528
3760	0.000423257
3761	0.000458341
3762	0.000459418
3763	0.000445896
3764	0.000454253
3765	0.000437121
3766	0.000466016
3767	0.000457491
3768	0.000452234
3769	0.000458023
3770	0.00043472
3771	0.000464514
3772	0.000455368
3773	0.000449718
3774	0.000457248
3775	0.000419323
3776	0.000456309
3777	0.000455887
3778	0.000450806
3779	0.000453579
3780	0.000404586
3781	0.000453457
3782	0.000449624
3783	0.000450476
3784	0.000452704
3785	0.000404325
3786	0.000453727
3787	0.000446995
3788	0.000443932
3789	0.000458402
3790	0.000409641
3791	0.000452374
3792	0.000455611
3793	0.000445932
3794	0.000472136
3795	0.000429073
3796	0.000456977
3797	0.00047357
3798	0.000468735
3799	0.000495484
3800	0.000453727
3801	0.000459795
3802	0.000489389
3803	0.000478294
3804	0.000505137
3805	0.000475142
3806	0.000460784
3807	0.000505615
3808	0.000474277
3809	0.000501197
3810	0.00048051
3811	0.000445251
3812	0.000504335
3813	0.000467903
3814	0.000479643
3815	0.000480591
3816	0.000426016
3817	0.000491148
3818	0.000460164
3819	0.000456127
3820	0.000475008
3821	0.000414589
3822	0.000475328
3823	0.000460458
3824	0.000443628
3825	0.000482127
3826	0.000417062
3827	0.000466169
3828	0.00046171
3829	0.000447701
3830	0.000489378
3831	0.000429383
3832	0.000464483
3833	0.000476433
3834	0.000458854
3835	0.000508733
3836	0.000455273
3837	0.000466658
3838	0.000501061
3839	0.000478631
3840	0.000523232
3841	0.000483724
3842	0.000473373
3843	0.000525331
3844	0.000481753
3845	0.000515272
3846	0.000498583
3847	0.000458392
3848	0.000522991
3849	0.000478637
3850	0.000488544
3851	0.000505203
3852	0.000439347
3853	0.000508448
3854	0.000477582
3855	0.000470058
3856	0.000505781
3857	0.000429981
3858	0.000488261
3859	0.000477401
3860	0.000460525
3861	0.000509012
3862	0.000433796
3863	0.000475769
3864	0.000478057
3865	0.000455399
3866	0.000510657
3867	0.000444999
3868	0.000466285
3869	0.000492284
3870	0.000467042
3871	0.000517531
3872	0.000464787
3873	0.000462253
3874	0.000508237
3875	0.000478281
3876	0.000517497
3877	0.000485097
3878	0.000462259
3879	0.000524136
3880	0.000479482
3881	0.000501022
3882	0.000500373
3883	0.000451068
3884	0.000522147
3885	0.000481641
3886	0.000486228
3887	0.000517189
3888	0.000444051
3889	0.000512868
3890	0.000489115
3891	0.000476209
3892	0.00052378
3893	0.000443236
3894	0.000494554
3895	0.000487403
3896	0.000460341
3897	0.000520713
3898	0.000444535
3899	0.000475802
3900	0.000487383
3901	0.000455865
3902	0.000516666
3903	0.000452462
3904	0.00046454
3905	0.000499846
3906	0.000468629
3907	0.000517747
3908	0.000472578
3909	0.000459546
3910	0.000517376
3911	0.000481289
3912	0.000513655
3913	0.000493837
3914	0.000456724
3915	0.000530719
3916	0.000484877
3917	0.000500258
3918	0.000519973
3919	0.000451864
3920	0.000526707
3921	0.000490105
3922	0.000484777
3923	0.000528034
3924	0.000443333
3925	0.000509499
3926	0.000492375
3927	0.00046194
3928	0.000523713
3929	0.000439465
3930	0.000483332
3931	0.000489095
3932	0.000445352
3933	0.00051448
3934	0.000440909
3935	0.000467297
3936	0.000490366
3937	0.000444239
3938	0.000509462
3939	0.000454121
3940	0.000454473
3941	0.000503613
3942	0.000467028
3943	0.000511976
3944	0.000483498
3945	0.000451366
3946	0.000523353
3947	0.000487696
3948	0.000513218
3949	0.00051393
3950	0.000454237
3951	0.000537386
3952	0.00049666
3953	0.000495316
3954	0.00053845
3955	0.000453033
3956	0.000529971
3957	0.000504977
3958	0.000476403
3959	0.000542447
3960	0.000453435
3961	0.000510936
3962	0.00051152
3963	0.000456529
3964	0.000531889
3965	0.000452057
3966	0.000481072
3967	0.000503359
3968	0.000442908
3969	0.000510514
3970	0.000451597
3971	0.00045131
3972	0.000493899
3973	0.000445219
3974	0.000502638
3975	0.00047216
3976	0.000436688
3977	0.000503276
3978	0.000469502
3979	0.000500706
3980	0.000503041
3981	0.000439548
3982	0.000519762
3983	0.000492792
3984	0.000489915
3985	0.000525693
3986	0.000450349
3987	0.000526546
3988	0.000505374
3989	0.000477866
3990	0.000538696
3991	0.000455623
3992	0.000514346
3993	0.000513558
3994	0.000465565
3995	0.000532821
3996	0.000455993
3997	0.00048878
3998	0.000512141
3999	0.000454044
4000	0.000521551
4001	0.000467563
4002	0.000460528
4003	0.000506823
4004	0.000445722
4005	0.000504415
4006	0.000471891
4007	0.000437284
4008	0.000497831
4009	0.000453609
4010	0.000483301
4011	0.000484379
4012	0.000429382
4013	0.00049636
4014	0.000475346
4015	0.000474199
4016	0.000504052
4017	0.000435512
4018	0.000496699
4019	0.000494473
4020	0.000461504
4021	0.000503452
4022	0.000439341
4023	0.000491575
4024	0.000494227
4025	0.000456792
4026	0.000508433
4027	0.000454669
4028	0.00048449
4029	0.000500251
4030	0.000457071
4031	0.00051302
4032	0.000470829
4033	0.000477423
4034	0.000507235
4035	0.0004587
4036	0.000507827
4037	0.000481462
4038	0.000464802
4039	0.000504644
4040	0.0004571
4041	0.00049023
4042	0.000476687
4043	0.00044323
4044	0.000487042
4045	0.00045763
4046	0.000469511
4047	0.000465614
4048	0.000427694
4049	0.000463092
4050	0.000450397
4051	0.000451635
4052	0.000461596
4053	0.000425363
4054	0.000449825
4055	0.000458108
4056	0.00045419
4057	0.000474674
4058	0.000437877
4059	0.000450061
4060	0.000469244
4061	0.000453218
4062	0.000470652
4063	0.00044774
4064	0.000450776
4065	0.000471295
4066	0.000451987
4067	0.000466249
4068	0.000449499
4069	0.000450402
4070	0.000462882
4071	0.000446541
4072	0.00046253
4073	0.000447677
4074	0.000445184
4075	0.00045735
4076	0.00044208
4077	0.000465188
4078	0.000449153
4079	0.000447655
4080	0.000451789
4081	0.000442749
4082	0.000467345
4083	0.00044868
4084	0.000452267
4085	0.000447942
4086	0.000442575
4087	0.000464764
4088	0.000437853
4089	0.000445118
4090	0.000437831
4091	0.00043173
4092	0.000450755
4093	0.000418974
4094	0.000430057
4095	0.000419386
4096	0.000410773
4097	0.000433986
4098	0.000407311
4099	0.000410773
4100	0.000411112
4101	0.000399614
4102	0.000430989
4103	0.000415267
4104	0.000407369
4105	0.000429387
4106	0.000404058
4107	0.00043846
4108	0.000435006
4109	0.000414632
4110	0.000447744
4111	0.000411201
4112	0.000435921
4113	0.000446664
4114	0.000412768
4115	0.000452127
4116	0.000415696
4117	0.000426562
4118	0.000451902
4119	0.000404329
4120	0.000444399
4121	0.000414922
4122	0.000410666
4123	0.000449772
4124	0.000393433
4125	0.000430107
4126	0.000414591
4127	0.000397024
4128	0.000442873
4129	0.000387125
4130	0.000426138
4131	0.000422939
4132	0.000383537
4133	0.000437193
4134	0.000389189
4135	0.000417961
4136	0.000428581
4137	0.000378356
4138	0.000428217
4139	0.000391863
4140	0.000404323
4141	0.000423761
4142	0.000376585
4143	0.000418413
4144	0.000393859
4145	0.000398304
4146	0.000417673
4147	0.000386926
4148	0.000415694
4149	0.000398649
4150	0.00040532
4151	0.000422481
4152	0.00040906
4153	0.000419629
4154	0.000405734
4155	0.00042467
4156	0.000438964
4157	0.000433318
4158	0.0004343
4159	0.000421495
4160	0.000438115
4161	0.000457227
4162	0.000455921
4163	0.000454209
4164	0.000441441
4165	0.000440085
4166	0.000464319
4167	0.000461965
4168	0.000463384
4169	0.000452472
4170	0.000441806
4171	0.000472422
4172	0.000456692
4173	0.000472508
4174	0.000459591
4175	0.000440726
4176	0.000479315
4177	0.000464848
4178	0.000478647
4179	0.00047121
4180	0.000437085
4181	0.000483975
4182	0.000465999
4183	0.00047682
4184	0.000473891
4185	0.000429558
4186	0.000484941
4187	0.000465409
4188	0.000467709
4189	0.000476368
4190	0.00041819
4191	0.000479654
4192	0.000462384
4193	0.000458053
4194	0.000491894
4195	0.000418663
4196	0.000477073
4197	0.000467996
4198	0.00045393
4199	0.000510747
4200	0.000428736
4201	0.000477486
4202	0.000483672
4203	0.000452462
4204	0.000522173
4205	0.000446233
4206	0.000475429
4207	0.00050584
4208	0.000463439
4209	0.000522394
4210	0.000464557
4211	0.000467374
4212	0.000518069
4213	0.000476236
4214	0.000518649
4215	0.000486472
4216	0.000457094
4217	0.000524613
4218	0.00048372
4219	0.000504179
4220	0.000510528
4221	0.000454021
4222	0.000529187
4223	0.00049002
4224	0.000490202
4225	0.000528334
4226	0.000449097
4227	0.00052336
4228	0.000494907
4229	0.000470623
4230	0.000537919
4231	0.000449711
4232	0.000509519
4233	0.000504056
4234	0.000460635
4235	0.000531725
4236	0.000449858
4237	0.000490094
4238	0.000503231
4239	0.000449962
4240	0.000520054
4241	0.000453089
4242	0.00046697
4243	0.000504891
4244	0.000455638
4245	0.000513858
4246	0.000473595
4247	0.000453772
4248	0.000513502
4249	0.000477348
4250	0.000516542
4251	0.000504676
4252	0.000448815
4253	0.000527543
4254	0.000494335
4255	0.000501606
4256	0.00052901
4257	0.000448544
4258	0.000530112
4259	0.000500067
4260	0.000482539
4261	0.000542128
4262	0.000451682
4263	0.000522188
4264	0.000512394
4265	0.000466377
4266	0.000538463
4267	0.000454525
4268	0.000499425
4269	0.000514176
4270	0.000454936
4271	0.00052419
4272	0.000459865
4273	0.000473526
4274	0.000507309
4275	0.000450892
4276	0.000512198
4277	0.000471801
4278	0.00045314
4279	0.000508045
4280	0.000463249
4281	0.00050772
4282	0.00049408
4283	0.00044343
4284	0.00051594
4285	0.000486424
4286	0.000497058
4287	0.000517669
4288	0.000446738
4289	0.000522763
4290	0.00050504
4291	0.000477811
4292	0.000527379
4293	0.000452612
4294	0.00051643
4295	0.000509026
4296	0.00046897
4297	0.000529272
4298	0.00045557
4299	0.000501029
4300	0.000512498
4301	0.000464161
4302	0.000527958
4303	0.000471462
4304	0.000482476
4305	0.00051744
4306	0.000456231
4307	0.000519019
4308	0.000482274
4309	0.000461034
4310	0.000511848
4311	0.000454213
4312	0.000493043
4313	0.000478372
4314	0.000438267
4315	0.000493473
4316	0.000458184
4317	0.000469276
4318	0.000483095
4319	0.000430974
4320	0.000482929
4321	0.000472321
4322	0.000461765
4323	0.000492781
4324	0.000433352
4325	0.000480638
4326	0.000484916
4327	0.000458446
4328	0.000498903
4329	0.000449713
4330	0.000479666
4331	0.000494853
4332	0.000459537
4333	0.00050505
4334	0.000467543
4335	0.000478833
4336	0.000497919
4337	0.000462801
4338	0.000501662
4339	0.000473837
4340	0.000473616
4341	0.000497554
4342	0.00046184
4343	0.000495729
4344	0.000476296
4345	0.000457604
4346	0.00048961
4347	0.000458537
4348	0.00048275
4349	0.000467476
4350	0.000444374
4351	0.000475082
4352	0.000455065
4353	0.000472637
4354	0.000462537
4355	0.000439656
4356	0.00045262
4357	0.000449521
4358	0.000453946
4359	0.000454633
4360	0.000434432
4361	0.00043797
4362	0.000439534
4363	0.000448421
4364	0.000447078
4365	0.000427681
4366	0.000431551
4367	0.00043981
4368	0.00044516
4369	0.000446533
4370	0.000430623
4371	0.000432715
4372	0.000445665
4373	0.000448816
4374	0.000451294
4375	0.000435242
4376	0.000441063
4377	0.000445601
4378	0.000446174
4379	0.000459547
4380	0.000441966
4381	0.000456694
4382	0.000441833
4383	0.000445169
4384	0.000469347
4385	0.000448354
4386	0.000464696
4387	0.000442714
4388	0.00044409
4389	0.000472513
4390	0.000437024
4391	0.000454073
4392	0.000438331
4393	0.000434941
4394	0.000468405
4395	0.000420212
4396	0.000440298
4397	0.000429243
4398	0.000418758
4399	0.000453259
4400	0.000402937
4401	0.000426947
4402	0.000421812
4403	0.000400392
4404	0.000435507
4405	0.000394916
4406	0.000418637
4407	0.000422919
4408	0.000382318
4409	0.000425835
4410	0.000393167
4411	0.000406957
4412	0.000423452
4413	0.000372139
4414	0.000420014
4415	0.000399453
4416	0.000394955
4417	0.000424148
4418	0.00037634
4419	0.000416806
4420	0.000413301
4421	0.000390945
4422	0.000432111
4423	0.000403353
4424	0.000422974
4425	0.0004335
4426	0.000392939
4427	0.000443269
4428	0.00043358
4429	0.000420572
4430	0.000442521
4431	0.000402595
4432	0.000450878
4433	0.000449024
4434	0.000419405
4435	0.000446268
4436	0.000412125
4437	0.000451415
4438	0.000447394
4439	0.000422535
4440	0.000449465
4441	0.000416252
4442	0.00044622
4443	0.000442641
4444	0.000426296
4445	0.000452557
4446	0.000420374
4447	0.000448608
4448	0.000448358
4449	0.000435622
4450	0.000450408
4451	0.000413742
4452	0.000445813
4453	0.000450778
4454	0.000445137
4455	0.000450056
4456	0.000407731
4457	0.000448368
4458	0.000444741
4459	0.000446639
4460	0.000452916
4461	0.000407257
4462	0.000450185
4463	0.000443189
4464	0.000440058
4465	0.000462267
4466	0.000408215
4467	0.000454691
4468	0.000458697
4469	0.000441825
4470	0.000483851
4471	0.000429076
4472	0.0004632
4473	0.000483166
4474	0.00046609
4475	0.000510531
4476	0.000458974
4477	0.000465036
4478	0.000502164
4479	0.000480869
4480	0.000522681
4481	0.000485583
4482	0.000465988
4483	0.000520498
4484	0.000482572
4485	0.000511095
4486	0.000493883
4487	0.0004515
4488	0.000514382
4489	0.000474357
4490	0.000484597
4491	0.000493746
4492	0.000429371
4493	0.000498322
4494	0.000470315
4495	0.000460859
4496	0.000498094
4497	0.000422051
4498	0.000485471
4499	0.000473444
4500	0.000454499
4501	0.000506863
4502	0.000426107
4503	0.000478883
4504	0.000477823
4505	0.000449808
4506	0.000511815
4507	0.000438962
4508	0.000472562
4509	0.000495919
4510	0.000458906
4511	0.000520571
4512	0.000461485
4513	0.000468122
4514	0.00051398
4515	0.000475802
4516	0.000522886
4517	0.000485771
4518	0.000463098
4519	0.000527921
4520	0.000486232
4521	0.000513125
4522	0.000509897
4523	0.000456268
4524	0.000532252
4525	0.000489538
4526	0.000492605
4527	0.000528304
4528	0.000443571
4529	0.000521257
4530	0.000492022
4531	0.000472657
4532	0.000529939
4533	0.000441164
4534	0.000500495
4535	0.000495981
4536	0.000457859
4537	0.000523302
4538	0.00044087
4539	0.00048087
4540	0.000492667
4541	0.000448718
4542	0.000514538
4543	0.000448961
4544	0.00046739
4545	0.000502557
4546	0.000456959
4547	0.00051422
4548	0.000468401
4549	0.000454767
4550	0.000511967
4551	0.000476144
4552	0.000511546
4553	0.000496768
4554	0.000455243
4555	0.000529652
4556	0.000487936
4557	0.000502838
4558	0.000520597
4559	0.000449811
4560	0.000531547
4561	0.000492489
4562	0.000480757
4563	0.000537213
4564	0.000446936
4565	0.000515448
4566	0.000501602
4567	0.000464628
4568	0.000533787
4569	0.000449031
4570	0.000495419
4571	0.000504112
4572	0.000451792
4573	0.00052367
4574	0.000452302
4575	0.00047156
4576	0.000499771
4577	0.000449491
4578	0.000509208
4579	0.00046182
4580	0.000450205
4581	0.000505025
4582	0.000467061
4583	0.000509491
4584	0.00049164
4585	0.000445706
4586	0.00052088
4587	0.000487817
4588	0.000503766
4589	0.000519911
4590	0.000453562
4591	0.000535927
4592	0.000501261
4593	0.000492174
4594	0.000541972
4595	0.000456934
4596	0.000528484
4597	0.000511983
4598	0.00047471
4599	0.000542813
4600	0.000457578
4601	0.000506194
4602	0.00051436
4603	0.000457216
4604	0.000529344
4605	0.000456592
4606	0.000473956
4607	0.000502454
4608	0.000446645
4609	0.000509374
4610	0.000464487
4611	0.000449441
4612	0.000499747
4613	0.000457045
4614	0.000509198
4615	0.000489114
4616	0.000442939
4617	0.000514971
4618	0.000485016
4619	0.000504793
4620	0.000521471
4621	0.000451807
4622	0.000528238
4623	0.000506221
4624	0.000492888
4625	0.000535904
4626	0.000460679
4627	0.000529946
4628	0.000514938
4629	0.000481574
4630	0.000543492
4631	0.000461903
4632	0.000511304
4633	0.000518109
4634	0.000469542
4635	0.000536923
4636	0.000469535
4637	0.000489385
4638	0.000519123
4639	0.00046286
4640	0.000530198
4641	0.000482859
4642	0.000466487
4643	0.000517804
4644	0.000460297
4645	0.000510624
4646	0.000487315
4647	0.000445046
4648	0.000505769
4649	0.000466441
4650	0.000487223
4651	0.000497158
4652	0.000439346
4653	0.000501477
4654	0.000485811
4655	0.000475681
4656	0.000508537
4657	0.000441314
4658	0.000497291
4659	0.000499044
4660	0.000466736
4661	0.000509571
4662	0.000452287
4663	0.000494458
4664	0.000502382
4665	0.000466087
4666	0.000517973
4667	0.00046944
4668	0.00048942
4669	0.00050897
4670	0.000469938
4671	0.000518729
4672	0.000481544
4673	0.000484272
4674	0.000511189
4675	0.000469006
4676	0.000509861
4677	0.000484307
4678	0.000467845
4679	0.000501019
4680	0.000461997
4681	0.000487806
4682	0.00047001
4683	0.000440467
4684	0.000477629
4685	0.000453486
4686	0.000466402
4687	0.000457631
4688	0.000433311
4689	0.00045896
4690	0.00045131
4691	0.00045473
4692	0.000456138
4693	0.000432882
4694	0.000442533
4695	0.000446279
4696	0.000450805
4697	0.000453028
4698	0.000431356
4699	0.000441891
4700	0.000448167
4701	0.000449041
4702	0.000451757
4703	0.000431599
4704	0.000438645
4705	0.000449603
4706	0.000443642
4707	0.000450822
4708	0.000430599
4709	0.000434831
4710	0.00044614
4711	0.000437735
4712	0.000454426
4713	0.000435393
4714	0.000447787
4715	0.000445331
4716	0.00043987
4717	0.0004655
4718	0.000445469
4719	0.000458406
4720	0.000440805
4721	0.000442122
4722	0.000467929
4723	0.000437545
4724	0.000452035
4725	0.000438383
4726	0.000436057
4727	0.000461302
4728	0.00041916
4729	0.000437042
4730	0.000429482
4731	0.000415456
4732	0.000444663
4733	0.000398307
4734	0.000418052
4735	0.000413727
4736	0.000397397
4737	0.000427777
4738	0.000389456
4739	0.000412111
4740	0.000418201
4741	0.000383182
4742	0.000420098
4743	0.00039
4744	0.000407593
4745	0.000422116
4746	0.000375358
4747	0.000415012
4748	0.000396208
4749	0.000395063
4750	0.000422214
4751	0.000371684
4752	0.000411429
4753	0.000406308
4754	0.000385645
4755	0.00042877
4756	0.000391205
4757	0.000410736
4758	0.000422
4759	0.000379841
4760	0.000430764
4761	0.000412036
4762	0.000406965
4763	0.000435001
4764	0.000387873
4765	0.000440166
4766	0.00043102
4767	0.000404095
4768	0.000442224
4769	0.000399877
4770	0.000443424
4771	0.000441897
4772	0.000409677
4773	0.000447849
4774	0.000407267
4775	0.000439816
4776	0.000439988
4777	0.000411458
4778	0.000444789
4779	0.000406081
4780	0.000430858
4781	0.000436611
4782	0.000414397
4783	0.000439038
4784	0.000401814
4785	0.000429556
4786	0.000441514
4787	0.000426517
4788	0.000437216
4789	0.000401007
4790	0.000434396
4791	0.000442226
4792	0.000440222
4793	0.000446109
4794	0.000407185
4795	0.000446849
4796	0.000446918
4797	0.000443522
4798	0.000456475
4799	0.000414411
4800	0.000451309
4801	0.000458288
4802	0.00044711
4803	0.000470723
4804	0.00042961
4805	0.000453749
4806	0.00047512
4807	0.000465827
4808	0.000491227
4809	0.000454546
4810	0.000455278
4811	0.000488716
4812	0.000479165
4813	0.000502409
4814	0.000477955
4815	0.000460266
4816	0.000505334
4817	0.000478402
4818	0.000502407
4819	0.000484216
4820	0.000449476
4821	0.000505346
4822	0.000472694
4823	0.000482507
4824	0.000483165
4825	0.000429986
4826	0.000492517
4827	0.000462928
4828	0.000460168
4829	0.000478093
4830	0.000416444
4831	0.00047904
4832	0.000462797
4833	0.000448514
4834	0.000485532
4835	0.000419926
4836	0.000473141
4837	0.000469406
4838	0.000455222
4839	0.000503588
4840	0.000439164
4841	0.000472915
4842	0.000486776
4843	0.000466249
4844	0.000518261
4845	0.000462881
4846	0.000471095
4847	0.00050901
4848	0.000481062
4849	0.000526061
4850	0.000485581
4851	0.000472126
4852	0.000525817
4853	0.000482299
4854	0.000513737
4855	0.000498494
4856	0.000455088
4857	0.000523298
4858	0.00048015
4859	0.000488554
4860	0.00050823
4861	0.000440947
4862	0.000512265
4863	0.000482276
4864	0.000473272
4865	0.000513321
4866	0.000434476
4867	0.000496094
4868	0.000483203
4869	0.000464297
4870	0.000516752
4871	0.000439372
4872	0.000481483
4873	0.000482621
4874	0.000456699
4875	0.000515468
4876	0.000446348
4877	0.000471329
4878	0.000494646
4879	0.000463955
4880	0.000521333
4881	0.000466401
4882	0.000467071
4883	0.000511447
4884	0.000478924
4885	0.000523394
4886	0.000490159
4887	0.000466454
4888	0.000530234
4889	0.000488556
4890	0.000512148
4891	0.00051133
4892	0.000458785
4893	0.000533212
4894	0.000489649
4895	0.00049348
4896	0.000528259
4897	0.000447161
4898	0.000521005
4899	0.000493946
4900	0.000476643
4901	0.000529076
4902	0.000443931
4903	0.000499173
4904	0.000493523
4905	0.000458526
4906	0.000523458
4907	0.000444826
4908	0.000480191
4909	0.000491333
4910	0.000451297
4911	0.000516457
4912	0.000451615
4913	0.000467698
4914	0.00050114
4915	0.000460431
4916	0.000516929
4917	0.000470479
4918	0.000455165
4919	0.000513338
4920	0.00047899
4921	0.000515068
4922	0.000498786
4923	0.000455762
4924	0.000531322
4925	0.000491863
4926	0.000508728
4927	0.00052443
4928	0.000451226
4929	0.000535596
4930	0.000497431
4931	0.000488258
4932	0.00054212
4933	0.000450042
4934	0.000520855
4935	0.000507678
4936	0.000468534
4937	0.000536234
4938	0.000449531
4939	0.000497959
4940	0.000506819
4941	0.000449922
4942	0.000522991
4943	0.00044948
4944	0.000470271
4945	0.000498248
4946	0.000442365
4947	0.000503695
4948	0.000453429
4949	0.000448127
4950	0.0004982
4951	0.000454153
4952	0.000504677
4953	0.00048072
4954	0.000440114
4955	0.00051204
4956	0.000479055
4957	0.000501317
4958	0.000512478
4959	0.0004472
4960	0.00052796
4961	0.000498899
4962	0.000487838
4963	0.000534471
4964	0.00045597
4965	0.000530303
4966	0.000509532
4967	0.00047613
4968	0.0005431
4969	0.000457954
4970	0.000511379
4971	0.000516362
4972	0.000461217
4973	0.000532743
4974	0.000461301
4975	0.000482626
4976	0.000510856
4977	0.000450385
4978	0.000519689
4979	0.000470243
4980	0.000454847
4981	0.000505574
4982	0.00044901
4983	0.000501127
4984	0.00047658
4985	0.00043273
4986	0.000496551
4987	0.000460454
4988	0.000483649
4989	0.000491503
4990	0.000429418
4991	0.000497784
4992	0.000481472
4993	0.000472519
4994	0.000508623
4995	0.000436739
4996	0.00049716
4997	0.000495017
4998	0.000458336
4999	0.000506324
5000	0.000441777
