1	0
2	0.0393833
3	0.0730531
4	0.0672731
5	0.0378997
6	0.0318294
7	0.0397936
8	0.0382114
9	0.0372221
10	0.036801
11	0.0379991
12	0.0209662
13	0.0288368
14	0.0272725
15	0.0371202
16	0.0360076
17	0.0243286
18	0.0228327
19	0.0228464
20	0.0229171
21	0.0228048
22	0.0224164
23	0.0218245
24	0.0211213
25	0.0203185
26	0.0193234
27	0.0183595
28	0.017666
29	0.0172183
30	0.0170797
31	0.0170992
32	0.0172172
33	0.0128158
34	0.0127083
35	0.0125735
36	0.0123117
37	0.0119352
38	0.0155363
39	0.0151007
40	0.0147533
41	0.0144635
42	0.0142177
43	0.0140666
44	0.0139469
45	0.0138061
46	0.0136074
47	0.0134034
48	0.013229
49	0.0130688
50	0.0129492
51	0.012882
52	0.00961119
53	0.0128028
54	0.0127357
55	0.0127044
56	0.0125976
57	0.0123929
58	0.0121619
59	0.0118691
60	0.0115645
61	0.0112136
62	0.0109388
63	0.0106318
64	0.0104263
65	0.0101725
66	0.00997654
67	0.00969593
68	0.00945799
69	0.00917281
70	0.00896413
71	0.00869841
72	0.00847287
73	0.00819139
74	0.00794443
75	0.00765884
76	0.00740465
77	0.00713852
78	0.00688457
79	0.0066456
80	0.00641495
81	0.00620436
82	0.00599222
83	0.00579663
84	0.00561078
85	0.00543075
86	0.0052579
87	0.00508311
88	0.00491103
89	0.00472875
90	0.00456618
91	0.00440491
92	0.00426401
93	0.00412238
94	0.0040098
95	0.0038957
96	0.00379786
97	0.00370094
98	0.0036302
99	0.00355289
100	0.00348702
101	0.00341552
102	0.00334137
103	0.00327726
104	0.00320943
105	0.00314903
106	0.00308275
107	0.00303305
108	0.00297531
109	0.00292888
110	0.00288516
111	0.00284583
112	0.0028026
113	0.00276022
114	0.00271139
115	0.00267278
116	0.00263322
117	0.00259343
118	0.0025499
119	0.00250326
120	0.00245769
121	0.00241037
122	0.00236725
123	0.00232227
124	0.00227726
125	0.00223383
126	0.00219609
127	0.00215889
128	0.00212088
129	0.00208222
130	0.00204354
131	0.00200618
132	0.00196757
133	0.0019277
134	0.00189356
135	0.00185906
136	0.00182294
137	0.00178887
138	0.00175836
139	0.00173208
140	0.00170425
141	0.0016718
142	0.00164262
143	0.00161247
144	0.00158446
145	0.00155341
146	0.0015262
147	0.00150031
148	0.00147702
149	0.00145189
150	0.00142298
151	0.00139626
152	0.00137061
153	0.00134856
154	0.00132492
155	0.00129936
156	0.0012766
157	0.00125165
158	0.00122975
159	0.00120246
160	0.00117403
161	0.0011481
162	0.0011224
163	0.00109967
164	0.00107403
165	0.00104695
166	0.00102157
167	0.000995203
168	0.000970196
169	0.000944056
170	0.000922068
171	0.000899078
172	0.000878222
173	0.000855212
174	0.000832288
175	0.000811581
176	0.000789258
177	0.000772174
178	0.000752601
179	0.000735533
180	0.00071753
181	0.000697691
182	0.000683073
183	0.000664204
184	0.000648976
185	0.000632136
186	0.000616432
187	0.000605508
188	0.000588968
189	0.000578772
190	0.000565273
191	0.000551974
192	0.000543131
193	0.00052789
194	0.00052062
195	0.000509451
196	0.000497297
197	0.000489938
198	0.000477202
199	0.000472012
200	0.000463858
201	0.000452426
202	0.000447168
203	0.000435652
204	0.00043138
205	0.000425786
206	0.000415314
207	0.000411956
208	0.000401263
209	0.000397222
210	0.000392481
211	0.000382156
212	0.00037781
213	0.000367834
214	0.000365704
215	0.000362223
216	0.00035379
217	0.000351297
218	0.000340958
219	0.00033827
220	0.000333807
221	0.000327032
222	0.000323731
223	0.000314501
224	0.000313485
225	0.000309178
226	0.000304492
227	0.000300427
228	0.000291952
229	0.000290557
230	0.000287811
231	0.000284249
232	0.000278759
233	0.000271993
234	0.000269184
235	0.000268451
236	0.000266574
237	0.000261531
238	0.000256757
239	0.000253141
240	0.000254814
241	0.000252403
242	0.000248717
243	0.0002453
244	0.000240082
245	0.00024403
246	0.000239898
247	0.000238557
248	0.000235545
249	0.000230304
250	0.000234877
251	0.000229522
252	0.000230872
253	0.000227122
254	0.000221561
255	0.000225082
256	0.000218522
257	0.000219185
258	0.000215589
259	0.000211408
260	0.000213349
261	0.000208017
262	0.000207081
263	0.000204401
264	0.000200155
265	0.000202029
266	0.000197925
267	0.000195627
268	0.000192443
269	0.000189102
270	0.000191301
271	0.000188228
272	0.000183533
273	0.000180887
274	0.000176678
275	0.000178485
276	0.000176116
277	0.000169182
278	0.000167468
279	0.000163737
280	0.000165981
281	0.000164275
282	0.00015651
283	0.00015647
284	0.000152054
285	0.000153863
286	0.000151842
287	0.00014569
288	0.000146164
289	0.000142024
290	0.000142884
291	0.000142738
292	0.000138014
293	0.000137459
294	0.000133986
295	0.000133299
296	0.000134326
297	0.000130432
298	0.00013026
299	0.000127172
300	0.000125735
301	0.00012761
302	0.000122333
303	0.000123135
304	0.000120828
305	0.000118184
306	0.000120388
307	0.000115516
308	0.000116468
309	0.00011359
310	0.000111
311	0.000113405
312	0.000108718
313	0.000109227
314	0.000106591
315	0.0001027
316	0.000106102
317	0.000102629
318	0.000100362
319	0.000100247
320	9.57242e-05
321	9.98567e-05
322	9.65325e-05
323	9.25909e-05
324	9.45183e-05
325	9.09344e-05
326	9.40232e-05
327	9.02024e-05
328	8.65131e-05
329	8.92304e-05
330	8.58445e-05
331	8.84911e-05
332	8.45455e-05
333	8.17803e-05
334	8.4925e-05
335	8.24895e-05
336	8.39364e-05
337	8.20234e-05
338	8.01391e-05
339	8.20105e-05
340	8.09441e-05
341	8.18161e-05
342	8.12113e-05
343	7.92946e-05
344	8.1878e-05
345	7.97388e-05
346	8.05235e-05
347	8.19348e-05
348	7.71353e-05
349	8.07644e-05
350	7.80337e-05
351	7.79546e-05
352	8.11912e-05
353	7.5793e-05
354	7.94158e-05
355	7.6341e-05
356	7.71747e-05
357	8.06984e-05
358	7.58842e-05
359	7.84771e-05
360	7.56349e-05
361	7.68741e-05
362	7.9748e-05
363	7.63071e-05
364	7.77764e-05
365	7.58717e-05
366	7.56167e-05
367	7.83599e-05
368	7.63111e-05
369	7.44804e-05
370	7.58812e-05
371	7.31103e-05
372	7.6402e-05
373	7.56318e-05
374	7.22018e-05
375	7.57596e-05
376	6.98425e-05
377	7.62476e-05
378	7.51397e-05
379	6.99419e-05
380	7.58857e-05
381	6.73029e-05
382	7.53268e-05
383	4.84329e-05
384	6.61972e-05
385	7.35062e-05
386	6.56327e-05
387	4.94877e-05
388	7.24856e-05
389	6.3752e-05
390	7.19048e-05
391	6.62353e-05
392	4.84076e-05
393	7.25659e-05
394	6.26099e-05
395	7.02526e-05
396	4.3426e-05
397	4.62439e-05
398	7.22841e-05
399	6.53518e-05
400	6.97529e-05
401	4.29637e-05
402	4.50285e-05
403	4.73546e-05
404	4.43414e-05
405	4.46945e-05
406	4.24798e-05
407	4.50375e-05
408	4.84642e-05
409	4.4095e-05
410	4.41863e-05
411	4.23438e-05
412	4.32368e-05
413	4.82499e-05
414	4.23285e-05
415	4.16054e-05
416	4.15744e-05
417	4.00692e-05
418	4.65208e-05
419	4.17757e-05
420	5.87139e-05
421	4.09653e-05
422	3.78447e-05
423	4.38933e-05
424	4.20687e-05
425	5.62975e-05
426	4.05255e-05
427	3.71768e-05
428	4.24029e-05
429	4.24045e-05
430	5.4655e-05
431	4.00694e-05
432	3.7082e-05
433	4.01328e-05
434	4.18914e-05
435	5.45558e-05
436	3.96792e-05
437	3.75407e-05
438	3.80638e-05
439	4.20041e-05
440	5.7467e-05
441	3.95757e-05
442	3.71922e-05
443	3.81089e-05
444	4.18751e-05
445	3.81312e-05
446	3.92333e-05
447	3.78675e-05
448	3.7131e-05
449	4.24662e-05
450	3.94906e-05
451	3.903e-05
452	3.85127e-05
453	3.64146e-05
454	4.22543e-05
455	4.01134e-05
456	3.74655e-05
457	3.83269e-05
458	3.60217e-05
459	4.04854e-05
460	3.96193e-05
461	3.55404e-05
462	3.61846e-05
463	3.46783e-05
464	3.74387e-05
465	3.74274e-05
466	5.02658e-05
467	3.42514e-05
468	3.33455e-05
469	3.46126e-05
470	3.56622e-05
471	4.78481e-05
472	3.29352e-05
473	3.29328e-05
474	3.19511e-05
475	3.53264e-05
476	4.83764e-05
477	3.29932e-05
478	3.28435e-05
479	3.11037e-05
480	3.50315e-05
481	3.14044e-05
482	3.31563e-05
483	3.29445e-05
484	3.08761e-05
485	3.45246e-05
486	3.25282e-05
487	3.29531e-05
488	3.25099e-05
489	3.06353e-05
490	3.39696e-05
491	3.20753e-05
492	3.25865e-05
493	3.22419e-05
494	3.10091e-05
495	3.33937e-05
496	3.21699e-05
497	3.21271e-05
498	3.17551e-05
499	3.12638e-05
500	3.2743e-05
501	3.24982e-05
502	3.14477e-05
503	3.15384e-05
504	3.10669e-05
505	3.26937e-05
506	3.21658e-05
507	3.10108e-05
508	3.0731e-05
509	3.02256e-05
510	3.15735e-05
511	3.11303e-05
512	2.97965e-05
513	2.96707e-05
514	2.90393e-05
515	3.10991e-05
516	3.04852e-05
517	2.79844e-05
518	2.94124e-05
519	2.84003e-05
520	3.11673e-05
521	2.95701e-05
522	2.68907e-05
523	3.01228e-05
524	2.8615e-05
525	3.19624e-05
526	2.90874e-05
527	2.66088e-05
528	3.09726e-05
529	2.91035e-05
530	3.1624e-05
531	2.92096e-05
532	2.61765e-05
533	3.14543e-05
534	2.97109e-05
535	3.05324e-05
536	3.0023e-05
537	2.68087e-05
538	3.13353e-05
539	3.09277e-05
540	2.9372e-05
541	3.18498e-05
542	2.85292e-05
543	2.94234e-05
544	3.19391e-05
545	2.90503e-05
546	3.30903e-05
547	2.95655e-05
548	2.86077e-05
549	3.20338e-05
550	2.92259e-05
551	3.38796e-05
552	2.9598e-05
553	2.94397e-05
554	3.12493e-05
555	2.9363e-05
556	3.35288e-05
557	2.88116e-05
558	2.94893e-05
559	3.06454e-05
560	2.93475e-05
561	3.26793e-05
562	2.92057e-05
563	2.88611e-05
564	2.97279e-05
565	2.9463e-05
566	3.17079e-05
567	3.01891e-05
568	4.29802e-05
569	2.9687e-05
570	2.9681e-05
571	3.13249e-05
572	3.13776e-05
573	4.2796e-05
574	3.06052e-05
575	2.95613e-05
576	3.18052e-05
577	3.25768e-05
578	4.32319e-05
579	3.20858e-05
580	3.02408e-05
581	3.23267e-05
582	3.29006e-05
583	4.6574e-05
584	3.40753e-05
585	3.12809e-05
586	3.40696e-05
587	3.38385e-05
588	3.18767e-05
589	3.46949e-05
590	3.14971e-05
591	3.60644e-05
592	3.49063e-05
593	3.3888e-05
594	3.50919e-05
595	3.17958e-05
596	3.57043e-05
597	3.50602e-05
598	3.39522e-05
599	3.40512e-05
600	3.17557e-05
601	3.36429e-05
602	3.47884e-05
603	3.2561e-05
604	3.15032e-05
605	3.15918e-05
606	3.13239e-05
607	3.39692e-05
608	3.15488e-05
609	4.52674e-05
610	3.23363e-05
611	2.94596e-05
612	3.37449e-05
613	3.08302e-05
614	4.43357e-05
615	3.26177e-05
616	2.85347e-05
617	3.45473e-05
618	3.1117e-05
619	2.88826e-05
620	3.30483e-05
621	2.96623e-05
622	3.53081e-05
623	3.26214e-05
624	3.10069e-05
625	3.43095e-05
626	3.16398e-05
627	3.66286e-05
628	3.49909e-05
629	3.36227e-05
630	3.50956e-05
631	3.28832e-05
632	3.78418e-05
633	3.66822e-05
634	3.47835e-05
635	3.46289e-05
636	3.30811e-05
637	3.61833e-05
638	3.68507e-05
639	3.3495e-05
640	3.32491e-05
641	3.3662e-05
642	3.308e-05
643	3.68099e-05
644	3.22169e-05
645	3.17017e-05
646	3.33831e-05
647	3.08565e-05
648	3.68881e-05
649	3.19273e-05
650	3.09248e-05
651	3.36614e-05
652	3.01044e-05
653	3.70617e-05
654	3.22006e-05
655	3.05976e-05
656	3.33627e-05
657	3.01445e-05
658	3.643e-05
659	3.31612e-05
660	3.07492e-05
661	3.36967e-05
662	3.14544e-05
663	3.62969e-05
664	3.49488e-05
665	3.24451e-05
666	3.42736e-05
667	3.23531e-05
668	3.69095e-05
669	3.73597e-05
670	3.37527e-05
671	3.52322e-05
672	3.32969e-05
673	3.59761e-05
674	3.87234e-05
675	3.38239e-05
676	3.48877e-05
677	3.40715e-05
678	3.40492e-05
679	3.94561e-05
680	3.30053e-05
681	3.34886e-05
682	3.43071e-05
683	3.18747e-05
684	3.86514e-05
685	3.2942e-05
686	3.18929e-05
687	3.37548e-05
688	3.05668e-05
689	3.75865e-05
690	3.27715e-05
691	3.04235e-05
692	3.29645e-05
693	2.99561e-05
694	3.61287e-05
695	3.40479e-05
696	2.97285e-05
697	3.33169e-05
698	3.18317e-05
699	3.49934e-05
700	3.64503e-05
701	3.14853e-05
702	3.50069e-05
703	3.26943e-05
704	3.57489e-05
705	3.92355e-05
706	3.36225e-05
707	3.60186e-05
708	3.29524e-05
709	3.56604e-05
710	4.00927e-05
711	3.39264e-05
712	3.51197e-05
713	3.38475e-05
714	3.38517e-05
715	4.01515e-05
716	3.36584e-05
717	3.34635e-05
718	3.4284e-05
719	3.19184e-05
720	3.91196e-05
721	3.42254e-05
722	3.16059e-05
723	3.39358e-05
724	3.08874e-05
725	3.6933e-05
726	3.49269e-05
727	3.01331e-05
728	3.36648e-05
729	3.0862e-05
730	3.5042e-05
731	3.61611e-05
732	2.96649e-05
733	3.40236e-05
734	3.16489e-05
735	3.3832e-05
736	3.74264e-05
737	3.08332e-05
738	3.48173e-05
739	3.23732e-05
740	3.39518e-05
741	3.8795e-05
742	3.19322e-05
743	3.47643e-05
744	3.28894e-05
745	3.3956e-05
746	3.9453e-05
747	3.37728e-05
748	3.4056e-05
749	3.35268e-05
750	3.30325e-05
751	3.8766e-05
752	3.46039e-05
753	3.30635e-05
754	3.39098e-05
755	3.16598e-05
756	3.74215e-05
757	3.53835e-05
758	3.22088e-05
759	3.39922e-05
760	3.05774e-05
761	3.62075e-05
762	3.58019e-05
763	3.0449e-05
764	3.31824e-05
765	3.05027e-05
766	3.43431e-05
767	3.59279e-05
768	4.44046e-05
769	3.24644e-05
770	3.12249e-05
771	3.19703e-05
772	3.60696e-05
773	4.63387e-05
774	3.23158e-05
775	3.15857e-05
776	3.09923e-05
777	3.56258e-05
778	3.06693e-05
779	3.25842e-05
780	3.17094e-05
781	3.16753e-05
782	3.57236e-05
783	3.20553e-05
784	3.35678e-05
785	3.20229e-05
786	3.15188e-05
787	3.57992e-05
788	3.27217e-05
789	3.34317e-05
790	3.18074e-05
791	3.12273e-05
792	3.57562e-05
793	3.36191e-05
794	3.19446e-05
795	3.16441e-05
796	3.04428e-05
797	3.49512e-05
798	3.42765e-05
799	3.04337e-05
800	3.11972e-05
801	2.99351e-05
802	3.31749e-05
803	3.34366e-05
804	2.92943e-05
805	3.02896e-05
806	3.02673e-05
807	3.12668e-05
808	3.26994e-05
809	2.93259e-05
810	2.95846e-05
811	3.00469e-05
812	2.97156e-05
813	3.16933e-05
814	2.88779e-05
815	2.9517e-05
816	2.94838e-05
817	2.9133e-05
818	3.07116e-05
819	2.88723e-05
820	2.9824e-05
821	2.92721e-05
822	2.90248e-05
823	3.04016e-05
824	2.98143e-05
825	3.00645e-05
826	2.91747e-05
827	2.91481e-05
828	3.11217e-05
829	2.95029e-05
830	3.0845e-05
831	2.94342e-05
832	2.9565e-05
833	3.20255e-05
834	2.9815e-05
835	3.11956e-05
836	2.97261e-05
837	2.96744e-05
838	3.20849e-05
839	3.03708e-05
840	3.05674e-05
841	3.01117e-05
842	2.92667e-05
843	3.21453e-05
844	3.00672e-05
845	3.01439e-05
846	2.97005e-05
847	2.88931e-05
848	3.1253e-05
849	2.89711e-05
850	2.86666e-05
851	2.92787e-05
852	2.77954e-05
853	3.04728e-05
854	2.83521e-05
855	2.61896e-05
856	2.8987e-05
857	2.72457e-05
858	2.96076e-05
859	2.7593e-05
860	2.43788e-05
861	2.92785e-05
862	2.68617e-05
863	2.94074e-05
864	2.75041e-05
865	2.38849e-05
866	2.96633e-05
867	2.74058e-05
868	2.87906e-05
869	2.80577e-05
870	2.45277e-05
871	2.98132e-05
872	2.86113e-05
873	2.80212e-05
874	2.9029e-05
875	2.67252e-05
876	2.98354e-05
877	3.02879e-05
878	2.83026e-05
879	3.08063e-05
880	2.82256e-05
881	2.91826e-05
882	3.09395e-05
883	2.88966e-05
884	3.24347e-05
885	2.87854e-05
886	3.00356e-05
887	3.09809e-05
888	2.9207e-05
889	3.40799e-05
890	2.87439e-05
891	3.06244e-05
892	3.06342e-05
893	2.9001e-05
894	3.41727e-05
895	2.81727e-05
896	2.9765e-05
897	3.00928e-05
898	2.87249e-05
899	3.28432e-05
900	2.83808e-05
901	2.84664e-05
902	2.93185e-05
903	2.86674e-05
904	3.18686e-05
905	2.95106e-05
906	2.76567e-05
907	2.92753e-05
908	2.86161e-05
909	3.10315e-05
910	3.08265e-05
911	4.22899e-05
912	3.04266e-05
913	2.8587e-05
914	3.12813e-05
915	3.12702e-05
916	4.11392e-05
917	3.12389e-05
918	2.88274e-05
919	3.17658e-05
920	3.12264e-05
921	4.22949e-05
922	3.25419e-05
923	2.90576e-05
924	3.30707e-05
925	3.18358e-05
926	4.56851e-05
927	3.36506e-05
928	3.06828e-05
929	3.48523e-05
930	3.34071e-05
931	3.2239e-05
932	3.45855e-05
933	3.23271e-05
934	3.6747e-05
935	3.53449e-05
936	3.44651e-05
937	3.47675e-05
938	3.25846e-05
939	3.6757e-05
940	3.57628e-05
941	3.47674e-05
942	3.37789e-05
943	3.28407e-05
944	3.48781e-05
945	3.58126e-05
946	3.31925e-05
947	3.21157e-05
948	3.30031e-05
949	3.20239e-05
950	3.58223e-05
951	3.19973e-05
952	3.07701e-05
953	3.30711e-05
954	3.00801e-05
955	3.65179e-05
956	3.18698e-05
957	3.02096e-05
958	3.38017e-05
959	2.99408e-05
960	3.70589e-05
961	3.28073e-05
962	3.02971e-05
963	3.39835e-05
964	3.06639e-05
965	3.64956e-05
966	3.3886e-05
967	3.13171e-05
968	3.41994e-05
969	3.20822e-05
970	3.65782e-05
971	3.57909e-05
972	3.3256e-05
973	3.4668e-05
974	3.32498e-05
975	3.66797e-05
976	3.76524e-05
977	3.43465e-05
978	3.5117e-05
979	3.38886e-05
980	3.47785e-05
981	3.864e-05
982	3.34389e-05
983	3.38489e-05
984	3.41108e-05
985	3.27199e-05
986	3.89096e-05
987	3.27917e-05
988	3.25264e-05
989	3.40642e-05
990	3.10394e-05
991	3.80081e-05
992	3.26477e-05
993	3.13379e-05
994	3.36823e-05
995	3.03099e-05
996	3.71026e-05
997	3.35818e-05
998	3.03226e-05
999	3.32224e-05
1000	3.05698e-05
1001	3.55005e-05
1002	3.48807e-05
1003	3.07795e-05
1004	3.40069e-05
1005	3.20046e-05
1006	3.50881e-05
1007	3.74048e-05
1008	3.24159e-05
1009	3.50678e-05
1010	3.22898e-05
1011	3.54408e-05
1012	3.91439e-05
1013	3.3478e-05
1014	3.51363e-05
1015	3.35932e-05
1016	3.40229e-05
1017	3.98202e-05
1018	3.31651e-05
1019	3.36322e-05
1020	3.41076e-05
1021	3.2319e-05
1022	3.90147e-05
1023	3.32248e-05
1024	3.18035e-05
1025	3.39046e-05
1026	3.06263e-05
1027	3.7548e-05
1028	3.37326e-05
1029	2.99912e-05
1030	3.28394e-05
1031	3.01689e-05
1032	3.50373e-05
1033	3.48836e-05
1034	2.91047e-05
1035	3.34919e-05
1036	3.15572e-05
1037	3.40864e-05
1038	3.70985e-05
1039	3.0912e-05
1040	3.47943e-05
1041	3.20808e-05
1042	3.47495e-05
1043	3.91179e-05
1044	3.25829e-05
1045	3.51858e-05
1046	3.25308e-05
1047	3.46731e-05
1048	3.96287e-05
1049	3.31163e-05
1050	3.41466e-05
1051	3.36364e-05
1052	3.29263e-05
1053	3.94501e-05
1054	3.37373e-05
1055	3.23354e-05
1056	3.34629e-05
1057	3.10833e-05
1058	3.75274e-05
1059	3.43307e-05
1060	3.06988e-05
1061	3.34003e-05
1062	3.0388e-05
1063	3.56876e-05
1064	3.53747e-05
1065	2.97379e-05
1066	3.34129e-05
1067	3.03011e-05
1068	3.42441e-05
1069	3.65383e-05
1070	4.64333e-05
1071	3.42121e-05
1072	3.17423e-05
1073	3.29031e-05
1074	3.73408e-05
1075	4.86121e-05
1076	3.44816e-05
1077	3.23721e-05
1078	3.29074e-05
1079	3.8279e-05
1080	3.1685e-05
1081	3.33762e-05
1082	3.20334e-05
1083	3.25571e-05
1084	3.77814e-05
1085	3.30773e-05
1086	3.33088e-05
1087	3.29204e-05
1088	3.23999e-05
1089	3.74781e-05
1090	3.44427e-05
1091	3.35343e-05
1092	3.3751e-05
1093	3.12528e-05
1094	3.69663e-05
1095	3.52746e-05
1096	3.22569e-05
1097	3.34534e-05
1098	3.08011e-05
1099	3.57149e-05
1100	3.53966e-05
1101	4.58147e-05
1102	3.28361e-05
1103	3.07614e-05
1104	3.33048e-05
1105	3.56151e-05
1106	4.44778e-05
1107	3.13033e-05
1108	3.06477e-05
1109	3.11687e-05
1110	3.44431e-05
1111	2.88164e-05
1112	3.09831e-05
1113	3.1022e-05
1114	3.03694e-05
1115	3.4131e-05
1116	3.0417e-05
1117	3.2702e-05
1118	3.19969e-05
1119	3.0449e-05
1120	3.43602e-05
1121	3.16892e-05
1122	3.34375e-05
1123	3.14878e-05
1124	3.103e-05
1125	3.43704e-05
1126	3.17539e-05
1127	3.29157e-05
1128	3.10409e-05
1129	3.08234e-05
1130	3.4239e-05
1131	3.26237e-05
1132	3.15908e-05
1133	3.08441e-05
1134	3.02664e-05
1135	3.39773e-05
1136	3.28903e-05
1137	3.05402e-05
1138	3.12231e-05
1139	3.03597e-05
1140	3.27899e-05
1141	3.26503e-05
1142	3.04968e-05
1143	3.09844e-05
1144	3.07398e-05
1145	3.13523e-05
1146	3.21322e-05
1147	3.01407e-05
1148	2.99562e-05
1149	2.99384e-05
1150	3.07838e-05
1151	3.06604e-05
1152	2.92456e-05
1153	2.85881e-05
1154	2.86653e-05
1155	2.9693e-05
1156	2.92486e-05
1157	2.8085e-05
1158	2.79903e-05
1159	2.76114e-05
1160	2.86626e-05
1161	2.88996e-05
1162	2.7e-05
1163	2.92113e-05
1164	2.85709e-05
1165	2.89734e-05
1166	2.93661e-05
1167	2.73047e-05
1168	3.11917e-05
1169	2.99007e-05
1170	3.01116e-05
1171	2.98479e-05
1172	2.84252e-05
1173	3.17973e-05
1174	3.0447e-05
1175	2.98696e-05
1176	3.11167e-05
1177	2.83207e-05
1178	3.116e-05
1179	2.98016e-05
1180	2.8669e-05
1181	3.15787e-05
1182	2.79747e-05
1183	2.97825e-05
1184	3.01649e-05
1185	2.75731e-05
1186	3.17495e-05
1187	2.78731e-05
1188	2.74773e-05
1189	3.0042e-05
1190	2.71448e-05
1191	3.15396e-05
1192	2.77313e-05
1193	2.60349e-05
1194	2.9944e-05
1195	2.66175e-05
1196	3.1028e-05
1197	2.73019e-05
1198	2.53164e-05
1199	2.95642e-05
1200	2.67468e-05
1201	3.02585e-05
1202	2.72924e-05
1203	2.57904e-05
1204	2.93141e-05
1205	2.78268e-05
1206	2.9489e-05
1207	2.82218e-05
1208	2.69764e-05
1209	2.88432e-05
1210	2.94772e-05
1211	3.01299e-05
1212	2.97634e-05
1213	4.31435e-05
1214	2.9671e-05
1215	3.07908e-05
1216	3.10929e-05
1217	3.18992e-05
1218	4.45125e-05
1219	3.05772e-05
1220	3.11594e-05
1221	3.16647e-05
1222	3.32699e-05
1223	4.52315e-05
1224	3.18718e-05
1225	3.16709e-05
1226	3.21995e-05
1227	3.3606e-05
1228	2.98753e-05
1229	3.33665e-05
1230	3.18974e-05
1231	3.42037e-05
1232	3.41619e-05
1233	3.20135e-05
1234	3.40984e-05
1235	3.12403e-05
1236	3.51821e-05
1237	3.41861e-05
1238	3.34041e-05
1239	3.40807e-05
1240	3.11239e-05
1241	3.43241e-05
1242	3.39691e-05
1243	3.34414e-05
1244	3.26875e-05
1245	3.08885e-05
1246	3.24849e-05
1247	3.38386e-05
1248	3.24056e-05
1249	3.04799e-05
1250	3.104e-05
1251	3.08007e-05
1252	3.37021e-05
1253	3.11677e-05
1254	2.89483e-05
1255	3.20386e-05
1256	2.92212e-05
1257	3.4423e-05
1258	3.10821e-05
1259	4.51172e-05
1260	3.3295e-05
1261	2.89599e-05
1262	3.52405e-05
1263	3.21045e-05
1264	2.96833e-05
1265	3.40355e-05
1266	3.07791e-05
1267	3.59343e-05
1268	3.36749e-05
1269	3.24147e-05
1270	3.48056e-05
1271	3.20903e-05
1272	3.69184e-05
1273	3.53727e-05
1274	3.41047e-05
1275	3.45689e-05
1276	3.23537e-05
1277	3.6538e-05
1278	3.60459e-05
1279	3.38839e-05
1280	3.31797e-05
1281	3.29502e-05
1282	3.39891e-05
1283	3.62522e-05
1284	3.2189e-05
1285	3.17292e-05
1286	3.31351e-05
1287	3.11868e-05
1288	3.64452e-05
1289	3.14505e-05
1290	3.05823e-05
1291	3.3182e-05
1292	3.00349e-05
1293	3.64688e-05
1294	3.13552e-05
1295	3.02026e-05
1296	3.30463e-05
1297	2.95871e-05
1298	3.59272e-05
1299	3.23614e-05
1300	3.04642e-05
1301	3.32314e-05
1302	3.06734e-05
1303	3.58252e-05
1304	3.38336e-05
1305	3.21633e-05
1306	3.38394e-05
1307	3.15303e-05
1308	3.706e-05
1309	3.63062e-05
1310	3.33363e-05
1311	3.42828e-05
1312	3.26385e-05
1313	3.5992e-05
1314	3.76039e-05
1315	3.30042e-05
1316	3.37795e-05
1317	3.36171e-05
1318	3.34511e-05
1319	3.8339e-05
1320	3.22394e-05
1321	3.24862e-05
1322	3.40244e-05
1323	3.12703e-05
1324	3.76745e-05
1325	3.2188e-05
1326	3.12445e-05
1327	3.36527e-05
1328	3.00938e-05
1329	3.68017e-05
1330	3.26174e-05
1331	3.05771e-05
1332	3.29731e-05
1333	3.00633e-05
1334	3.59128e-05
1335	3.34777e-05
1336	3.06393e-05
1337	3.33392e-05
1338	3.09783e-05
1339	3.56719e-05
1340	3.55662e-05
1341	3.16338e-05
1342	3.39617e-05
1343	3.20286e-05
1344	3.58941e-05
1345	3.80855e-05
1346	3.28485e-05
1347	3.49002e-05
1348	3.32103e-05
1349	3.48787e-05
1350	3.92956e-05
1351	3.29382e-05
1352	3.42809e-05
1353	3.42216e-05
1354	3.29407e-05
1355	3.91248e-05
1356	3.29406e-05
1357	3.28746e-05
1358	3.41259e-05
1359	3.13722e-05
1360	3.80094e-05
1361	3.29664e-05
1362	3.14874e-05
1363	3.36565e-05
1364	3.03605e-05
1365	3.68113e-05
1366	3.3715e-05
1367	3.01861e-05
1368	3.30005e-05
1369	3.04843e-05
1370	3.49626e-05
1371	3.4859e-05
1372	3.04367e-05
1373	3.38209e-05
1374	3.1978e-05
1375	3.49615e-05
1376	3.77369e-05
1377	3.20733e-05
1378	3.52112e-05
1379	3.25107e-05
1380	3.56308e-05
1381	3.97316e-05
1382	3.36486e-05
1383	3.56044e-05
1384	3.37466e-05
1385	3.44844e-05
1386	4.00304e-05
1387	3.34903e-05
1388	3.41752e-05
1389	3.42175e-05
1390	3.2522e-05
1391	3.91244e-05
1392	3.33976e-05
1393	3.23273e-05
1394	3.39347e-05
1395	3.07099e-05
1396	3.7521e-05
1397	3.37594e-05
1398	3.04646e-05
1399	3.29593e-05
1400	3.02715e-05
1401	3.52555e-05
1402	3.4743e-05
1403	2.93736e-05
1404	3.33369e-05
1405	3.11741e-05
1406	3.41252e-05
1407	3.67392e-05
1408	3.06588e-05
1409	3.50267e-05
1410	3.25085e-05
1411	3.4779e-05
1412	3.91442e-05
1413	3.24034e-05
1414	3.57321e-05
1415	3.30939e-05
1416	3.52848e-05
1417	4.00881e-05
1418	3.35514e-05
1419	3.51556e-05
1420	3.40264e-05
1421	3.3967e-05
1422	4.00681e-05
1423	3.44168e-05
1424	3.36754e-05
1425	3.42301e-05
1426	3.24771e-05
1427	3.86519e-05
1428	3.52073e-05
1429	3.24306e-05
1430	3.45324e-05
1431	3.12171e-05
1432	3.70144e-05
1433	3.59535e-05
1434	3.13596e-05
1435	3.39828e-05
1436	3.07955e-05
1437	3.54342e-05
1438	3.60952e-05
1439	2.96598e-05
1440	3.27987e-05
1441	3.05881e-05
1442	3.31213e-05
1443	3.60952e-05
1444	4.53076e-05
1445	3.27575e-05
1446	3.16894e-05
1447	3.15122e-05
1448	3.65941e-05
1449	3.01359e-05
1450	3.27429e-05
1451	3.18371e-05
1452	3.19811e-05
1453	3.67195e-05
1454	3.19912e-05
1455	3.35543e-05
1456	3.24072e-05
1457	3.24318e-05
1458	3.69474e-05
1459	3.32937e-05
1460	3.4556e-05
1461	3.29259e-05
1462	3.21535e-05
1463	3.71477e-05
1464	3.42275e-05
1465	3.39432e-05
1466	3.31599e-05
1467	3.16428e-05
1468	3.66572e-05
1469	3.48997e-05
1470	3.17681e-05
1471	3.22999e-05
1472	3.06435e-05
1473	3.44548e-05
1474	3.43967e-05
1475	3.01628e-05
1476	3.11527e-05
1477	3.03844e-05
1478	3.2544e-05
1479	3.33632e-05
1480	2.94328e-05
1481	2.98359e-05
1482	3.03919e-05
1483	3.02117e-05
1484	3.22856e-05
1485	2.9097e-05
1486	2.9423e-05
1487	2.96811e-05
1488	2.90431e-05
1489	3.13537e-05
1490	2.87451e-05
1491	2.96763e-05
1492	2.9197e-05
1493	2.86041e-05
1494	3.06949e-05
1495	2.9048e-05
1496	2.96858e-05
1497	2.90846e-05
1498	2.87041e-05
1499	3.04863e-05
1500	2.98917e-05
1501	3.00992e-05
1502	2.90027e-05
1503	2.91442e-05
1504	3.16443e-05
1505	2.97035e-05
1506	3.08711e-05
1507	2.96199e-05
1508	2.9601e-05
1509	3.22014e-05
1510	3.04415e-05
1511	3.09204e-05
1512	3.00089e-05
1513	2.97323e-05
1514	3.20714e-05
1515	3.07687e-05
1516	3.02649e-05
1517	3.00578e-05
1518	2.91913e-05
1519	3.1571e-05
1520	2.9781e-05
1521	2.96769e-05
1522	2.90426e-05
1523	2.82556e-05
1524	3.05411e-05
1525	2.85222e-05
1526	2.77786e-05
1527	2.86086e-05
1528	2.73627e-05
1529	2.99956e-05
1530	2.80068e-05
1531	2.5626e-05
1532	2.88456e-05
1533	2.69263e-05
1534	2.93729e-05
1535	2.74079e-05
1536	2.41425e-05
1537	2.92182e-05
1538	2.67831e-05
1539	2.88755e-05
1540	2.75421e-05
1541	2.37664e-05
1542	2.94072e-05
1543	2.73867e-05
1544	2.81004e-05
1545	2.81282e-05
1546	2.48905e-05
1547	2.95419e-05
1548	2.88019e-05
1549	2.7649e-05
1550	2.95335e-05
1551	2.73883e-05
1552	2.90521e-05
1553	3.01792e-05
1554	2.82727e-05
1555	3.11831e-05
1556	2.8071e-05
1557	2.88101e-05
1558	3.04117e-05
1559	2.8294e-05
1560	3.26845e-05
1561	2.82033e-05
1562	2.94397e-05
1563	3.00696e-05
1564	2.81693e-05
1565	3.3562e-05
1566	2.77101e-05
1567	2.89253e-05
1568	2.95371e-05
1569	2.75355e-05
1570	3.30096e-05
1571	2.69322e-05
1572	2.79581e-05
1573	2.96183e-05
1574	2.76425e-05
1575	3.16597e-05
1576	2.85261e-05
1577	2.69587e-05
1578	2.90175e-05
1579	2.80583e-05
1580	3.05412e-05
1581	2.99067e-05
1582	4.14028e-05
1583	2.94557e-05
1584	2.82074e-05
1585	3.02121e-05
1586	3.08322e-05
1587	4.05024e-05
1588	2.97887e-05
1589	2.81722e-05
1590	2.99511e-05
1591	3.12718e-05
1592	4.14218e-05
1593	3.07265e-05
1594	2.89172e-05
1595	3.03821e-05
1596	3.16662e-05
1597	4.45318e-05
1598	3.23254e-05
1599	2.98738e-05
1600	3.2732e-05
1601	3.33317e-05
1602	3.02556e-05
1603	3.28464e-05
1604	3.03691e-05
1605	3.43844e-05
1606	3.41484e-05
1607	3.23006e-05
1608	3.33964e-05
1609	3.0927e-05
1610	3.38869e-05
1611	3.47107e-05
1612	3.24963e-05
1613	3.22743e-05
1614	3.12884e-05
1615	3.22154e-05
1616	3.42005e-05
1617	3.14442e-05
1618	3.00831e-05
1619	3.1235e-05
1620	3.05238e-05
1621	3.35624e-05
1622	3.07336e-05
1623	2.86953e-05
1624	3.19616e-05
1625	2.89882e-05
1626	3.39807e-05
1627	3.07014e-05
1628	4.42755e-05
1629	3.28467e-05
1630	2.86489e-05
1631	3.49465e-05
1632	3.16343e-05
1633	2.92115e-05
1634	3.33199e-05
1635	2.97997e-05
1636	3.552e-05
1637	3.32209e-05
1638	3.12026e-05
1639	3.41984e-05
1640	3.16852e-05
1641	3.64195e-05
1642	3.51433e-05
1643	3.36256e-05
1644	3.47905e-05
1645	3.28147e-05
1646	3.75583e-05
1647	3.67528e-05
1648	3.47416e-05
1649	3.45283e-05
1650	3.34446e-05
1651	3.56958e-05
1652	3.72133e-05
1653	3.38256e-05
1654	3.37033e-05
1655	3.38296e-05
1656	3.29761e-05
1657	3.75067e-05
1658	3.2599e-05
1659	3.22036e-05
1660	3.37834e-05
1661	3.1137e-05
1662	3.75214e-05
1663	3.22206e-05
1664	3.12008e-05
1665	3.36523e-05
1666	3.00636e-05
1667	3.69991e-05
1668	3.22911e-05
1669	3.04633e-05
1670	3.30933e-05
1671	3.00893e-05
1672	3.63013e-05
1673	3.34504e-05
1674	3.05728e-05
1675	3.35378e-05
1676	3.14839e-05
1677	3.59694e-05
1678	3.54887e-05
1679	3.22325e-05
1680	3.4565e-05
1681	3.29414e-05
1682	3.63585e-05
1683	3.81384e-05
1684	3.3869e-05
1685	3.55371e-05
1686	3.32312e-05
1687	3.57295e-05
1688	3.93401e-05
1689	3.38713e-05
1690	3.50099e-05
1691	3.39621e-05
1692	3.36097e-05
1693	3.97266e-05
1694	3.31592e-05
1695	3.3391e-05
1696	3.39064e-05
1697	3.186e-05
1698	3.88365e-05
1699	3.30285e-05
1700	3.1724e-05
1701	3.37819e-05
1702	3.06445e-05
1703	3.7609e-05
1704	3.36277e-05
1705	3.01729e-05
1706	3.30378e-05
1707	3.05995e-05
1708	3.54557e-05
1709	3.50003e-05
1710	2.96509e-05
1711	3.37978e-05
1712	3.18853e-05
1713	3.43967e-05
1714	3.70471e-05
1715	3.14776e-05
1716	3.50785e-05
1717	3.23874e-05
1718	3.4972e-05
1719	3.9082e-05
1720	3.30852e-05
1721	3.55828e-05
1722	3.27973e-05
1723	3.50051e-05
1724	3.98795e-05
1725	3.35962e-05
1726	3.47248e-05
1727	3.40083e-05
1728	3.34826e-05
1729	4.00589e-05
1730	3.43066e-05
1731	3.29899e-05
1732	3.39119e-05
1733	3.1665e-05
1734	3.80949e-05
1735	3.47688e-05
1736	3.1326e-05
1737	3.38343e-05
1738	3.0634e-05
1739	3.62053e-05
1740	3.54725e-05
1741	3.02711e-05
1742	3.35781e-05
1743	3.0394e-05
1744	3.48002e-05
1745	3.62847e-05
1746	2.93915e-05
1747	3.33436e-05
1748	3.12515e-05
1749	3.29704e-05
1750	3.67753e-05
1751	4.76662e-05
1752	3.42939e-05
1753	3.24673e-05
1754	3.25766e-05
1755	3.7948e-05
1756	3.14689e-05
1757	3.3429e-05
1758	3.20127e-05
1759	3.26912e-05
1760	3.75634e-05
1761	3.27235e-05
1762	3.34243e-05
1763	3.24694e-05
1764	3.22601e-05
1765	3.72901e-05
1766	3.38732e-05
1767	3.37452e-05
1768	3.33323e-05
1769	3.14331e-05
1770	3.70951e-05
1771	3.496e-05
1772	3.26698e-05
1773	3.34039e-05
1774	3.09928e-05
1775	3.61512e-05
1776	3.531e-05
1777	3.04282e-05
1778	3.22902e-05
1779	3.0489e-05
1780	3.36835e-05
1781	3.52316e-05
1782	4.42919e-05
1783	3.09308e-05
1784	3.0254e-05
1785	3.13791e-05
1786	3.38624e-05
1787	2.84465e-05
1788	2.99046e-05
1789	3.01932e-05
1790	2.97788e-05
1791	3.30816e-05
1792	2.94492e-05
1793	3.15295e-05
1794	3.0981e-05
1795	2.9678e-05
1796	3.33798e-05
1797	3.0881e-05
1798	3.2569e-05
1799	3.0686e-05
1800	3.06489e-05
1801	3.34241e-05
1802	3.12062e-05
1803	3.21156e-05
1804	3.01244e-05
1805	3.03864e-05
1806	3.3346e-05
1807	3.18364e-05
1808	3.09583e-05
1809	2.9702e-05
1810	2.96413e-05
1811	3.31871e-05
1812	3.17149e-05
1813	2.99368e-05
1814	3.01707e-05
1815	2.96084e-05
1816	3.23849e-05
1817	3.19193e-05
1818	3.00871e-05
1819	3.04637e-05
1820	3.01936e-05
1821	3.13743e-05
1822	3.17999e-05
1823	3.00199e-05
1824	2.98492e-05
1825	2.96673e-05
1826	3.08942e-05
1827	3.04315e-05
1828	2.89625e-05
1829	2.82948e-05
1830	2.81954e-05
1831	2.97265e-05
1832	2.87565e-05
1833	2.75878e-05
1834	2.75446e-05
1835	2.6972e-05
1836	2.8337e-05
1837	2.84358e-05
1838	2.6246e-05
1839	2.87286e-05
1840	2.79467e-05
1841	2.82995e-05
1842	2.88213e-05
1843	2.63672e-05
1844	3.07084e-05
1845	2.92571e-05
1846	2.93449e-05
1847	2.97113e-05
1848	2.76711e-05
1849	3.12129e-05
1850	2.96872e-05
1851	2.92317e-05
1852	3.12444e-05
1853	2.8027e-05
1854	3.07834e-05
1855	2.96436e-05
1856	2.83032e-05
1857	3.14689e-05
1858	2.80325e-05
1859	2.93996e-05
1860	2.96794e-05
1861	2.71612e-05
1862	3.10706e-05
1863	2.78431e-05
1864	2.73928e-05
1865	2.93739e-05
1866	2.68534e-05
1867	3.10107e-05
1868	2.73527e-05
1869	2.62155e-05
1870	2.9372e-05
1871	2.64819e-05
1872	3.06215e-05
1873	2.689e-05
1874	2.52464e-05
1875	2.89241e-05
1876	2.65594e-05
1877	3.00386e-05
1878	2.69091e-05
1879	2.5124e-05
1880	2.86011e-05
1881	2.68079e-05
1882	2.96152e-05
1883	2.69298e-05
1884	2.56022e-05
1885	2.81551e-05
1886	2.77004e-05
1887	3.01753e-05
1888	2.79657e-05
1889	4.08846e-05
1890	2.87579e-05
1891	2.88557e-05
1892	3.05097e-05
1893	3.0213e-05
1894	4.21725e-05
1895	3.00373e-05
1896	2.984e-05
1897	3.05235e-05
1898	3.22475e-05
1899	4.36164e-05
1900	3.13845e-05
1901	3.09872e-05
1902	3.08765e-05
1903	3.35338e-05
1904	2.86662e-05
1905	3.21395e-05
1906	3.15843e-05
1907	3.27063e-05
1908	3.40112e-05
1909	3.08312e-05
1910	3.29171e-05
1911	3.09361e-05
1912	3.40149e-05
1913	3.36925e-05
1914	3.25138e-05
1915	3.31762e-05
1916	3.13019e-05
1917	3.43942e-05
1918	3.36509e-05
1919	3.34387e-05
1920	3.2328e-05
1921	3.12707e-05
1922	3.34945e-05
1923	3.38188e-05
1924	3.33311e-05
1925	3.0785e-05
1926	3.17689e-05
1927	3.20533e-05
1928	3.40629e-05
1929	3.25697e-05
1930	2.97958e-05
1931	3.24694e-05
1932	3.00817e-05
1933	3.48354e-05
1934	3.23783e-05
1935	4.5601e-05
1936	3.39121e-05
1937	2.98971e-05
1938	3.606e-05
1939	3.31302e-05
1940	2.98552e-05
1941	3.41626e-05
1942	3.06506e-05
1943	3.65491e-05
1944	3.38399e-05
1945	3.07615e-05
1946	3.41059e-05
1947	3.2277e-05
1948	3.62261e-05
1949	3.46835e-05
1950	3.30781e-05
1951	3.40548e-05
1952	3.32669e-05
1953	3.67271e-05
1954	3.6453e-05
1955	3.46143e-05
1956	3.47471e-05
1957	3.36201e-05
1958	3.58524e-05
1959	3.7878e-05
1960	3.46157e-05
1961	3.48066e-05
1962	3.39099e-05
1963	3.43002e-05
1964	3.8878e-05
1965	3.35596e-05
1966	3.36489e-05
1967	3.40158e-05
1968	3.21986e-05
1969	3.88366e-05
1970	3.28094e-05
1971	3.21203e-05
1972	3.37013e-05
1973	3.06877e-05
1974	3.76478e-05
1975	3.2816e-05
1976	3.05388e-05
1977	3.31887e-05
1978	3.00617e-05
1979	3.62614e-05
1980	3.41376e-05
1981	2.99034e-05
1982	3.33697e-05
1983	3.18133e-05
1984	3.48236e-05
1985	3.5923e-05
1986	3.16831e-05
1987	3.48134e-05
1988	3.286e-05
1989	3.54665e-05
1990	3.85444e-05
1991	3.37709e-05
1992	3.5791e-05
1993	3.31198e-05
1994	3.54534e-05
1995	3.96595e-05
1996	3.40364e-05
1997	3.49886e-05
1998	3.38517e-05
1999	3.38185e-05
2000	3.98881e-05
2001	3.33664e-05
2002	3.32656e-05
2003	3.41361e-05
2004	3.18353e-05
2005	3.88372e-05
2006	3.37391e-05
2007	3.13545e-05
2008	3.37586e-05
2009	3.05958e-05
2010	3.6899e-05
2011	3.47306e-05
2012	3.02814e-05
2013	3.36845e-05
2014	3.07271e-05
2015	3.49539e-05
2016	3.61238e-05
2017	2.97932e-05
2018	3.42071e-05
2019	3.16955e-05
2020	3.3805e-05
2021	3.75531e-05
2022	3.09101e-05
2023	3.47057e-05
2024	3.20663e-05
2025	3.39735e-05
2026	3.8734e-05
2027	3.20061e-05
2028	3.44924e-05
2029	3.2599e-05
2030	3.36991e-05
2031	3.93398e-05
2032	3.33419e-05
2033	3.35028e-05
2034	3.32402e-05
2035	3.25684e-05
2036	3.85925e-05
2037	3.41791e-05
2038	3.24992e-05
2039	3.37011e-05
2040	3.1605e-05
2041	3.73422e-05
2042	3.52063e-05
2043	3.18255e-05
2044	3.39454e-05
2045	3.08118e-05
2046	3.62319e-05
2047	3.59963e-05
2048	3.02678e-05
2049	3.32417e-05
2050	3.05727e-05
2051	3.42198e-05
2052	3.59819e-05
2053	4.48153e-05
2054	3.26192e-05
2055	3.13448e-05
2056	3.16935e-05
2057	3.61476e-05
2058	2.93498e-05
2059	3.21357e-05
2060	3.13515e-05
2061	3.1263e-05
2062	3.61512e-05
2063	3.10171e-05
2064	3.28283e-05
2065	3.16723e-05
2066	3.18849e-05
2067	3.61763e-05
2068	3.22127e-05
2069	3.35469e-05
2070	3.19608e-05
2071	3.12348e-05
2072	3.59683e-05
2073	3.30246e-05
2074	3.31635e-05
2075	3.19519e-05
2076	3.09652e-05
2077	3.58436e-05
2078	3.38528e-05
2079	3.14966e-05
2080	3.16903e-05
2081	3.01656e-05
2082	3.47088e-05
2083	3.42097e-05
2084	2.99859e-05
2085	3.10919e-05
2086	2.98509e-05
2087	3.29806e-05
2088	3.36099e-05
2089	4.48172e-05
2090	3.09017e-05
2091	3.05672e-05
2092	3.13548e-05
2093	3.30081e-05
2094	2.94918e-05
2095	3.02189e-05
2096	3.04351e-05
2097	2.9823e-05
2098	3.2153e-05
2099	2.93305e-05
2100	3.05869e-05
2101	3.00803e-05
2102	2.93455e-05
2103	3.13964e-05
2104	2.95123e-05
2105	3.08167e-05
2106	2.99782e-05
2107	2.9573e-05
2108	3.11675e-05
2109	3.04652e-05
2110	3.07051e-05
2111	2.95121e-05
2112	2.95227e-05
2113	3.17128e-05
2114	3.00005e-05
2115	3.08471e-05
2116	2.96334e-05
2117	2.94813e-05
2118	3.22302e-05
2119	3.01991e-05
2120	3.08888e-05
2121	2.97877e-05
2122	2.97044e-05
2123	3.20674e-05
2124	3.07885e-05
2125	3.03072e-05
2126	3.01468e-05
2127	2.94682e-05
2128	3.18548e-05
2129	3.03466e-05
2130	2.99325e-05
2131	2.95476e-05
2132	2.89045e-05
2133	3.09453e-05
2134	2.90162e-05
2135	2.88594e-05
2136	2.91298e-05
2137	2.7984e-05
2138	3.04833e-05
2139	2.85915e-05
2140	2.67793e-05
2141	2.92727e-05
2142	2.78933e-05
2143	3.01266e-05
2144	2.81528e-05
2145	2.53601e-05
2146	2.99432e-05
2147	2.77785e-05
2148	2.99677e-05
2149	2.78144e-05
2150	2.4555e-05
2151	3.01445e-05
2152	2.79469e-05
2153	2.91252e-05
2154	2.81847e-05
2155	2.46455e-05
2156	3.01591e-05
2157	2.88216e-05
2158	2.85068e-05
2159	2.92019e-05
2160	2.65299e-05
2161	2.99653e-05
2162	3.04452e-05
2163	2.79974e-05
2164	3.10072e-05
2165	2.79172e-05
2166	2.83663e-05
2167	3.11241e-05
2168	2.8133e-05
2169	3.22837e-05
2170	2.83115e-05
2171	2.86362e-05
2172	3.0904e-05
2173	2.83794e-05
2174	3.31407e-05
2175	2.82642e-05
2176	2.94945e-05
2177	3.03239e-05
2178	2.87401e-05
2179	3.33669e-05
2180	2.81432e-05
2181	2.95951e-05
2182	3.0001e-05
2183	2.92974e-05
2184	3.23635e-05
2185	2.92422e-05
2186	2.90992e-05
2187	2.92488e-05
2188	2.98311e-05
2189	3.18026e-05
2190	3.04065e-05
2191	2.85386e-05
2192	2.96079e-05
2193	2.98675e-05
2194	3.13462e-05
2195	3.13353e-05
2196	4.33039e-05
2197	3.05322e-05
2198	2.92804e-05
2199	3.14284e-05
2200	3.13378e-05
2201	4.16273e-05
2202	3.12761e-05
2203	2.90874e-05
2204	3.24099e-05
2205	3.11629e-05
2206	4.2656e-05
2207	3.26974e-05
2208	2.91243e-05
2209	3.40428e-05
2210	3.21135e-05
2211	4.58941e-05
2212	3.39674e-05
2213	3.07524e-05
2214	3.53438e-05
2215	3.35754e-05
2216	3.24032e-05
2217	3.46542e-05
2218	3.217e-05
2219	3.69249e-05
2220	3.53983e-05
2221	3.46847e-05
2222	3.47479e-05
2223	3.25668e-05
2224	3.67589e-05
2225	3.58347e-05
2226	3.46948e-05
2227	3.35898e-05
2228	3.29349e-05
2229	3.44359e-05
2230	3.58577e-05
2231	3.28254e-05
2232	3.21861e-05
2233	3.30597e-05
2234	3.15802e-05
2235	3.62514e-05
2236	3.18503e-05
2237	3.09789e-05
2238	3.3405e-05
2239	3.01538e-05
2240	3.66542e-05
2241	3.1846e-05
2242	3.03546e-05
2243	3.37428e-05
2244	2.9825e-05
2245	3.66109e-05
2246	3.27456e-05
2247	3.02441e-05
2248	3.36513e-05
2249	3.05564e-05
2250	3.58751e-05
2251	3.3771e-05
2252	3.1513e-05
2253	3.3895e-05
2254	3.1798e-05
2255	3.63874e-05
2256	3.60544e-05
2257	3.33297e-05
2258	3.46762e-05
2259	3.29161e-05
2260	3.61728e-05
2261	3.78119e-05
2262	3.40054e-05
2263	3.47707e-05
2264	3.35664e-05
2265	3.41417e-05
2266	3.86082e-05
2267	3.30484e-05
2268	3.33641e-05
2269	3.39155e-05
2270	3.2003e-05
2271	3.85472e-05
2272	3.26338e-05
2273	3.20631e-05
2274	3.38043e-05
2275	3.05933e-05
2276	3.75637e-05
2277	3.24312e-05
2278	3.0872e-05
2279	3.3277e-05
2280	3.01183e-05
2281	3.6592e-05
2282	3.35806e-05
2283	3.01847e-05
2284	3.33046e-05
2285	3.11623e-05
2286	3.53531e-05
2287	3.54471e-05
2288	3.13877e-05
2289	3.44132e-05
2290	3.24473e-05
2291	3.57805e-05
2292	3.82353e-05
2293	3.31007e-05
2294	3.53827e-05
2295	3.2938e-05
2296	3.53595e-05
2297	3.95187e-05
2298	3.33747e-05
2299	3.46355e-05
2300	3.36124e-05
2301	3.33377e-05
2302	3.94542e-05
2303	3.29181e-05
2304	3.28677e-05
2305	3.38323e-05
2306	3.14082e-05
2307	3.83706e-05
2308	3.3039e-05
2309	3.1022e-05
2310	3.32916e-05
2311	2.9979e-05
2312	3.67178e-05
2313	3.36521e-05
2314	2.93054e-05
2315	3.24111e-05
2316	3.01726e-05
2317	3.42376e-05
2318	3.50298e-05
2319	2.89947e-05
2320	3.3512e-05
2321	3.13853e-05
2322	3.3775e-05
2323	3.734e-05
2324	3.09466e-05
2325	3.46576e-05
2326	3.18061e-05
2327	3.46608e-05
2328	3.91602e-05
2329	3.26759e-05
2330	3.50703e-05
2331	3.29636e-05
2332	3.44546e-05
2333	3.97331e-05
2334	3.33592e-05
2335	3.40704e-05
2336	3.40459e-05
2337	3.27504e-05
2338	3.93873e-05
2339	3.41581e-05
2340	3.22322e-05
2341	3.38378e-05
2342	3.12526e-05
2343	3.72531e-05
2344	3.47619e-05
2345	3.05349e-05
2346	3.35809e-05
2347	3.04144e-05
2348	3.53235e-05
2349	3.57623e-05
2350	2.94548e-05
2351	3.35081e-05
2352	3.04385e-05
2353	3.37526e-05
2354	3.67851e-05
2355	4.66108e-05
2356	3.44318e-05
2357	3.20019e-05
2358	3.27383e-05
2359	3.76481e-05
2360	4.93717e-05
2361	3.44606e-05
2362	3.2396e-05
2363	3.29361e-05
2364	3.85039e-05
2365	3.21927e-05
2366	3.35742e-05
2367	3.23136e-05
2368	3.28e-05
2369	3.78856e-05
2370	3.34325e-05
2371	3.34177e-05
2372	3.31144e-05
2373	3.22369e-05
2374	3.74053e-05
2375	3.45604e-05
2376	3.34591e-05
2377	3.38992e-05
2378	3.13962e-05
2379	3.70649e-05
2380	3.54647e-05
2381	3.23306e-05
2382	3.38258e-05
2383	3.13147e-05
2384	3.59307e-05
2385	3.58616e-05
2386	4.61004e-05
2387	3.32571e-05
2388	3.14055e-05
2389	3.35779e-05
2390	3.60683e-05
2391	4.55425e-05
2392	3.18186e-05
2393	3.12113e-05
2394	3.13749e-05
2395	3.46814e-05
2396	2.93697e-05
2397	3.16749e-05
2398	3.14977e-05
2399	3.05149e-05
2400	3.44915e-05
2401	3.10263e-05
2402	3.3256e-05
2403	3.22579e-05
2404	3.06756e-05
2405	3.4674e-05
2406	3.19481e-05
2407	3.37885e-05
2408	3.16504e-05
2409	3.1025e-05
2410	3.45479e-05
2411	3.20363e-05
2412	3.27702e-05
2413	3.09259e-05
2414	3.04522e-05
2415	3.41248e-05
2416	3.25523e-05
2417	3.11179e-05
2418	3.04905e-05
2419	2.97671e-05
2420	3.35445e-05
2421	3.24053e-05
2422	3.0035e-05
2423	3.07487e-05
2424	3.00964e-05
2425	3.22388e-05
2426	3.23963e-05
2427	3.02968e-05
2428	3.09966e-05
2429	3.07063e-05
2430	3.13732e-05
2431	3.22135e-05
2432	3.039e-05
2433	3.03018e-05
2434	3.02505e-05
2435	3.11257e-05
2436	3.0958e-05
2437	2.96528e-05
2438	2.88765e-05
2439	2.88454e-05
2440	2.97393e-05
2441	2.9397e-05
2442	2.80911e-05
2443	2.80975e-05
2444	2.75482e-05
2445	2.84708e-05
2446	2.87399e-05
2447	2.66323e-05
2448	2.90341e-05
2449	2.83113e-05
2450	2.86861e-05
2451	2.90923e-05
2452	2.68607e-05
2453	3.07846e-05
2454	2.97928e-05
2455	2.94436e-05
2456	2.94671e-05
2457	2.76591e-05
2458	3.11052e-05
2459	3.0051e-05
2460	2.89182e-05
2461	3.07034e-05
2462	2.77127e-05
2463	3.03564e-05
2464	2.96172e-05
2465	2.77117e-05
2466	3.09529e-05
2467	2.75386e-05
2468	2.85693e-05
2469	2.98329e-05
2470	2.67893e-05
2471	3.12013e-05
2472	2.7344e-05
2473	2.64016e-05
2474	2.96911e-05
2475	2.63028e-05
2476	3.12259e-05
2477	2.74602e-05
2478	2.55379e-05
2479	2.98831e-05
2480	2.65805e-05
2481	3.1149e-05
2482	2.7701e-05
2483	2.56841e-05
2484	2.97639e-05
2485	2.73641e-05
2486	3.02457e-05
2487	2.77306e-05
2488	2.65082e-05
2489	2.94006e-05
2490	2.86412e-05
2491	2.97289e-05
2492	2.89399e-05
2493	2.72669e-05
2494	2.87124e-05
2495	2.99855e-05
2496	3.05757e-05
2497	3.04392e-05
2498	4.37703e-05
2499	2.98732e-05
2500	3.0845e-05
2501	3.14496e-05
2502	3.24696e-05
2503	4.48755e-05
2504	3.10126e-05
2505	3.09853e-05
2506	3.16718e-05
2507	3.35134e-05
2508	4.58613e-05
2509	3.23327e-05
2510	3.13241e-05
2511	3.24807e-05
2512	3.36189e-05
2513	3.02687e-05
2514	3.3459e-05
2515	3.10563e-05
2516	3.40357e-05
2517	3.41415e-05
2518	3.20059e-05
2519	3.3673e-05
2520	3.02785e-05
2521	3.42708e-05
2522	3.35735e-05
2523	3.30124e-05
2524	3.34736e-05
2525	3.04994e-05
2526	3.32254e-05
2527	3.36495e-05
2528	3.25496e-05
2529	3.1747e-05
2530	3.0626e-05
2531	3.1537e-05
2532	3.34694e-05
2533	3.15643e-05
2534	2.95372e-05
2535	3.10847e-05
2536	3.01521e-05
2537	3.35573e-05
2538	3.05549e-05
2539	2.8307e-05
2540	3.17892e-05
2541	2.87109e-05
2542	3.405e-05
2543	3.08094e-05
2544	4.45011e-05
2545	3.29653e-05
2546	2.8841e-05
2547	3.47662e-05
2548	3.1968e-05
2549	2.99335e-05
2550	3.38096e-05
2551	3.06852e-05
2552	3.58553e-05
2553	3.39387e-05
2554	3.24678e-05
2555	3.44586e-05
2556	3.17962e-05
2557	3.68529e-05
2558	3.54164e-05
2559	3.39274e-05
2560	3.40711e-05
2561	3.20265e-05
2562	3.57169e-05
2563	3.5839e-05
2564	3.31194e-05
2565	3.23028e-05
2566	3.26013e-05
2567	3.29831e-05
2568	3.58614e-05
2569	3.16119e-05
2570	3.09922e-05
2571	3.29316e-05
2572	3.05586e-05
2573	3.61292e-05
2574	3.1251e-05
2575	3.03567e-05
2576	3.32989e-05
2577	2.99801e-05
2578	3.63924e-05
2579	3.16699e-05
2580	3.03377e-05
2581	3.3291e-05
2582	2.99819e-05
2583	3.58677e-05
2584	3.27507e-05
2585	3.109e-05
2586	3.36205e-05
2587	3.09098e-05
2588	3.61022e-05
2589	3.44711e-05
2590	3.25991e-05
2591	3.39882e-05
2592	3.14344e-05
2593	3.69292e-05
2594	3.65244e-05
2595	3.32888e-05
2596	3.40942e-05
2597	3.29335e-05
2598	3.51685e-05
2599	3.76587e-05
2600	3.26946e-05
2601	3.3333e-05
2602	3.37159e-05
2603	3.27977e-05
2604	3.80365e-05
2605	3.22037e-05
2606	3.2164e-05
2607	3.3947e-05
2608	3.08755e-05
2609	3.74709e-05
2610	3.23325e-05
2611	3.12815e-05
2612	3.36535e-05
2613	3.0197e-05
2614	3.66608e-05
2615	3.30198e-05
2616	3.08829e-05
2617	3.32909e-05
2618	3.06788e-05
2619	3.60965e-05
2620	3.39756e-05
2621	3.18262e-05
2622	3.39916e-05
2623	3.16017e-05
2624	3.66935e-05
2625	3.65498e-05
2626	3.28087e-05
2627	3.48311e-05
2628	3.27244e-05
2629	3.65192e-05
2630	3.86693e-05
2631	3.35107e-05
2632	3.52159e-05
2633	3.3919e-05
2634	3.49169e-05
2635	3.96155e-05
2636	3.30674e-05
2637	3.42025e-05
2638	3.4562e-05
2639	3.26314e-05
2640	3.88744e-05
2641	3.30339e-05
2642	3.25626e-05
2643	3.40447e-05
2644	3.09999e-05
2645	3.77928e-05
2646	3.30617e-05
2647	3.13114e-05
2648	3.35155e-05
2649	3.02824e-05
2650	3.66276e-05
2651	3.39025e-05
2652	3.02933e-05
2653	3.32833e-05
2654	3.09782e-05
2655	3.53681e-05
2656	3.53966e-05
2657	3.11417e-05
2658	3.41645e-05
2659	3.23585e-05
2660	3.56009e-05
2661	3.8186e-05
2662	3.28105e-05
2663	3.55298e-05
2664	3.27748e-05
2665	3.57972e-05
2666	3.97994e-05
2667	3.38769e-05
2668	3.55477e-05
2669	3.39589e-05
2670	3.4289e-05
2671	4.0059e-05
2672	3.34262e-05
2673	3.39647e-05
2674	3.44154e-05
2675	3.24614e-05
2676	3.91798e-05
2677	3.35684e-05
2678	3.21052e-05
2679	3.40198e-05
2680	3.07985e-05
2681	3.75408e-05
2682	3.40174e-05
2683	3.02923e-05
2684	3.3071e-05
2685	3.06112e-05
2686	3.52055e-05
2687	3.51896e-05
2688	2.93215e-05
2689	3.35164e-05
2690	3.13926e-05
2691	3.41985e-05
2692	3.72172e-05
2693	3.10159e-05
2694	3.5075e-05
2695	3.25367e-05
2696	3.48219e-05
2697	3.93306e-05
2698	3.24735e-05
2699	3.54263e-05
2700	3.29508e-05
2701	3.49853e-05
2702	4.00125e-05
2703	3.35849e-05
2704	3.46045e-05
2705	3.37342e-05
2706	3.34871e-05
2707	3.98082e-05
2708	3.43587e-05
2709	3.31883e-05
2710	3.38113e-05
2711	3.20114e-05
2712	3.80807e-05
2713	3.50474e-05
2714	3.19289e-05
2715	3.40555e-05
2716	3.07366e-05
2717	3.66501e-05
2718	3.58125e-05
2719	3.09014e-05
2720	3.37818e-05
2721	3.07935e-05
2722	3.5258e-05
2723	3.61924e-05
2724	4.55495e-05
2725	3.336e-05
2726	3.10637e-05
2727	3.27053e-05
2728	3.60909e-05
2729	4.56471e-05
2730	3.27101e-05
2731	3.16519e-05
2732	3.09832e-05
2733	3.63144e-05
2734	3.02339e-05
2735	3.25257e-05
2736	3.14766e-05
2737	3.15886e-05
2738	3.61879e-05
2739	3.17615e-05
2740	3.32006e-05
2741	3.20227e-05
2742	3.18242e-05
2743	3.64533e-05
2744	3.31384e-05
2745	3.40541e-05
2746	3.26263e-05
2747	3.16708e-05
2748	3.66844e-05
2749	3.41248e-05
2750	3.32019e-05
2751	3.27474e-05
2752	3.10532e-05
2753	3.60269e-05
2754	3.46764e-05
2755	3.09988e-05
2756	3.19058e-05
2757	3.0198e-05
2758	3.37504e-05
2759	3.42541e-05
2760	2.93027e-05
2761	3.07125e-05
2762	3.00803e-05
2763	3.20589e-05
2764	3.32419e-05
2765	2.91217e-05
2766	2.98202e-05
2767	3.03232e-05
2768	3.02762e-05
2769	3.25336e-05
2770	2.9279e-05
2771	3.01619e-05
2772	3.02412e-05
2773	2.93819e-05
2774	3.18652e-05
2775	2.9467e-05
2776	3.10972e-05
2777	3.00292e-05
2778	2.96079e-05
2779	3.16216e-05
2780	3.01743e-05
2781	3.07114e-05
2782	2.94174e-05
2783	2.94496e-05
2784	3.10937e-05
2785	3.02958e-05
2786	3.02203e-05
2787	2.88808e-05
2788	2.93482e-05
2789	3.21589e-05
2790	2.99504e-05
2791	3.07301e-05
2792	2.95008e-05
2793	2.95567e-05
2794	3.24951e-05
2795	3.08657e-05
2796	3.05554e-05
2797	3.00347e-05
2798	2.96498e-05
2799	3.20271e-05
2800	3.09955e-05
2801	3.00206e-05
2802	2.99055e-05
2803	2.90494e-05
2804	3.13065e-05
2805	2.98742e-05
2806	2.92872e-05
2807	2.85864e-05
2808	2.79297e-05
2809	3.01795e-05
2810	2.83741e-05
2811	2.72834e-05
2812	2.80021e-05
2813	2.71163e-05
2814	2.96708e-05
2815	2.81173e-05
2816	2.55453e-05
2817	2.88722e-05
2818	2.72816e-05
2819	2.93115e-05
2820	2.78468e-05
2821	2.47733e-05
2822	2.98368e-05
2823	2.77133e-05
2824	2.8958e-05
2825	2.82278e-05
2826	2.49288e-05
2827	3.04501e-05
2828	2.88266e-05
2829	2.84927e-05
2830	2.95032e-05
2831	2.65718e-05
2832	3.02624e-05
2833	2.94066e-05
2834	2.79523e-05
2835	3.02983e-05
2836	2.75156e-05
2837	2.90228e-05
2838	2.98285e-05
2839	2.76508e-05
2840	3.12759e-05
2841	2.77685e-05
2842	2.83469e-05
2843	2.99255e-05
2844	2.71973e-05
2845	3.25438e-05
2846	2.77334e-05
2847	2.80521e-05
2848	2.96018e-05
2849	2.6784e-05
2850	3.27752e-05
2851	2.70539e-05
2852	2.70396e-05
2853	2.94625e-05
2854	2.66973e-05
2855	3.18062e-05
2856	2.70434e-05
2857	2.63054e-05
2858	2.92613e-05
2859	2.72166e-05
2860	3.02928e-05
2861	2.81829e-05
2862	2.60982e-05
2863	2.86304e-05
2864	2.79708e-05
2865	2.98081e-05
2866	2.93347e-05
2867	4.10242e-05
2868	2.9183e-05
2869	2.8466e-05
2870	3.03804e-05
2871	3.07589e-05
2872	4.09794e-05
2873	3.00356e-05
2874	2.90387e-05
2875	3.05975e-05
2876	3.16799e-05
2877	4.15614e-05
2878	3.09508e-05
2879	2.96369e-05
2880	3.01383e-05
2881	3.21137e-05
2882	4.35644e-05
2883	3.19363e-05
2884	2.99553e-05
2885	3.16932e-05
2886	3.3428e-05
2887	2.92896e-05
2888	3.20364e-05
2889	3.03892e-05
2890	3.33087e-05
2891	3.41855e-05
2892	3.1398e-05
2893	3.2519e-05
2894	3.08217e-05
2895	3.30417e-05
2896	3.45047e-05
2897	3.21423e-05
2898	3.16682e-05
2899	3.10488e-05
2900	3.18363e-05
2901	3.40818e-05
2902	3.16299e-05
2903	3.01047e-05
2904	3.12531e-05
2905	3.06e-05
2906	3.3823e-05
2907	3.08502e-05
2908	2.92607e-05
2909	3.20662e-05
2910	2.90871e-05
2911	3.44889e-05
2912	3.0929e-05
2913	4.50638e-05
2914	3.32239e-05
2915	2.90712e-05
2916	3.56954e-05
2917	3.21129e-05
2918	2.96681e-05
2919	3.37729e-05
2920	3.01133e-05
2921	3.61959e-05
2922	3.35249e-05
2923	3.05878e-05
2924	3.40564e-05
2925	3.19277e-05
2926	3.61853e-05
2927	3.46677e-05
2928	3.27073e-05
2929	3.42058e-05
2930	3.30018e-05
2931	3.69342e-05
2932	3.6549e-05
2933	3.44065e-05
2934	3.48353e-05
2935	3.36534e-05
2936	3.61637e-05
2937	3.81217e-05
2938	3.49249e-05
2939	3.4936e-05
2940	3.40995e-05
2941	3.44987e-05
2942	3.8967e-05
2943	3.37391e-05
2944	3.36854e-05
2945	3.41492e-05
2946	3.24179e-05
2947	3.90743e-05
2948	3.31523e-05
2949	3.22174e-05
2950	3.37662e-05
2951	3.08342e-05
2952	3.78833e-05
2953	3.28008e-05
2954	3.05678e-05
2955	3.32245e-05
2956	3.01896e-05
2957	3.66031e-05
2958	3.39449e-05
2959	2.98203e-05
2960	3.31434e-05
2961	3.15344e-05
2962	3.49929e-05
2963	3.56938e-05
2964	3.12458e-05
2965	3.47709e-05
2966	3.29484e-05
2967	3.53105e-05
2968	3.8348e-05
2969	3.35274e-05
2970	3.57885e-05
2971	3.29966e-05
2972	3.56391e-05
2973	3.9605e-05
2974	3.40291e-05
2975	3.53007e-05
2976	3.35748e-05
2977	3.41903e-05
2978	3.98481e-05
2979	3.33731e-05
2980	3.3502e-05
2981	3.3791e-05
2982	3.21237e-05
2983	3.90983e-05
2984	3.37976e-05
2985	3.17458e-05
2986	3.37727e-05
2987	3.10032e-05
2988	3.71252e-05
2989	3.47966e-05
2990	3.03664e-05
2991	3.36708e-05
2992	3.06089e-05
2993	3.54889e-05
2994	3.57711e-05
2995	2.97713e-05
2996	3.35072e-05
2997	3.06585e-05
2998	3.37117e-05
2999	3.64742e-05
3000	2.96163e-05
3001	3.38569e-05
3002	3.16984e-05
3003	3.27287e-05
3004	3.74605e-05
3005	3.06455e-05
3006	3.3861e-05
3007	3.2014e-05
3008	3.30721e-05
3009	3.85403e-05
3010	3.2559e-05
3011	3.38317e-05
3012	3.26313e-05
3013	3.31359e-05
3014	3.82727e-05
3015	3.40283e-05
3016	3.35525e-05
3017	3.36246e-05
3018	3.21996e-05
3019	3.77866e-05
3020	3.50315e-05
3021	3.33372e-05
3022	3.42282e-05
3023	3.12846e-05
3024	3.71247e-05
3025	3.56784e-05
3026	3.16484e-05
3027	3.35106e-05
3028	3.08469e-05
3029	3.51941e-05
3030	3.55874e-05
3031	4.48263e-05
3032	3.25111e-05
3033	3.08678e-05
3034	3.26243e-05
3035	3.5576e-05
3036	4.50591e-05
3037	3.12468e-05
3038	3.08796e-05
3039	3.06316e-05
3040	3.41828e-05
3041	2.92164e-05
3042	3.13475e-05
3043	3.10167e-05
3044	3.00041e-05
3045	3.41802e-05
3046	3.06901e-05
3047	3.26636e-05
3048	3.11582e-05
3049	3.03129e-05
3050	3.43809e-05
3051	3.14464e-05
3052	3.29784e-05
3053	3.06527e-05
3054	3.06471e-05
3055	3.44517e-05
3056	3.18801e-05
3057	3.2039e-05
3058	3.05247e-05
3059	3.0442e-05
3060	3.44348e-05
3061	3.3066e-05
3062	3.07504e-05
3063	3.06046e-05
3064	2.98695e-05
3065	3.37961e-05
3066	3.27923e-05
3067	2.99795e-05
3068	3.07827e-05
3069	3.01414e-05
3070	3.21579e-05
3071	3.26474e-05
3072	3.00578e-05
3073	3.04684e-05
3074	3.03797e-05
3075	3.08779e-05
3076	3.17829e-05
3077	2.94192e-05
3078	2.93327e-05
3079	2.9438e-05
3080	3.03578e-05
3081	3.05403e-05
3082	2.8672e-05
3083	2.84948e-05
3084	2.83231e-05
3085	2.88743e-05
3086	2.89594e-05
3087	2.80612e-05
3088	2.87362e-05
3089	2.80344e-05
3090	2.81846e-05
3091	2.95591e-05
3092	2.76664e-05
3093	3.01862e-05
3094	2.93057e-05
3095	2.89312e-05
3096	3.00922e-05
3097	2.81845e-05
3098	3.09222e-05
3099	2.91879e-05
3100	2.94336e-05
3101	3.09371e-05
3102	2.86988e-05
3103	3.08828e-05
3104	2.94143e-05
3105	2.87771e-05
3106	3.19738e-05
3107	2.88297e-05
3108	3.02497e-05
3109	2.96597e-05
3110	2.84375e-05
3111	3.17445e-05
3112	2.87414e-05
3113	2.90864e-05
3114	2.98883e-05
3115	2.7825e-05
3116	3.12719e-05
3117	2.8302e-05
3118	2.67607e-05
3119	2.95624e-05
3120	2.71809e-05
3121	3.03986e-05
3122	2.74183e-05
3123	2.5159e-05
3124	2.93309e-05
3125	2.66042e-05
3126	2.97204e-05
3127	2.7063e-05
3128	2.45812e-05
3129	2.92697e-05
3130	2.67773e-05
3131	2.9567e-05
3132	2.72755e-05
3133	2.48943e-05
3134	2.92285e-05
3135	2.73301e-05
3136	2.89504e-05
3137	2.76455e-05
3138	2.55279e-05
3139	2.84244e-05
3140	2.83234e-05
3141	2.89171e-05
3142	2.90514e-05
3143	2.64172e-05
3144	2.86358e-05
3145	2.95745e-05
3146	2.93607e-05
3147	3.17648e-05
3148	2.85558e-05
3149	3.03128e-05
3150	3.06128e-05
3151	3.09086e-05
3152	3.39082e-05
3153	2.95246e-05
3154	3.17019e-05
3155	3.12916e-05
3156	3.19019e-05
3157	3.47769e-05
3158	2.97544e-05
3159	3.26923e-05
3160	3.09408e-05
3161	3.21461e-05
3162	3.42126e-05
3163	3.04291e-05
3164	3.22576e-05
3165	2.97875e-05
3166	3.17264e-05
3167	3.35481e-05
3168	3.04977e-05
3169	3.10128e-05
3170	2.97942e-05
3171	3.05064e-05
3172	3.26194e-05
3173	3.06675e-05
3174	2.90275e-05
3175	2.99753e-05
3176	2.93932e-05
3177	3.22776e-05
3178	3.08268e-05
3179	4.32385e-05
3180	3.12897e-05
3181	2.89473e-05
3182	3.25286e-05
3183	3.0639e-05
3184	4.23763e-05
3185	3.2369e-05
3186	2.84468e-05
3187	3.38646e-05
3188	3.11377e-05
3189	4.34257e-05
3190	3.31516e-05
3191	2.90894e-05
3192	3.49326e-05
3193	3.24031e-05
3194	2.93736e-05
3195	3.37316e-05
3196	3.09333e-05
3197	3.5728e-05
3198	3.39776e-05
3199	3.23543e-05
3200	3.42609e-05
3201	3.27035e-05
3202	3.69181e-05
3203	3.56398e-05
3204	3.42967e-05
3205	3.42856e-05
3206	3.31223e-05
3207	3.69306e-05
3208	3.66219e-05
3209	3.45876e-05
3210	3.42437e-05
3211	3.38432e-05
3212	3.45209e-05
3213	3.73604e-05
3214	3.32824e-05
3215	3.32082e-05
3216	3.35452e-05
3217	3.24059e-05
3218	3.7785e-05
3219	3.24247e-05
3220	3.19914e-05
3221	3.37206e-05
3222	3.0695e-05
3223	3.76763e-05
3224	3.22651e-05
3225	3.09219e-05
3226	3.35192e-05
3227	3.00757e-05
3228	3.70662e-05
3229	3.31523e-05
3230	3.02131e-05
3231	3.33427e-05
3232	3.05905e-05
3233	3.58533e-05
3234	3.44033e-05
3235	3.08115e-05
3236	3.38865e-05
3237	3.23582e-05
3238	3.52637e-05
3239	3.67793e-05
3240	3.27682e-05
3241	3.50431e-05
3242	3.27415e-05
3243	3.5537e-05
3244	3.86056e-05
3245	3.40337e-05
3246	3.53124e-05
3247	3.33459e-05
3248	3.43885e-05
3249	3.9501e-05
3250	3.35345e-05
3251	3.40335e-05
3252	3.37883e-05
3253	3.2677e-05
3254	3.92973e-05
3255	3.31126e-05
3256	3.24454e-05
3257	3.40308e-05
3258	3.10454e-05
3259	3.80363e-05
3260	3.35879e-05
3261	3.06662e-05
3262	3.33753e-05
3263	3.03213e-05
3264	3.61102e-05
3265	3.46115e-05
3266	2.96771e-05
3267	3.35025e-05
3268	3.10951e-05
3269	3.42031e-05
3270	3.61669e-05
3271	3.05025e-05
3272	3.46948e-05
3273	3.20974e-05
3274	3.42508e-05
3275	3.83387e-05
3276	3.21978e-05
3277	3.5291e-05
3278	3.24402e-05
3279	3.47825e-05
3280	3.95081e-05
3281	3.31951e-05
3282	3.48463e-05
3283	3.35666e-05
3284	3.37299e-05
3285	3.98644e-05
3286	3.37744e-05
3287	3.32369e-05
3288	3.3591e-05
3289	3.17689e-05
3290	3.83677e-05
3291	3.41903e-05
3292	3.16664e-05
3293	3.36337e-05
3294	3.07421e-05
3295	3.65344e-05
3296	3.49805e-05
3297	3.05951e-05
3298	3.34253e-05
3299	3.03861e-05
3300	3.53902e-05
3301	3.59861e-05
3302	2.94764e-05
3303	3.31538e-05
3304	3.06738e-05
3305	3.3575e-05
3306	3.63749e-05
3307	4.59633e-05
3308	3.37289e-05
3309	3.20621e-05
3310	3.22909e-05
3311	3.73665e-05
3312	3.06209e-05
3313	3.30788e-05
3314	3.182e-05
3315	3.24416e-05
3316	3.75345e-05
3317	3.21518e-05
3318	3.33734e-05
3319	3.21635e-05
3320	3.25551e-05
3321	3.70632e-05
3322	3.33646e-05
3323	3.36501e-05
3324	3.29623e-05
3325	3.15795e-05
3326	3.7027e-05
3327	3.44559e-05
3328	3.30715e-05
3329	3.31455e-05
3330	3.10869e-05
3331	3.64925e-05
3332	3.49625e-05
3333	3.11988e-05
3334	3.25272e-05
3335	3.04381e-05
3336	3.44337e-05
3337	3.50258e-05
3338	4.47444e-05
3339	3.1282e-05
3340	3.00751e-05
3341	3.19092e-05
3342	3.39996e-05
3343	4.41851e-05
3344	3.0313e-05
3345	3.00925e-05
3346	3.02517e-05
3347	3.29246e-05
3348	2.89329e-05
3349	3.0789e-05
3350	3.0707e-05
3351	2.93465e-05
3352	3.29098e-05
3353	3.01215e-05
3354	3.21436e-05
3355	3.0857e-05
3356	3.01891e-05
3357	3.29501e-05
3358	3.09246e-05
3359	3.23156e-05
3360	3.04161e-05
3361	3.04435e-05
3362	3.29179e-05
3363	3.15378e-05
3364	3.13033e-05
3365	2.97725e-05
3366	2.97777e-05
3367	3.28593e-05
3368	3.12176e-05
3369	3.04942e-05
3370	3.0145e-05
3371	2.96043e-05
3372	3.27984e-05
3373	3.15981e-05
3374	3.05395e-05
3375	3.05718e-05
3376	3.04066e-05
3377	3.20324e-05
3378	3.19504e-05
3379	3.05532e-05
3380	3.0661e-05
3381	3.01919e-05
3382	3.15748e-05
3383	3.09334e-05
3384	2.98884e-05
3385	2.93376e-05
3386	2.91345e-05
3387	3.05528e-05
3388	2.91568e-05
3389	2.83981e-05
3390	2.80867e-05
3391	2.76324e-05
3392	2.95049e-05
3393	2.86166e-05
3394	2.64646e-05
3395	2.85012e-05
3396	2.76835e-05
3397	2.8968e-05
3398	2.84277e-05
3399	2.58463e-05
3400	3.01734e-05
3401	2.86226e-05
3402	2.9439e-05
3403	2.87142e-05
3404	2.64811e-05
3405	3.14059e-05
3406	2.98095e-05
3407	2.98027e-05
3408	3.02108e-05
3409	2.76494e-05
3410	3.13647e-05
3411	2.99013e-05
3412	2.93193e-05
3413	3.12681e-05
3414	2.77785e-05
3415	3.02762e-05
3416	3.02736e-05
3417	2.79389e-05
3418	3.15018e-05
3419	2.7742e-05
3420	2.79098e-05
3421	3.02468e-05
3422	2.72217e-05
3423	3.1587e-05
3424	2.77164e-05
3425	2.72107e-05
3426	2.98514e-05
3427	2.70843e-05
3428	3.18505e-05
3429	2.71063e-05
3430	2.66771e-05
3431	2.9464e-05
3432	2.69831e-05
3433	3.13308e-05
3434	2.67096e-05
3435	2.62214e-05
3436	2.88783e-05
3437	2.71796e-05
3438	3.01412e-05
3439	2.72346e-05
3440	2.64091e-05
3441	2.83136e-05
3442	2.78405e-05
3443	3.01346e-05
3444	2.86331e-05
3445	2.68153e-05
3446	2.88787e-05
3447	2.85477e-05
3448	3.06735e-05
3449	3.04811e-05
3450	4.22782e-05
3451	3.04121e-05
3452	2.90419e-05
3453	3.14408e-05
3454	3.17572e-05
3455	4.13642e-05
3456	3.13198e-05
3457	2.92181e-05
3458	3.14869e-05
3459	3.19378e-05
3460	4.2533e-05
3461	3.25352e-05
3462	2.96984e-05
3463	3.2468e-05
3464	3.21099e-05
3465	2.96295e-05
3466	3.30835e-05
3467	3.06928e-05
3468	3.47431e-05
3469	3.35326e-05
3470	3.26352e-05
3471	3.41556e-05
3472	3.18745e-05
3473	3.62308e-05
3474	3.47381e-05
3475	3.47042e-05
3476	3.41761e-05
3477	3.21021e-05
3478	3.55608e-05
3479	3.51131e-05
3480	3.44398e-05
3481	3.27501e-05
3482	3.23284e-05
3483	3.3543e-05
3484	3.50746e-05
3485	3.25624e-05
3486	3.09671e-05
3487	3.25391e-05
3488	3.06481e-05
3489	3.52674e-05
3490	3.16751e-05
3491	2.99618e-05
3492	3.32469e-05
3493	2.95188e-05
3494	3.62959e-05
3495	3.21638e-05
3496	2.98419e-05
3497	3.39517e-05
3498	3.00223e-05
3499	3.65205e-05
3500	3.34112e-05
3501	3.07438e-05
3502	3.42799e-05
3503	3.15703e-05
3504	3.61337e-05
3505	3.44422e-05
3506	3.28549e-05
3507	3.43803e-05
3508	3.25756e-05
3509	3.69712e-05
3510	3.6352e-05
3511	3.42084e-05
3512	3.45841e-05
3513	3.33292e-05
3514	3.55992e-05
3515	3.74714e-05
3516	3.38639e-05
3517	3.41593e-05
3518	3.37188e-05
3519	3.34153e-05
3520	3.82203e-05
3521	3.27901e-05
3522	3.28706e-05
3523	3.40245e-05
3524	3.15715e-05
3525	3.82017e-05
3526	3.26075e-05
3527	3.18057e-05
3528	3.3932e-05
3529	3.0516e-05
3530	3.73766e-05
3531	3.26685e-05
3532	3.07418e-05
3533	3.32779e-05
3534	3.0154e-05
3535	3.62926e-05
3536	3.36728e-05
3537	3.04586e-05
3538	3.34029e-05
3539	3.1128e-05
3540	3.53813e-05
3541	3.54974e-05
3542	3.17282e-05
3543	3.43476e-05
3544	3.23707e-05
3545	3.58944e-05
3546	3.81214e-05
3547	3.34387e-05
3548	3.53295e-05
3549	3.33915e-05
3550	3.53311e-05
3551	3.95983e-05
3552	3.35802e-05
3553	3.45524e-05
3554	3.41674e-05
3555	3.32648e-05
3556	3.94707e-05
3557	3.30885e-05
3558	3.27467e-05
3559	3.40051e-05
3560	3.13041e-05
3561	3.8201e-05
3562	3.28725e-05
3563	3.09763e-05
3564	3.33046e-05
3565	3.00358e-05
3566	3.67925e-05
3567	3.37734e-05
3568	2.9652e-05
3569	3.27894e-05
3570	3.0677e-05
3571	3.46862e-05
3572	3.53313e-05
3573	2.99517e-05
3574	3.41186e-05
3575	3.20608e-05
3576	3.46781e-05
3577	3.80769e-05
3578	3.1903e-05
3579	3.5075e-05
3580	3.21748e-05
3581	3.50746e-05
3582	3.94267e-05
3583	3.31392e-05
3584	3.49126e-05
3585	3.30799e-05
3586	3.4035e-05
3587	3.96088e-05
3588	3.30179e-05
3589	3.36064e-05
3590	3.38803e-05
3591	3.22195e-05
3592	3.90524e-05
3593	3.37074e-05
3594	3.17669e-05
3595	3.37344e-05
3596	3.07604e-05
3597	3.7105e-05
3598	3.4444e-05
3599	3.02246e-05
3600	3.34465e-05
3601	3.05477e-05
3602	3.50508e-05
3603	3.57811e-05
3604	2.93661e-05
3605	3.3723e-05
3606	3.12423e-05
3607	3.37013e-05
3608	3.71955e-05
3609	3.03645e-05
3610	3.47131e-05
3611	3.22732e-05
3612	3.38501e-05
3613	3.86677e-05
3614	3.16141e-05
3615	3.47461e-05
3616	3.27971e-05
3617	3.39894e-05
3618	3.94435e-05
3619	3.32781e-05
3620	3.41102e-05
3621	3.33917e-05
3622	3.29478e-05
3623	3.88706e-05
3624	3.42505e-05
3625	3.31693e-05
3626	3.37516e-05
3627	3.19634e-05
3628	3.74946e-05
3629	3.50178e-05
3630	3.23241e-05
3631	3.40124e-05
3632	3.05682e-05
3633	3.63173e-05
3634	3.57022e-05
3635	3.10117e-05
3636	3.35177e-05
3637	3.07042e-05
3638	3.4864e-05
3639	3.59895e-05
3640	4.54313e-05
3641	3.31886e-05
3642	3.13977e-05
3643	3.27564e-05
3644	3.63552e-05
3645	4.6394e-05
3646	3.28663e-05
3647	3.20945e-05
3648	3.13736e-05
3649	3.63566e-05
3650	3.07541e-05
3651	3.31604e-05
3652	3.23643e-05
3653	3.19955e-05
3654	3.62615e-05
3655	3.22996e-05
3656	3.39323e-05
3657	3.27637e-05
3658	3.18286e-05
3659	3.6262e-05
3660	3.2899e-05
3661	3.42057e-05
3662	3.24392e-05
3663	3.16922e-05
3664	3.6112e-05
3665	3.36467e-05
3666	3.3212e-05
3667	3.25162e-05
3668	3.1222e-05
3669	3.57256e-05
3670	3.45172e-05
3671	3.1298e-05
3672	3.18287e-05
3673	3.03094e-05
3674	3.38565e-05
3675	3.3716e-05
3676	2.97736e-05
3677	3.09939e-05
3678	3.02622e-05
3679	3.18902e-05
3680	3.27214e-05
3681	2.95498e-05
3682	2.9999e-05
3683	3.02602e-05
3684	3.00311e-05
3685	3.19484e-05
3686	2.90645e-05
3687	2.93046e-05
3688	2.94158e-05
3689	2.96622e-05
3690	3.09949e-05
3691	2.88724e-05
3692	2.93697e-05
3693	2.931e-05
3694	2.90295e-05
3695	3.04976e-05
3696	2.89496e-05
3697	2.97647e-05
3698	2.91863e-05
3699	2.87197e-05
3700	3.05003e-05
3701	2.91119e-05
3702	3.04349e-05
3703	2.96905e-05
3704	2.92117e-05
3705	3.08724e-05
3706	2.91746e-05
3707	3.10499e-05
3708	2.96739e-05
3709	2.95939e-05
3710	3.11807e-05
3711	2.96309e-05
3712	3.07497e-05
3713	2.98166e-05
3714	2.90463e-05
3715	3.17524e-05
3716	2.95589e-05
3717	3.01897e-05
3718	2.94077e-05
3719	2.83361e-05
3720	3.1019e-05
3721	2.86467e-05
3722	2.87737e-05
3723	2.90609e-05
3724	2.72813e-05
3725	3.05565e-05
3726	2.78416e-05
3727	2.64961e-05
3728	2.87969e-05
3729	2.6572e-05
3730	2.9848e-05
3731	2.73025e-05
3732	2.48471e-05
3733	2.91166e-05
3734	2.65181e-05
3735	2.97691e-05
3736	2.71234e-05
3737	2.40489e-05
3738	2.96337e-05
3739	2.66716e-05
3740	2.98491e-05
3741	2.77245e-05
3742	2.40947e-05
3743	2.97086e-05
3744	2.75224e-05
3745	2.9055e-05
3746	2.81295e-05
3747	2.50456e-05
3748	2.85456e-05
3749	2.91323e-05
3750	2.79633e-05
3751	2.96791e-05
3752	2.65983e-05
3753	2.82844e-05
3754	3.11539e-05
3755	2.87793e-05
3756	3.23882e-05
3757	2.95902e-05
3758	2.93484e-05
3759	3.17772e-05
3760	3.0648e-05
3761	3.38208e-05
3762	3.04351e-05
3763	3.12701e-05
3764	3.14576e-05
3765	3.22601e-05
3766	3.41327e-05
3767	3.07315e-05
3768	3.26426e-05
3769	3.05944e-05
3770	3.23071e-05
3771	3.3591e-05
3772	3.07893e-05
3773	3.21262e-05
3774	2.92319e-05
3775	3.15356e-05
3776	3.30978e-05
3777	3.06079e-05
3778	3.06541e-05
3779	2.91283e-05
3780	3.01761e-05
3781	3.24199e-05
3782	3.0996e-05
3783	2.92119e-05
3784	2.99694e-05
3785	2.92551e-05
3786	3.24668e-05
3787	3.12147e-05
3788	4.33286e-05
3789	3.13103e-05
3790	2.89895e-05
3791	3.2168e-05
3792	3.14108e-05
3793	4.38284e-05
3794	3.24735e-05
3795	2.93471e-05
3796	3.27635e-05
3797	3.17014e-05
3798	2.94884e-05
3799	3.34104e-05
3800	3.01751e-05
3801	3.50854e-05
3802	3.35632e-05
3803	3.20563e-05
3804	3.44595e-05
3805	3.13251e-05
3806	3.62685e-05
3807	3.48018e-05
3808	3.34484e-05
3809	3.44007e-05
3810	3.14727e-05
3811	3.49891e-05
3812	3.51038e-05
3813	3.29502e-05
3814	3.24469e-05
3815	3.17038e-05
3816	3.26529e-05
3817	3.44709e-05
3818	3.16831e-05
3819	2.97097e-05
3820	3.15854e-05
3821	3.04201e-05
3822	3.38808e-05
3823	3.06185e-05
3824	4.4351e-05
3825	3.24015e-05
3826	2.88277e-05
3827	3.42497e-05
3828	3.05707e-05
3829	2.84856e-05
3830	3.22376e-05
3831	2.8901e-05
3832	3.4754e-05
3833	3.14904e-05
3834	3.02226e-05
3835	3.34292e-05
3836	3.05246e-05
3837	3.59547e-05
3838	3.36578e-05
3839	3.29435e-05
3840	3.45049e-05
3841	3.16162e-05
3842	3.73851e-05
3843	3.57668e-05
3844	3.41368e-05
3845	3.45356e-05
3846	3.22056e-05
3847	3.64799e-05
3848	3.64138e-05
3849	3.32407e-05
3850	3.26936e-05
3851	3.29563e-05
3852	3.34847e-05
3853	3.6357e-05
3854	3.16677e-05
3855	3.09844e-05
3856	3.33682e-05
3857	3.07095e-05
3858	3.59926e-05
3859	3.13433e-05
3860	3.0134e-05
3861	3.33168e-05
3862	2.97332e-05
3863	3.60111e-05
3864	3.19198e-05
3865	3.02846e-05
3866	3.31997e-05
3867	2.9971e-05
3868	3.555e-05
3869	3.29325e-05
3870	3.1494e-05
3871	3.36083e-05
3872	3.08777e-05
3873	3.61339e-05
3874	3.45297e-05
3875	3.31278e-05
3876	3.41491e-05
3877	3.12127e-05
3878	3.70096e-05
3879	3.63992e-05
3880	3.35787e-05
3881	3.3909e-05
3882	3.24352e-05
3883	3.53371e-05
3884	3.72164e-05
3885	3.25512e-05
3886	3.31083e-05
3887	3.37392e-05
3888	3.29121e-05
3889	3.7518e-05
3890	3.20167e-05
3891	3.20441e-05
3892	3.398e-05
3893	3.11522e-05
3894	3.70901e-05
3895	3.21905e-05
3896	3.12246e-05
3897	3.35383e-05
3898	3.00584e-05
3899	3.6291e-05
3900	3.27089e-05
3901	3.07525e-05
3902	3.29551e-05
3903	3.04344e-05
3904	3.56361e-05
3905	3.34411e-05
3906	3.19354e-05
3907	3.36298e-05
3908	3.1283e-05
3909	3.6797e-05
3910	3.58848e-05
3911	3.31845e-05
3912	3.4279e-05
3913	3.18502e-05
3914	3.66985e-05
3915	3.76722e-05
3916	3.32041e-05
3917	3.44253e-05
3918	3.32733e-05
3919	3.45686e-05
3920	3.85198e-05
3921	3.23756e-05
3922	3.33854e-05
3923	3.37291e-05
3924	3.24438e-05
3925	3.82336e-05
3926	3.21922e-05
3927	3.21594e-05
3928	3.3579e-05
3929	3.05635e-05
3930	3.73001e-05
3931	3.23206e-05
3932	3.09447e-05
3933	3.28714e-05
3934	2.99678e-05
3935	3.65181e-05
3936	3.29154e-05
3937	3.01404e-05
3938	3.2741e-05
3939	3.05235e-05
3940	3.57159e-05
3941	3.452e-05
3942	3.09332e-05
3943	3.37225e-05
3944	3.21857e-05
3945	3.59422e-05
3946	3.76655e-05
3947	3.26848e-05
3948	3.53618e-05
3949	3.27393e-05
3950	3.63769e-05
3951	3.96766e-05
3952	3.37495e-05
3953	3.55567e-05
3954	3.36217e-05
3955	3.47251e-05
3956	4.01445e-05
3957	3.34017e-05
3958	3.4146e-05
3959	3.40989e-05
3960	3.26618e-05
3961	3.93348e-05
3962	3.32661e-05
3963	3.23211e-05
3964	3.39405e-05
3965	3.06174e-05
3966	3.76832e-05
3967	3.36095e-05
3968	3.02153e-05
3969	3.27409e-05
3970	2.9794e-05
3971	3.5342e-05
3972	3.44005e-05
3973	2.90364e-05
3974	3.28969e-05
3975	3.0835e-05
3976	3.36555e-05
3977	3.61445e-05
3978	3.02188e-05
3979	3.44278e-05
3980	3.18556e-05
3981	3.43149e-05
3982	3.85476e-05
3983	3.20768e-05
3984	3.53322e-05
3985	3.25174e-05
3986	3.49914e-05
3987	3.97415e-05
3988	3.32948e-05
3989	3.49945e-05
3990	3.39598e-05
3991	3.38845e-05
3992	3.99697e-05
3993	3.41337e-05
3994	3.33095e-05
3995	3.40762e-05
3996	3.18576e-05
3997	3.8459e-05
3998	3.46435e-05
3999	3.17059e-05
4000	3.39667e-05
4001	3.07586e-05
4002	3.63372e-05
4003	3.53713e-05
4004	3.04624e-05
4005	3.37095e-05
4006	3.0295e-05
4007	3.49217e-05
4008	3.6221e-05
4009	2.93786e-05
4010	3.33107e-05
4011	3.09284e-05
4012	3.29455e-05
4013	3.66351e-05
4014	4.69148e-05
4015	3.40211e-05
4016	3.21874e-05
4017	3.21724e-05
4018	3.75125e-05
4019	3.09013e-05
4020	3.30886e-05
4021	3.16379e-05
4022	3.22665e-05
4023	3.74833e-05
4024	3.22236e-05
4025	3.32781e-05
4026	3.21301e-05
4027	3.24264e-05
4028	3.70439e-05
4029	3.36342e-05
4030	3.3557e-05
4031	3.32002e-05
4032	3.15685e-05
4033	3.715e-05
4034	3.47934e-05
4035	3.31454e-05
4036	3.3626e-05
4037	3.13659e-05
4038	3.6766e-05
4039	3.54751e-05
4040	3.12706e-05
4041	3.31127e-05
4042	3.10583e-05
4043	3.48381e-05
4044	3.58011e-05
4045	4.52886e-05
4046	3.19619e-05
4047	3.08354e-05
4048	3.22427e-05
4049	3.47295e-05
4050	2.8907e-05
4051	3.05921e-05
4052	3.07102e-05
4053	3.05314e-05
4054	3.37093e-05
4055	2.98431e-05
4056	3.20313e-05
4057	3.15735e-05
4058	3.00484e-05
4059	3.38777e-05
4060	3.11542e-05
4061	3.2828e-05
4062	3.10629e-05
4063	3.07279e-05
4064	3.366e-05
4065	3.14334e-05
4066	3.23652e-05
4067	3.01999e-05
4068	3.04138e-05
4069	3.34588e-05
4070	3.18866e-05
4071	3.09414e-05
4072	2.95484e-05
4073	2.96946e-05
4074	3.32728e-05
4075	3.20754e-05
4076	2.98995e-05
4077	3.00348e-05
4078	2.95807e-05
4079	3.2985e-05
4080	3.20938e-05
4081	3.01667e-05
4082	3.04564e-05
4083	3.03014e-05
4084	3.19877e-05
4085	3.23884e-05
4086	3.0337e-05
4087	3.05639e-05
4088	3.03152e-05
4089	3.16873e-05
4090	3.14809e-05
4091	2.98152e-05
4092	2.94732e-05
4093	2.93231e-05
4094	3.07205e-05
4095	2.98831e-05
4096	2.85034e-05
4097	2.85473e-05
4098	2.79238e-05
4099	2.90551e-05
4100	2.87626e-05
4101	2.70753e-05
4102	2.91938e-05
4103	2.84473e-05
4104	2.86917e-05
4105	2.93628e-05
4106	2.70474e-05
4107	3.11509e-05
4108	2.95302e-05
4109	2.97082e-05
4110	3.02045e-05
4111	2.81889e-05
4112	3.14292e-05
4113	2.9412e-05
4114	2.9604e-05
4115	3.14333e-05
4116	2.83694e-05
4117	3.08692e-05
4118	2.92244e-05
4119	2.85049e-05
4120	3.17384e-05
4121	2.81371e-05
4122	2.96704e-05
4123	2.94109e-05
4124	2.74773e-05
4125	3.13299e-05
4126	2.82217e-05
4127	2.7901e-05
4128	2.95285e-05
4129	2.71352e-05
4130	3.12286e-05
4131	2.79358e-05
4132	2.64488e-05
4133	2.97216e-05
4134	2.68779e-05
4135	3.11634e-05
4136	2.72453e-05
4137	2.55993e-05
4138	2.95278e-05
4139	2.70889e-05
4140	3.05412e-05
4141	2.72918e-05
4142	2.53319e-05
4143	2.94335e-05
4144	2.73405e-05
4145	3.01802e-05
4146	2.70496e-05
4147	2.56125e-05
4148	2.88048e-05
4149	2.79914e-05
4150	3.01391e-05
4151	2.78992e-05
4152	2.60448e-05
4153	2.85882e-05
4154	2.91114e-05
4155	3.03082e-05
4156	3.00501e-05
4157	4.30332e-05
4158	3.00154e-05
4159	3.01707e-05
4160	3.04218e-05
4161	3.22901e-05
4162	4.48735e-05
4163	3.1365e-05
4164	3.11605e-05
4165	3.11514e-05
4166	3.38903e-05
4167	2.88759e-05
4168	3.18488e-05
4169	3.15984e-05
4170	3.2189e-05
4171	3.39418e-05
4172	3.01805e-05
4173	3.27049e-05
4174	3.06631e-05
4175	3.30937e-05
4176	3.36129e-05
4177	3.14965e-05
4178	3.25438e-05
4179	3.06016e-05
4180	3.34937e-05
4181	3.31378e-05
4182	3.26894e-05
4183	3.17823e-05
4184	3.09302e-05
4185	3.27417e-05
4186	3.33201e-05
4187	3.30823e-05
4188	3.02505e-05
4189	3.14889e-05
4190	3.1471e-05
4191	3.36006e-05
4192	3.23235e-05
4193	4.56361e-05
4194	3.258e-05
4195	2.97202e-05
4196	3.42184e-05
4197	3.19731e-05
4198	4.47399e-05
4199	3.33688e-05
4200	2.94368e-05
4201	3.55571e-05
4202	3.25947e-05
4203	4.5123e-05
4204	3.39032e-05
4205	3.02423e-05
4206	3.61515e-05
4207	3.34433e-05
4208	3.01885e-05
4209	3.3605e-05
4210	3.17553e-05
4211	3.57735e-05
4212	3.41764e-05
4213	3.25099e-05
4214	3.35261e-05
4215	3.26714e-05
4216	3.62009e-05
4217	3.58759e-05
4218	3.40515e-05
4219	3.41455e-05
4220	3.30662e-05
4221	3.54523e-05
4222	3.72925e-05
4223	3.42317e-05
4224	3.44878e-05
4225	3.35099e-05
4226	3.39833e-05
4227	3.85066e-05
4228	3.33089e-05
4229	3.36385e-05
4230	3.39638e-05
4231	3.22201e-05
4232	3.87612e-05
4233	3.27139e-05
4234	3.23426e-05
4235	3.37855e-05
4236	3.08097e-05
4237	3.76814e-05
4238	3.27283e-05
4239	3.08372e-05
4240	3.33982e-05
4241	3.01668e-05
4242	3.63551e-05
4243	3.40454e-05
4244	2.99375e-05
4245	3.33477e-05
4246	3.16608e-05
4247	3.47903e-05
4248	3.57572e-05
4249	3.15594e-05
4250	3.47336e-05
4251	3.27166e-05
4252	3.52808e-05
4253	3.84377e-05
4254	3.36008e-05
4255	3.56457e-05
4256	3.28427e-05
4257	3.52496e-05
4258	3.94844e-05
4259	3.39461e-05
4260	3.48973e-05
4261	3.35275e-05
4262	3.36587e-05
4263	3.97544e-05
4264	3.32507e-05
4265	3.32986e-05
4266	3.39462e-05
4267	3.18064e-05
4268	3.88001e-05
4269	3.36372e-05
4270	3.14717e-05
4271	3.37113e-05
4272	3.05993e-05
4273	3.69741e-05
4274	3.44587e-05
4275	3.02952e-05
4276	3.36243e-05
4277	3.0761e-05
4278	3.51882e-05
4279	3.60205e-05
4280	2.99785e-05
4281	3.43078e-05
4282	3.18611e-05
4283	3.42138e-05
4284	3.76048e-05
4285	3.12401e-05
4286	3.521e-05
4287	3.2596e-05
4288	3.44729e-05
4289	3.90563e-05
4290	3.23204e-05
4291	3.49717e-05
4292	3.2985e-05
4293	3.40793e-05
4294	3.95076e-05
4295	3.3497e-05
4296	3.38805e-05
4297	3.34329e-05
4298	3.28314e-05
4299	3.89052e-05
4300	3.43008e-05
4301	3.29376e-05
4302	3.38558e-05
4303	3.18103e-05
4304	3.75719e-05
4305	3.52376e-05
4306	3.21098e-05
4307	3.40064e-05
4308	3.06448e-05
4309	3.64193e-05
4310	3.58885e-05
4311	3.05776e-05
4312	3.32721e-05
4313	3.04313e-05
4314	3.45478e-05
4315	3.59829e-05
4316	4.49484e-05
4317	3.27215e-05
4318	3.1204e-05
4319	3.21178e-05
4320	3.61548e-05
4321	4.65856e-05
4322	3.25934e-05
4323	3.15667e-05
4324	3.12643e-05
4325	3.62744e-05
4326	3.08594e-05
4327	3.28639e-05
4328	3.17749e-05
4329	3.22025e-05
4330	3.63195e-05
4331	3.2343e-05
4332	3.37073e-05
4333	3.23239e-05
4334	3.17686e-05
4335	3.64256e-05
4336	3.32689e-05
4337	3.38139e-05
4338	3.24523e-05
4339	3.1631e-05
4340	3.6349e-05
4341	3.40358e-05
4342	3.22409e-05
4343	3.21989e-05
4344	3.07629e-05
4345	3.54503e-05
4346	3.46262e-05
4347	3.06262e-05
4348	3.16577e-05
4349	3.02217e-05
4350	3.34899e-05
4351	3.40438e-05
4352	4.53298e-05
4353	3.11951e-05
4354	3.06685e-05
4355	3.16678e-05
4356	3.30712e-05
4357	2.95535e-05
4358	3.01227e-05
4359	3.0405e-05
4360	2.9835e-05
4361	3.22152e-05
4362	2.93279e-05
4363	3.03589e-05
4364	3.00442e-05
4365	2.94399e-05
4366	3.14497e-05
4367	2.95048e-05
4368	3.0728e-05
4369	2.98966e-05
4370	2.97409e-05
4371	3.13035e-05
4372	3.04586e-05
4373	3.07335e-05
4374	2.96435e-05
4375	2.97549e-05
4376	3.16557e-05
4377	3.01818e-05
4378	3.09438e-05
4379	2.95971e-05
4380	2.98487e-05
4381	3.23871e-05
4382	3.00827e-05
4383	3.12824e-05
4384	3.01011e-05
4385	3.00971e-05
4386	3.23728e-05
4387	3.0948e-05
4388	3.07866e-05
4389	3.05743e-05
4390	2.97083e-05
4391	3.21895e-05
4392	3.05488e-05
4393	3.03549e-05
4394	3.02293e-05
4395	2.94614e-05
4396	3.13597e-05
4397	2.94976e-05
4398	2.94783e-05
4399	2.96051e-05
4400	2.83339e-05
4401	3.07737e-05
4402	2.87434e-05
4403	2.71216e-05
4404	2.92501e-05
4405	2.77709e-05
4406	3.01278e-05
4407	2.80504e-05
4408	2.53107e-05
4409	2.96152e-05
4410	2.73508e-05
4411	2.99545e-05
4412	2.74723e-05
4413	2.43356e-05
4414	2.98865e-05
4415	2.75553e-05
4416	2.94161e-05
4417	2.81181e-05
4418	2.43557e-05
4419	3.01877e-05
4420	2.84547e-05
4421	2.88339e-05
4422	2.89315e-05
4423	2.59399e-05
4424	2.99895e-05
4425	3.05693e-05
4426	2.81203e-05
4427	3.11767e-05
4428	2.81528e-05
4429	2.88037e-05
4430	3.1977e-05
4431	2.85971e-05
4432	3.28809e-05
4433	2.90176e-05
4434	2.86055e-05
4435	3.19789e-05
4436	2.87727e-05
4437	3.34005e-05
4438	2.8642e-05
4439	2.92786e-05
4440	3.08708e-05
4441	2.89308e-05
4442	3.30108e-05
4443	2.84426e-05
4444	2.96522e-05
4445	3.03449e-05
4446	2.97742e-05
4447	3.2173e-05
4448	2.95302e-05
4449	2.9148e-05
4450	2.928e-05
4451	3.02399e-05
4452	3.14903e-05
4453	3.06547e-05
4454	2.83896e-05
4455	2.93826e-05
4456	3.00558e-05
4457	3.10823e-05
4458	3.1522e-05
4459	4.29965e-05
4460	3.03668e-05
4461	2.94713e-05
4462	3.13081e-05
4463	3.1485e-05
4464	4.17173e-05
4465	3.1106e-05
4466	2.91892e-05
4467	3.22837e-05
4468	3.13638e-05
4469	4.30516e-05
4470	3.26055e-05
4471	2.92233e-05
4472	3.38566e-05
4473	3.21546e-05
4474	2.96952e-05
4475	3.37747e-05
4476	3.09275e-05
4477	3.56227e-05
4478	3.37504e-05
4479	3.29949e-05
4480	3.4989e-05
4481	3.23092e-05
4482	3.69954e-05
4483	3.53991e-05
4484	3.49758e-05
4485	3.47883e-05
4486	3.24879e-05
4487	3.59706e-05
4488	3.54605e-05
4489	3.41913e-05
4490	3.28664e-05
4491	3.25833e-05
4492	3.34931e-05
4493	3.52699e-05
4494	3.20454e-05
4495	3.11438e-05
4496	3.26638e-05
4497	3.05765e-05
4498	3.55209e-05
4499	3.14594e-05
4500	3.01031e-05
4501	3.30677e-05
4502	2.94852e-05
4503	3.6103e-05
4504	3.16018e-05
4505	2.98669e-05
4506	3.34377e-05
4507	2.95122e-05
4508	3.61212e-05
4509	3.27976e-05
4510	3.03944e-05
4511	3.38241e-05
4512	3.09842e-05
4513	3.5906e-05
4514	3.4147e-05
4515	3.2477e-05
4516	3.42841e-05
4517	3.21482e-05
4518	3.70603e-05
4519	3.64181e-05
4520	3.3908e-05
4521	3.46598e-05
4522	3.32773e-05
4523	3.60685e-05
4524	3.77086e-05
4525	3.38868e-05
4526	3.42949e-05
4527	3.39744e-05
4528	3.36297e-05
4529	3.84083e-05
4530	3.278e-05
4531	3.28559e-05
4532	3.41987e-05
4533	3.15871e-05
4534	3.81181e-05
4535	3.25588e-05
4536	3.16164e-05
4537	3.39678e-05
4538	3.03975e-05
4539	3.72946e-05
4540	3.26072e-05
4541	3.07756e-05
4542	3.33025e-05
4543	3.02443e-05
4544	3.63617e-05
4545	3.36581e-05
4546	3.06332e-05
4547	3.35447e-05
4548	3.11762e-05
4549	3.5787e-05
4550	3.56057e-05
4551	3.18078e-05
4552	3.42582e-05
4553	3.22793e-05
4554	3.60815e-05
4555	3.81625e-05
4556	3.30903e-05
4557	3.50971e-05
4558	3.30994e-05
4559	3.5146e-05
4560	3.94085e-05
4561	3.32041e-05
4562	3.43089e-05
4563	3.4067e-05
4564	3.30327e-05
4565	3.93327e-05
4566	3.29461e-05
4567	3.27461e-05
4568	3.40258e-05
4569	3.14426e-05
4570	3.82634e-05
4571	3.29875e-05
4572	3.1345e-05
4573	3.36717e-05
4574	3.0478e-05
4575	3.70656e-05
4576	3.38878e-05
4577	2.99574e-05
4578	3.29634e-05
4579	3.06323e-05
4580	3.49833e-05
4581	3.5122e-05
4582	3.02967e-05
4583	3.39384e-05
4584	3.19534e-05
4585	3.49111e-05
4586	3.78473e-05
4587	3.20348e-05
4588	3.51118e-05
4589	3.2398e-05
4590	3.54818e-05
4591	3.96425e-05
4592	3.34492e-05
4593	3.52513e-05
4594	3.35735e-05
4595	3.42504e-05
4596	3.98419e-05
4597	3.32921e-05
4598	3.37646e-05
4599	3.4129e-05
4600	3.22631e-05
4601	3.89298e-05
4602	3.34823e-05
4603	3.175e-05
4604	3.37132e-05
4605	3.04599e-05
4606	3.70748e-05
4607	3.40811e-05
4608	3.00435e-05
4609	3.29914e-05
4610	3.03785e-05
4611	3.47791e-05
4612	3.54404e-05
4613	2.9205e-05
4614	3.37938e-05
4615	3.15691e-05
4616	3.40303e-05
4617	3.75238e-05
4618	3.09374e-05
4619	3.51926e-05
4620	3.25689e-05
4621	3.48194e-05
4622	3.93912e-05
4623	3.27003e-05
4624	3.56292e-05
4625	3.32556e-05
4626	3.50074e-05
4627	4.00097e-05
4628	3.37545e-05
4629	3.47853e-05
4630	3.43168e-05
4631	3.3527e-05
4632	3.97563e-05
4633	3.45073e-05
4634	3.31958e-05
4635	3.41975e-05
4636	3.20549e-05
4637	3.79859e-05
4638	3.51863e-05
4639	3.18674e-05
4640	3.43614e-05
4641	3.103e-05
4642	3.63809e-05
4643	3.61177e-05
4644	3.08133e-05
4645	3.3967e-05
4646	3.07404e-05
4647	3.47206e-05
4648	3.6442e-05
4649	4.62206e-05
4650	3.37379e-05
4651	3.14437e-05
4652	3.26075e-05
4653	3.68105e-05
4654	4.75452e-05
4655	3.38503e-05
4656	3.22531e-05
4657	3.20212e-05
4658	3.75316e-05
4659	3.13164e-05
4660	3.34102e-05
4661	3.21e-05
4662	3.26734e-05
4663	3.73187e-05
4664	3.26802e-05
4665	3.37562e-05
4666	3.28658e-05
4667	3.24378e-05
4668	3.71516e-05
4669	3.40297e-05
4670	3.43473e-05
4671	3.35571e-05
4672	3.20958e-05
4673	3.7231e-05
4674	3.49325e-05
4675	3.32799e-05
4676	3.35393e-05
4677	3.1501e-05
4678	3.63321e-05
4679	3.53538e-05
4680	3.1165e-05
4681	3.23918e-05
4682	3.07085e-05
4683	3.38496e-05
4684	3.46684e-05
4685	2.95627e-05
4686	3.10213e-05
4687	3.05217e-05
4688	3.21361e-05
4689	3.37855e-05
4690	2.93713e-05
4691	3.0127e-05
4692	3.06292e-05
4693	3.00619e-05
4694	3.29064e-05
4695	2.94673e-05
4696	3.05492e-05
4697	3.04976e-05
4698	2.93243e-05
4699	3.24493e-05
4700	2.96572e-05
4701	3.12105e-05
4702	3.02036e-05
4703	2.93477e-05
4704	3.19602e-05
4705	3.02826e-05
4706	3.06305e-05
4707	2.94698e-05
4708	2.89568e-05
4709	3.13857e-05
4710	3.03804e-05
4711	3.01219e-05
4712	2.92864e-05
4713	2.90634e-05
4714	3.20647e-05
4715	3.03616e-05
4716	3.04852e-05
4717	2.97588e-05
4718	2.96291e-05
4719	3.1908e-05
4720	3.11526e-05
4721	3.04515e-05
4722	3.0275e-05
4723	2.98712e-05
4724	3.15043e-05
4725	3.10985e-05
4726	3.01225e-05
4727	3.00127e-05
4728	2.94944e-05
4729	3.08747e-05
4730	2.98691e-05
4731	2.9376e-05
4732	2.89249e-05
4733	2.80741e-05
4734	3.0001e-05
4735	2.87839e-05
4736	2.74979e-05
4737	2.83937e-05
4738	2.75396e-05
4739	2.98022e-05
4740	2.83458e-05
4741	2.58622e-05
4742	2.90961e-05
4743	2.73384e-05
4744	2.97238e-05
4745	2.78007e-05
4746	2.48771e-05
4747	2.96636e-05
4748	2.77241e-05
4749	2.90358e-05
4750	2.79629e-05
4751	2.41491e-05
4752	2.98502e-05
4753	2.82109e-05
4754	2.80698e-05
4755	2.87458e-05
4756	2.47482e-05
4757	2.95601e-05
4758	2.96326e-05
4759	2.69047e-05
4760	3.03093e-05
4761	2.68062e-05
4762	2.81923e-05
4763	3.09049e-05
4764	2.69887e-05
4765	3.17109e-05
4766	2.79712e-05
4767	2.74261e-05
4768	3.13815e-05
4769	2.7449e-05
4770	3.24917e-05
4771	2.83445e-05
4772	2.81867e-05
4773	3.0574e-05
4774	2.78962e-05
4775	3.25508e-05
4776	2.81661e-05
4777	2.84445e-05
4778	2.99146e-05
4779	2.83329e-05
4780	3.17533e-05
4781	2.82019e-05
4782	2.81803e-05
4783	2.89982e-05
4784	2.871e-05
4785	3.10267e-05
4786	2.93737e-05
4787	2.77053e-05
4788	2.88649e-05
4789	2.89733e-05
4790	3.08057e-05
4791	3.05902e-05
4792	4.31084e-05
4793	3.00499e-05
4794	2.89276e-05
4795	3.15457e-05
4796	3.15149e-05
4797	4.20235e-05
4798	3.10886e-05
4799	2.9068e-05
4800	3.17306e-05
4801	3.21162e-05
4802	4.30195e-05
4803	3.23558e-05
4804	2.96528e-05
4805	3.22719e-05
4806	3.21304e-05
4807	2.9454e-05
4808	3.34615e-05
4809	3.0388e-05
4810	3.46777e-05
4811	3.37973e-05
4812	3.21259e-05
4813	3.43563e-05
4814	3.15247e-05
4815	3.60884e-05
4816	3.46176e-05
4817	3.39668e-05
4818	3.45108e-05
4819	3.16335e-05
4820	3.51375e-05
4821	3.48899e-05
4822	3.35192e-05
4823	3.27615e-05
4824	3.18065e-05
4825	3.3107e-05
4826	3.44876e-05
4827	3.19737e-05
4828	3.01038e-05
4829	3.16363e-05
4830	3.07629e-05
4831	3.42088e-05
4832	3.07737e-05
4833	2.88998e-05
4834	3.23414e-05
4835	2.9301e-05
4836	3.4841e-05
4837	3.1051e-05
4838	4.53516e-05
4839	3.32977e-05
4840	2.93344e-05
4841	3.52343e-05
4842	3.20706e-05
4843	3.03622e-05
4844	3.38351e-05
4845	3.06824e-05
4846	3.59691e-05
4847	3.39236e-05
4848	3.27186e-05
4849	3.4519e-05
4850	3.17569e-05
4851	3.70681e-05
4852	3.56853e-05
4853	3.40043e-05
4854	3.43873e-05
4855	3.22195e-05
4856	3.62208e-05
4857	3.63662e-05
4858	3.33834e-05
4859	3.29567e-05
4860	3.333e-05
4861	3.35857e-05
4862	3.66824e-05
4863	3.21845e-05
4864	3.17141e-05
4865	3.38014e-05
4866	3.10972e-05
4867	3.66039e-05
4868	3.17862e-05
4869	3.08181e-05
4870	3.37791e-05
4871	3.01533e-05
4872	3.65428e-05
4873	3.20366e-05
4874	3.05996e-05
4875	3.3484e-05
4876	3.00612e-05
4877	3.58924e-05
4878	3.29466e-05
4879	3.11889e-05
4880	3.38019e-05
4881	3.10893e-05
4882	3.62443e-05
4883	3.47152e-05
4884	3.29083e-05
4885	3.44576e-05
4886	3.19138e-05
4887	3.74089e-05
4888	3.70007e-05
4889	3.38457e-05
4890	3.47093e-05
4891	3.31432e-05
4892	3.58744e-05
4893	3.80045e-05
4894	3.31825e-05
4895	3.38895e-05
4896	3.37338e-05
4897	3.3162e-05
4898	3.82065e-05
4899	3.23504e-05
4900	3.26455e-05
4901	3.39371e-05
4902	3.11208e-05
4903	3.75922e-05
4904	3.23017e-05
4905	3.15096e-05
4906	3.35917e-05
4907	3.01915e-05
4908	3.68615e-05
4909	3.26341e-05
4910	3.07731e-05
4911	3.2991e-05
4912	3.02575e-05
4913	3.61096e-05
4914	3.34474e-05
4915	3.07838e-05
4916	3.35182e-05
4917	3.13719e-05
4918	3.59657e-05
4919	3.57626e-05
4920	3.20162e-05
4921	3.45192e-05
4922	3.28041e-05
4923	3.64441e-05
4924	3.85648e-05
4925	3.34859e-05
4926	3.54986e-05
4927	3.33944e-05
4928	3.55763e-05
4929	3.98182e-05
4930	3.35396e-05
4931	3.48098e-05
4932	3.42677e-05
4933	3.33987e-05
4934	3.97095e-05
4935	3.32592e-05
4936	3.30675e-05
4937	3.39944e-05
4938	3.14893e-05
4939	3.8493e-05
4940	3.30594e-05
4941	3.12977e-05
4942	3.342e-05
4943	3.01832e-05
4944	3.70573e-05
4945	3.35251e-05
4946	2.95429e-05
4947	3.23777e-05
4948	3.01273e-05
4949	3.47701e-05
4950	3.47719e-05
4951	2.92035e-05
4952	3.34407e-05
4953	3.16623e-05
4954	3.4139e-05
4955	3.71927e-05
4956	3.12353e-05
4957	3.48382e-05
4958	3.22581e-05
4959	3.51161e-05
4960	3.93106e-05
4961	3.30916e-05
4962	3.55246e-05
4963	3.29766e-05
4964	3.50502e-05
4965	4.01343e-05
4966	3.35806e-05
4967	3.46143e-05
4968	3.42061e-05
4969	3.32711e-05
4970	3.9914e-05
4971	3.42671e-05
4972	3.26797e-05
4973	3.39753e-05
4974	3.13809e-05
4975	3.77714e-05
4976	3.4711e-05
4977	3.09673e-05
4978	3.37185e-05
4979	3.05779e-05
4980	3.57918e-05
4981	3.56295e-05
4982	2.99285e-05
4983	3.35191e-05
4984	3.03038e-05
4985	3.4181e-05
4986	3.63243e-05
4987	2.91555e-05
4988	3.33401e-05
4989	3.14079e-05
4990	3.25056e-05
4991	3.69672e-05
4992	4.80066e-05
4993	3.41168e-05
4994	3.21501e-05
4995	3.23082e-05
4996	3.78023e-05
4997	3.13965e-05
4998	3.31516e-05
4999	3.17527e-05
5000	3.24381e-05
