1	1
2	0.402396
3	0.123483
4	0.13273
5	0.107663
6	0.0826066
7	0.0565755
8	0.0396625
9	0.0311743
10	0.030886
11	0.0314694
12	0.0299968
13	0.0262167
14	0.0220805
15	0.0201435
16	0.0186869
17	0.0177169
18	0.0170014
19	0.0160798
20	0.0150052
21	0.0136729
22	0.0123621
23	0.0114869
24	0.0112467
25	0.011224
26	0.01129
27	0.0113161
28	0.01123
29	0.0109973
30	0.0106179
31	0.0100919
32	0.00952937
33	0.00899687
34	0.00859886
35	0.00831504
36	0.0081049
37	0.00794051
38	0.00781591
39	0.00773928
40	0.00765306
41	0.0075389
42	0.0073883
43	0.00723604
44	0.00705933
45	0.00684461
46	0.0065966
47	0.00633746
48	0.00609563
49	0.00588112
50	0.00568698
51	0.00551987
52	0.00535503
53	0.00519549
54	0.00507064
55	0.00496689
56	0.00484699
57	0.00471596
58	0.00457478
59	0.00443349
60	0.00430687
61	0.00418644
62	0.00408587
63	0.00398954
64	0.00388965
65	0.00378883
66	0.00369942
67	0.00359838
68	0.00349963
69	0.00340305
70	0.00330784
71	0.00322029
72	0.00313621
73	0.00305908
74	0.00298837
75	0.00291993
76	0.00285897
77	0.00279733
78	0.00273711
79	0.00267622
80	0.00261204
81	0.00254653
82	0.00247942
83	0.0024093
84	0.00234043
85	0.00227385
86	0.00220797
87	0.00214074
88	0.00207812
89	0.00202096
90	0.00196647
91	0.0019144
92	0.00186377
93	0.00181491
94	0.00177751
95	0.00173648
96	0.00169105
97	0.00164637
98	0.00160231
99	0.00155929
100	0.00151791
101	0.00147917
102	0.00144211
103	0.00140688
104	0.00137298
105	0.00133981
106	0.00130818
107	0.00127647
108	0.00124611
109	0.00121647
110	0.001186
111	0.00115551
112	0.00112492
113	0.00109529
114	0.00106641
115	0.00103883
116	0.00101266
117	0.000987121
118	0.000962967
119	0.000939523
120	0.000917101
121	0.00089555
122	0.000874964
123	0.000855022
124	0.000835619
125	0.000816892
126	0.000798181
127	0.000779781
128	0.000762413
129	0.000745365
130	0.000728816
131	0.000712925
132	0.00069669
133	0.000680519
134	0.000664654
135	0.000649429
136	0.000634751
137	0.000620485
138	0.000606803
139	0.000593179
140	0.000580066
141	0.000567318
142	0.000555043
143	0.000543048
144	0.000531359
145	0.000520245
146	0.000509201
147	0.000498566
148	0.000487839
149	0.000477761
150	0.000467839
151	0.00045828
152	0.000448942
153	0.00043962
154	0.00043076
155	0.000421812
156	0.000412833
157	0.000404089
158	0.000395496
159	0.000387478
160	0.000379662
161	0.000372003
162	0.000364012
163	0.000356268
164	0.000348547
165	0.000341256
166	0.000334161
167	0.00032669
168	0.000319905
169	0.000313113
170	0.000306762
171	0.000300451
172	0.000293776
173	0.000288011
174	0.000282137
175	0.000276907
176	0.000271318
177	0.000265466
178	0.000260357
179	0.000255174
180	0.000250729
181	0.000245907
182	0.00024096
183	0.000236669
184	0.000231057
185	0.000226961
186	0.000222796
187	0.000218532
188	0.000214732
189	0.000210766
190	0.000207349
191	0.000203284
192	0.000199219
193	0.000195634
194	0.000191874
195	0.000188868
196	0.000184988
197	0.000181178
198	0.000178797
199	0.000175732
200	0.000173049
201	0.000169476
202	0.000166143
203	0.000163254
204	0.00016043
205	0.000158253
206	0.000155207
207	0.000152261
208	0.000149775
209	0.000147285
210	0.000145428
211	0.000142821
212	0.000139351
213	0.000137147
214	0.000135158
215	0.0001337
216	0.000131373
217	0.000128832
218	0.000126944
219	0.000125028
220	0.000123618
221	0.000121441
222	0.000118992
223	0.000117219
224	0.000115503
225	0.000114146
226	0.000112746
227	0.000110605
228	0.000108865
229	0.000107432
230	0.000106063
231	0.000104263
232	0.00010215
233	0.000100553
234	9.89713e-05
235	9.73632e-05
236	9.59839e-05
237	9.41928e-05
238	9.24818e-05
239	9.16788e-05
240	9.01111e-05
241	8.90899e-05
242	8.74185e-05
243	8.56541e-05
244	8.49299e-05
245	8.3595e-05
246	8.26952e-05
247	8.10239e-05
248	7.93915e-05
249	7.85307e-05
250	7.74894e-05
251	7.70324e-05
252	7.54979e-05
253	7.40126e-05
254	7.29499e-05
255	7.21894e-05
256	7.12141e-05
257	6.96863e-05
258	6.83893e-05
259	6.72365e-05
260	6.64689e-05
261	6.54121e-05
262	6.39698e-05
263	6.30446e-05
264	6.18473e-05
265	6.15154e-05
266	6.09059e-05
267	5.95189e-05
268	5.88833e-05
269	5.78935e-05
270	5.70307e-05
271	5.67693e-05
272	5.52659e-05
273	5.43111e-05
274	5.34199e-05
275	5.26888e-05
276	5.24354e-05
277	5.0962e-05
278	5.00586e-05
279	4.93393e-05
280	4.85399e-05
281	4.83039e-05
282	4.70991e-05
283	4.63358e-05
284	4.57612e-05
285	4.48714e-05
286	4.42844e-05
287	4.36777e-05
288	4.28765e-05
289	4.24071e-05
290	4.18509e-05
291	4.09033e-05
292	4.09726e-05
293	4.00218e-05
294	3.9401e-05
295	3.89818e-05
296	3.81308e-05
297	3.82741e-05
298	3.70145e-05
299	3.67275e-05
300	3.62291e-05
301	3.52147e-05
302	3.5261e-05
303	3.43331e-05
304	3.41395e-05
305	3.37125e-05
306	3.29058e-05
307	3.28598e-05
308	3.22256e-05
309	3.17529e-05
310	3.14613e-05
311	3.08096e-05
312	3.06958e-05
313	3.01599e-05
314	2.9397e-05
315	2.93348e-05
316	2.88271e-05
317	2.86136e-05
318	2.81392e-05
319	2.73215e-05
320	2.74624e-05
321	2.71171e-05
322	2.67303e-05
323	2.62025e-05
324	2.56899e-05
325	2.56246e-05
326	2.55017e-05
327	2.49307e-05
328	2.4399e-05
329	2.41045e-05
330	2.37199e-05
331	2.38196e-05
332	2.31738e-05
333	2.2889e-05
334	2.27145e-05
335	2.21085e-05
336	2.24508e-05
337	2.19439e-05
338	2.16856e-05
339	2.14791e-05
340	2.09996e-05
341	2.14508e-05
342	2.08113e-05
343	2.08512e-05
344	2.05189e-05
345	2.01201e-05
346	2.03689e-05
347	2.00097e-05
348	2.0008e-05
349	1.95243e-05
350	1.94064e-05
351	1.91977e-05
352	1.93534e-05
353	1.93008e-05
354	1.86607e-05
355	1.87558e-05
356	1.81513e-05
357	1.87243e-05
358	1.87297e-05
359	1.79442e-05
360	1.81031e-05
361	1.76339e-05
362	1.81726e-05
363	1.81338e-05
364	1.74038e-05
365	1.75479e-05
366	1.71968e-05
367	1.74782e-05
368	1.74531e-05
369	1.67385e-05
370	1.68992e-05
371	1.66815e-05
372	1.66739e-05
373	1.68175e-05
374	1.61307e-05
375	1.63282e-05
376	1.61728e-05
377	1.5911e-05
378	1.64611e-05
379	1.5824e-05
380	1.58031e-05
381	1.55986e-05
382	1.54435e-05
383	1.61965e-05
384	1.56553e-05
385	1.55012e-05
386	1.50904e-05
387	1.51245e-05
388	1.59e-05
389	1.53639e-05
390	1.50441e-05
391	1.48338e-05
392	1.48908e-05
393	1.53681e-05
394	1.53747e-05
395	1.45846e-05
396	1.47508e-05
397	1.46821e-05
398	1.47756e-05
399	1.55119e-05
400	1.44422e-05
401	1.47633e-05
402	1.44553e-05
403	1.45205e-05
404	1.51337e-05
405	1.42161e-05
406	1.4782e-05
407	1.42601e-05
408	1.43866e-05
409	1.49375e-05
410	1.40222e-05
411	1.45447e-05
412	1.41108e-05
413	1.41079e-05
414	1.45731e-05
415	1.37679e-05
416	1.40653e-05
417	1.38693e-05
418	1.36688e-05
419	1.40068e-05
420	1.37956e-05
421	1.36538e-05
422	1.34982e-05
423	1.31956e-05
424	1.35149e-05
425	1.36721e-05
426	1.32374e-05
427	1.32088e-05
428	1.27201e-05
429	1.32033e-05
430	1.33129e-05
431	1.26996e-05
432	1.30434e-05
433	1.24393e-05
434	1.27858e-05
435	1.33334e-05
436	1.2485e-05
437	1.3292e-05
438	1.2438e-05
439	1.26005e-05
440	1.3341e-05
441	1.2667e-05
442	1.33136e-05
443	1.26868e-05
444	1.26183e-05
445	1.32608e-05
446	1.28161e-05
447	1.32979e-05
448	1.30817e-05
449	1.26876e-05
450	1.32987e-05
451	1.28508e-05
452	1.29952e-05
453	1.31573e-05
454	1.2314e-05
455	1.31027e-05
456	1.26425e-05
457	1.2575e-05
458	1.28862e-05
459	1.17695e-05
460	1.25752e-05
461	1.23695e-05
462	1.2048e-05
463	1.23359e-05
464	1.13338e-05
465	1.1814e-05
466	1.1764e-05
467	1.16479e-05
468	1.17728e-05
469	1.10473e-05
470	1.11574e-05
471	1.14485e-05
472	1.12554e-05
473	1.14107e-05
474	1.11065e-05
475	1.07053e-05
476	1.14366e-05
477	1.10081e-05
478	1.13107e-05
479	1.13289e-05
480	1.04832e-05
481	1.15562e-05
482	1.1005e-05
483	1.1402e-05
484	1.13635e-05
485	1.0505e-05
486	1.16815e-05
487	1.1004e-05
488	1.15058e-05
489	1.14006e-05
490	1.05398e-05
491	1.16719e-05
492	1.09181e-05
493	1.14641e-05
494	1.1449e-05
495	1.05804e-05
496	1.15199e-05
497	1.08068e-05
498	1.1296e-05
499	1.13869e-05
500	1.0489e-05
501	1.11669e-05
502	1.07758e-05
503	1.08498e-05
504	1.10738e-05
505	1.04123e-05
506	1.07933e-05
507	1.07492e-05
508	1.04949e-05
509	1.07759e-05
510	1.009e-05
511	1.03869e-05
512	1.05405e-05
513	9.96864e-06
514	1.05953e-05
515	9.97378e-06
516	1.0079e-05
517	1.02304e-05
518	9.63765e-06
519	1.04827e-05
520	9.96708e-06
521	9.95226e-06
522	1.01368e-05
523	9.58627e-06
524	1.0316e-05
525	1.00762e-05
526	9.87264e-06
527	1.01888e-05
528	9.67809e-06
529	1.01788e-05
530	1.02071e-05
531	9.73658e-06
532	1.03512e-05
533	9.73208e-06
534	1.02009e-05
535	1.03457e-05
536	9.62652e-06
537	1.07049e-05
538	1.0082e-05
539	1.00045e-05
540	1.04509e-05
541	9.76436e-06
542	1.08362e-05
543	1.01358e-05
544	9.80676e-06
545	1.0673e-05
546	9.88254e-06
547	1.07672e-05
548	1.00216e-05
549	9.90597e-06
550	1.05462e-05
551	1.00109e-05
552	1.04338e-05
553	9.95933e-06
554	1.01244e-05
555	1.0323e-05
556	1.01441e-05
557	1.01652e-05
558	1.00785e-05
559	1.02278e-05
560	9.92239e-06
561	1.01389e-05
562	1.0069e-05
563	1.01992e-05
564	1.01804e-05
565	9.58924e-06
566	1.01505e-05
567	1.01046e-05
568	1.02918e-05
569	1.01963e-05
570	9.66536e-06
571	1.01983e-05
572	1.03765e-05
573	1.04463e-05
574	1.01706e-05
575	9.96526e-06
576	1.03499e-05
577	1.06668e-05
578	1.06425e-05
579	1.01709e-05
580	1.04388e-05
581	1.04406e-05
582	1.08124e-05
583	1.10167e-05
584	1.0498e-05
585	1.09565e-05
586	1.03883e-05
587	1.10441e-05
588	1.12879e-05
589	1.0665e-05
590	1.11271e-05
591	1.06262e-05
592	1.12691e-05
593	1.12395e-05
594	1.08518e-05
595	1.12051e-05
596	1.05533e-05
597	1.10745e-05
598	1.11864e-05
599	1.07722e-05
600	1.10294e-05
601	1.04653e-05
602	1.07908e-05
603	1.10535e-05
604	1.054e-05
605	1.07145e-05
606	1.03303e-05
607	1.03849e-05
608	1.08569e-05
609	1.03973e-05
610	1.04562e-05
611	1.03242e-05
612	1.00143e-05
613	1.08209e-05
614	1.0488e-05
615	1.04185e-05
616	1.03442e-05
617	1.00957e-05
618	1.09815e-05
619	1.08273e-05
620	1.04589e-05
621	1.06909e-05
622	1.04542e-05
623	1.09999e-05
624	1.13449e-05
625	1.08217e-05
626	1.10399e-05
627	1.06969e-05
628	1.11924e-05
629	1.16146e-05
630	1.09594e-05
631	1.12694e-05
632	1.09413e-05
633	1.12187e-05
634	1.15046e-05
635	1.09794e-05
636	1.12479e-05
637	1.08462e-05
638	1.07864e-05
639	1.14705e-05
640	1.08344e-05
641	1.1145e-05
642	1.07701e-05
643	1.04893e-05
644	1.1397e-05
645	1.06846e-05
646	1.08765e-05
647	1.06354e-05
648	1.03501e-05
649	1.12081e-05
650	1.07321e-05
651	1.07924e-05
652	1.05237e-05
653	1.03575e-05
654	1.10502e-05
655	1.08516e-05
656	1.06024e-05
657	1.0509e-05
658	1.05171e-05
659	1.08897e-05
660	1.12082e-05
661	1.0632e-05
662	1.09289e-05
663	1.06466e-05
664	1.0889e-05
665	1.15473e-05
666	1.08266e-05
667	1.11705e-05
668	1.08161e-05
669	1.08582e-05
670	1.16451e-05
671	1.09821e-05
672	1.13954e-05
673	1.09916e-05
674	1.08642e-05
675	1.17466e-05
676	1.09696e-05
677	1.14327e-05
678	1.10338e-05
679	1.08563e-05
680	1.15573e-05
681	1.08815e-05
682	1.1163e-05
683	1.0782e-05
684	1.06969e-05
685	1.1318e-05
686	1.08586e-05
687	1.08963e-05
688	1.04933e-05
689	1.04824e-05
690	1.09331e-05
691	1.08155e-05
692	1.05561e-05
693	1.04199e-05
694	1.04266e-05
695	1.05679e-05
696	1.11837e-05
697	1.06497e-05
698	1.10054e-05
699	1.06656e-05
700	1.06437e-05
701	1.18774e-05
702	1.1073e-05
703	1.13903e-05
704	1.09014e-05
705	1.09711e-05
706	1.19651e-05
707	1.10127e-05
708	1.15184e-05
709	1.10075e-05
710	1.11268e-05
711	1.16887e-05
712	1.092e-05
713	1.14833e-05
714	1.09711e-05
715	1.10611e-05
716	1.15477e-05
717	1.08783e-05
718	1.12644e-05
719	1.08006e-05
720	1.07783e-05
721	1.12155e-05
722	1.10554e-05
723	1.10378e-05
724	1.07467e-05
725	1.05672e-05
726	1.07621e-05
727	1.1308e-05
728	1.08535e-05
729	1.08179e-05
730	1.05872e-05
731	1.06481e-05
732	1.14904e-05
733	1.08067e-05
734	1.11852e-05
735	1.06697e-05
736	1.07141e-05
737	1.16551e-05
738	1.08514e-05
739	1.14182e-05
740	1.06983e-05
741	1.09663e-05
742	1.17515e-05
743	1.07812e-05
744	1.14475e-05
745	1.087e-05
746	1.1053e-05
747	1.15571e-05
748	1.08817e-05
749	1.13569e-05
750	1.09845e-05
751	1.09482e-05
752	1.12592e-05
753	1.11875e-05
754	1.12434e-05
755	1.1006e-05
756	1.06986e-05
757	1.11199e-05
758	1.12448e-05
759	1.10481e-05
760	1.09726e-05
761	1.03599e-05
762	1.08368e-05
763	1.10537e-05
764	1.06174e-05
765	1.08585e-05
766	1.01778e-05
767	1.04594e-05
768	1.09528e-05
769	1.03307e-05
770	1.0825e-05
771	1.02089e-05
772	1.02537e-05
773	1.10063e-05
774	1.03959e-05
775	1.09773e-05
776	1.02706e-05
777	1.03038e-05
778	1.09681e-05
779	1.08243e-05
780	1.1079e-05
781	1.06044e-05
782	1.04738e-05
783	1.12135e-05
784	1.09395e-05
785	1.11495e-05
786	1.09078e-05
787	1.04744e-05
788	1.12372e-05
789	1.07536e-05
790	1.08928e-05
791	1.11284e-05
792	1.03124e-05
793	1.10575e-05
794	1.06771e-05
795	1.06778e-05
796	1.09435e-05
797	1.00971e-05
798	1.08e-05
799	1.05798e-05
800	1.05341e-05
801	1.07079e-05
802	9.8711e-06
803	1.049e-05
804	1.04701e-05
805	1.05253e-05
806	1.05283e-05
807	9.86237e-06
808	1.00526e-05
809	1.04507e-05
810	1.02693e-05
811	1.03101e-05
812	9.95028e-06
813	9.58771e-06
814	1.03421e-05
815	9.95245e-06
816	1.0155e-05
817	1.02184e-05
818	9.33782e-06
819	1.03076e-05
820	9.86563e-06
821	1.0228e-05
822	1.02451e-05
823	9.47971e-06
824	1.05172e-05
825	1.00013e-05
826	1.04668e-05
827	1.03726e-05
828	9.70692e-06
829	1.07664e-05
830	1.00116e-05
831	1.06416e-05
832	1.06233e-05
833	9.92561e-06
834	1.08931e-05
835	1.013e-05
836	1.06864e-05
837	1.06904e-05
838	9.86204e-06
839	1.0598e-05
840	1.02241e-05
841	1.03592e-05
842	1.04474e-05
843	9.80143e-06
844	1.0256e-05
845	1.02417e-05
846	1.0013e-05
847	1.01453e-05
848	9.56707e-06
849	9.93174e-06
850	9.98018e-06
851	9.46861e-06
852	1.00293e-05
853	9.49531e-06
854	9.61903e-06
855	9.67249e-06
856	9.06423e-06
857	9.91019e-06
858	9.43957e-06
859	9.3794e-06
860	9.52223e-06
861	8.93554e-06
862	9.70648e-06
863	9.46151e-06
864	9.1825e-06
865	9.59384e-06
866	9.00029e-06
867	9.55168e-06
868	9.68747e-06
869	9.10602e-06
870	9.94307e-06
871	9.26583e-06
872	9.64609e-06
873	9.95774e-06
874	9.22697e-06
875	1.03565e-05
876	9.77447e-06
877	9.55529e-06
878	1.00918e-05
879	9.56317e-06
880	1.05533e-05
881	9.9151e-06
882	9.65496e-06
883	1.02872e-05
884	9.91916e-06
885	1.05467e-05
886	9.93419e-06
887	9.97579e-06
888	1.0266e-05
889	1.01585e-05
890	1.03356e-05
891	9.88536e-06
892	1.01296e-05
893	1.0079e-05
894	1.01704e-05
895	1.01289e-05
896	9.91037e-06
897	1.02377e-05
898	9.77349e-06
899	1.01177e-05
900	1.01268e-05
901	9.9612e-06
902	1.01683e-05
903	9.62661e-06
904	1.01564e-05
905	1.01977e-05
906	1.0091e-05
907	1.01848e-05
908	9.68823e-06
909	1.00826e-05
910	1.02551e-05
911	1.01335e-05
912	1.00906e-05
913	9.77702e-06
914	1.00007e-05
915	1.04014e-05
916	1.01698e-05
917	1.00218e-05
918	9.97612e-06
919	9.91731e-06
920	1.05921e-05
921	1.04121e-05
922	1.00945e-05
923	1.03462e-05
924	1.00269e-05
925	1.08162e-05
926	1.0997e-05
927	1.0407e-05
928	1.07705e-05
929	1.03336e-05
930	1.10569e-05
931	1.13931e-05
932	1.07768e-05
933	1.10727e-05
934	1.06869e-05
935	1.11205e-05
936	1.13287e-05
937	1.08296e-05
938	1.11438e-05
939	1.07221e-05
940	1.10077e-05
941	1.12625e-05
942	1.07284e-05
943	1.09884e-05
944	1.06144e-05
945	1.0549e-05
946	1.11847e-05
947	1.06041e-05
948	1.08323e-05
949	1.05681e-05
950	1.02442e-05
951	1.11567e-05
952	1.06071e-05
953	1.06943e-05
954	1.05524e-05
955	1.02787e-05
956	1.12061e-05
957	1.0745e-05
958	1.07301e-05
959	1.05893e-05
960	1.04301e-05
961	1.11621e-05
962	1.10294e-05
963	1.06376e-05
964	1.07278e-05
965	1.06526e-05
966	1.10586e-05
967	1.14497e-05
968	1.07439e-05
969	1.1063e-05
970	1.07551e-05
971	1.09748e-05
972	1.16444e-05
973	1.08939e-05
974	1.13053e-05
975	1.09931e-05
976	1.09144e-05
977	1.17225e-05
978	1.10499e-05
979	1.14542e-05
980	1.10319e-05
981	1.08161e-05
982	1.16969e-05
983	1.09567e-05
984	1.13103e-05
985	1.09447e-05
986	1.07693e-05
987	1.14621e-05
988	1.0888e-05
989	1.10132e-05
990	1.06647e-05
991	1.06009e-05
992	1.11863e-05
993	1.08708e-05
994	1.07531e-05
995	1.05064e-05
996	1.04974e-05
997	1.08833e-05
998	1.10175e-05
999	1.05482e-05
1000	1.07277e-05
1001	1.05737e-05
1002	1.05959e-05
1003	1.14712e-05
1004	1.08419e-05
1005	1.11871e-05
1006	1.07183e-05
1007	1.0743e-05
1008	1.18895e-05
1009	1.09007e-05
1010	1.13711e-05
1011	1.09802e-05
1012	1.09454e-05
1013	1.16116e-05
1014	1.09197e-05
1015	1.14237e-05
1016	1.09377e-05
1017	1.09542e-05
1018	1.15133e-05
1019	1.08703e-05
1020	1.12076e-05
1021	1.07553e-05
1022	1.07709e-05
1023	1.12774e-05
1024	1.08672e-05
1025	1.09787e-05
1026	1.05441e-05
1027	1.04812e-05
1028	1.08277e-05
1029	1.09192e-05
1030	1.06332e-05
1031	1.05867e-05
1032	1.04482e-05
1033	1.04271e-05
1034	1.14179e-05
1035	1.0692e-05
1036	1.11025e-05
1037	1.06488e-05
1038	1.06244e-05
1039	1.17771e-05
1040	1.09303e-05
1041	1.13773e-05
1042	1.08214e-05
1043	1.09695e-05
1044	1.18287e-05
1045	1.08124e-05
1046	1.14068e-05
1047	1.09327e-05
1048	1.10981e-05
1049	1.1523e-05
1050	1.08095e-05
1051	1.13826e-05
1052	1.07994e-05
1053	1.08863e-05
1054	1.12978e-05
1055	1.08998e-05
1056	1.10989e-05
1057	1.07161e-05
1058	1.0574e-05
1059	1.088e-05
1060	1.11171e-05
1061	1.09412e-05
1062	1.07641e-05
1063	1.04264e-05
1064	1.06725e-05
1065	1.12503e-05
1066	1.0723e-05
1067	1.08501e-05
1068	1.04594e-05
1069	1.05037e-05
1070	1.13255e-05
1071	1.05621e-05
1072	1.11714e-05
1073	1.05185e-05
1074	1.06613e-05
1075	1.15009e-05
1076	1.07026e-05
1077	1.13612e-05
1078	1.05385e-05
1079	1.07885e-05
1080	1.15581e-05
1081	1.07485e-05
1082	1.12386e-05
1083	1.07172e-05
1084	1.07969e-05
1085	1.12702e-05
1086	1.0896e-05
1087	1.11709e-05
1088	1.09805e-05
1089	1.07892e-05
1090	1.11987e-05
1091	1.11715e-05
1092	1.11634e-05
1093	1.10737e-05
1094	1.05777e-05
1095	1.11238e-05
1096	1.10967e-05
1097	1.08959e-05
1098	1.10742e-05
1099	1.02454e-05
1100	1.08383e-05
1101	1.09704e-05
1102	1.05956e-05
1103	1.086e-05
1104	1.00977e-05
1105	1.04752e-05
1106	1.08869e-05
1107	1.03637e-05
1108	1.06727e-05
1109	1.00876e-05
1110	1.01334e-05
1111	1.07285e-05
1112	1.04556e-05
1113	1.0784e-05
1114	1.03e-05
1115	1.0094e-05
1116	1.08385e-05
1117	1.07324e-05
1118	1.10038e-05
1119	1.05918e-05
1120	1.02031e-05
1121	1.11025e-05
1122	1.07799e-05
1123	1.09989e-05
1124	1.0931e-05
1125	1.02542e-05
1126	1.125e-05
1127	1.06501e-05
1128	1.08632e-05
1129	1.10058e-05
1130	1.02234e-05
1131	1.11312e-05
1132	1.04691e-05
1133	1.06928e-05
1134	1.09394e-05
1135	1.01298e-05
1136	1.09276e-05
1137	1.03527e-05
1138	1.06887e-05
1139	1.08031e-05
1140	1.00093e-05
1141	1.06809e-05
1142	1.04973e-05
1143	1.06597e-05
1144	1.06431e-05
1145	9.9004e-06
1146	1.02473e-05
1147	1.04098e-05
1148	1.01894e-05
1149	1.02391e-05
1150	9.87093e-06
1151	9.74727e-06
1152	1.01221e-05
1153	9.7453e-06
1154	9.91243e-06
1155	9.70045e-06
1156	9.38669e-06
1157	9.94122e-06
1158	9.33057e-06
1159	9.88611e-06
1160	9.79264e-06
1161	9.21362e-06
1162	1.00625e-05
1163	9.25566e-06
1164	1.02026e-05
1165	1.01235e-05
1166	9.37516e-06
1167	1.03447e-05
1168	9.55611e-06
1169	1.05036e-05
1170	1.03227e-05
1171	9.59607e-06
1172	1.05744e-05
1173	9.94572e-06
1174	1.04672e-05
1175	1.03251e-05
1176	9.68568e-06
1177	1.06302e-05
1178	1.00523e-05
1179	1.01499e-05
1180	1.03308e-05
1181	9.49883e-06
1182	1.03918e-05
1183	9.96496e-06
1184	9.63904e-06
1185	1.02269e-05
1186	9.45318e-06
1187	1.00577e-05
1188	9.75399e-06
1189	9.321e-06
1190	1.01675e-05
1191	9.415e-06
1192	9.79729e-06
1193	9.54084e-06
1194	9.25786e-06
1195	9.89291e-06
1196	9.29813e-06
1197	9.57418e-06
1198	9.31121e-06
1199	9.24613e-06
1200	9.5222e-06
1201	9.29349e-06
1202	9.37817e-06
1203	9.39234e-06
1204	9.42156e-06
1205	9.24338e-06
1206	9.49007e-06
1207	9.4762e-06
1208	9.64895e-06
1209	9.64262e-06
1210	9.27506e-06
1211	9.9788e-06
1212	9.78717e-06
1213	1.00708e-05
1214	9.88406e-06
1215	9.56785e-06
1216	1.02721e-05
1217	1.02147e-05
1218	1.05532e-05
1219	1.00483e-05
1220	9.89271e-06
1221	1.03756e-05
1222	1.05734e-05
1223	1.0922e-05
1224	1.01747e-05
1225	1.04392e-05
1226	1.03696e-05
1227	1.07691e-05
1228	1.1044e-05
1229	1.03271e-05
1230	1.08026e-05
1231	1.02375e-05
1232	1.08336e-05
1233	1.0867e-05
1234	1.04597e-05
1235	1.09532e-05
1236	1.03535e-05
1237	1.09748e-05
1238	1.08624e-05
1239	1.06051e-05
1240	1.09104e-05
1241	1.02419e-05
1242	1.07371e-05
1243	1.08508e-05
1244	1.04976e-05
1245	1.06639e-05
1246	1.01243e-05
1247	1.04299e-05
1248	1.06988e-05
1249	1.02698e-05
1250	1.03488e-05
1251	1.0062e-05
1252	1.00299e-05
1253	1.06087e-05
1254	1.02752e-05
1255	1.03013e-05
1256	1.01924e-05
1257	9.91138e-06
1258	1.08505e-05
1259	1.05117e-05
1260	1.03388e-05
1261	1.03796e-05
1262	1.02092e-05
1263	1.10162e-05
1264	1.10551e-05
1265	1.05655e-05
1266	1.08765e-05
1267	1.05439e-05
1268	1.11123e-05
1269	1.15147e-05
1270	1.08358e-05
1271	1.10958e-05
1272	1.07523e-05
1273	1.11458e-05
1274	1.13565e-05
1275	1.08186e-05
1276	1.11168e-05
1277	1.06777e-05
1278	1.0877e-05
1279	1.123e-05
1280	1.07031e-05
1281	1.09893e-05
1282	1.06456e-05
1283	1.04264e-05
1284	1.12069e-05
1285	1.06054e-05
1286	1.08007e-05
1287	1.05528e-05
1288	1.02682e-05
1289	1.11802e-05
1290	1.06485e-05
1291	1.06775e-05
1292	1.04649e-05
1293	1.02014e-05
1294	1.09293e-05
1295	1.06586e-05
1296	1.04541e-05
1297	1.03466e-05
1298	1.02956e-05
1299	1.07214e-05
1300	1.09748e-05
1301	1.04695e-05
1302	1.07241e-05
1303	1.04646e-05
1304	1.07668e-05
1305	1.1346e-05
1306	1.06555e-05
1307	1.09857e-05
1308	1.06905e-05
1309	1.0886e-05
1310	1.13878e-05
1311	1.08304e-05
1312	1.12416e-05
1313	1.0925e-05
1314	1.07349e-05
1315	1.15799e-05
1316	1.09205e-05
1317	1.12508e-05
1318	1.08373e-05
1319	1.06995e-05
1320	1.14779e-05
1321	1.08433e-05
1322	1.1013e-05
1323	1.06252e-05
1324	1.04285e-05
1325	1.11409e-05
1326	1.07431e-05
1327	1.0776e-05
1328	1.04348e-05
1329	1.03396e-05
1330	1.09024e-05
1331	1.08383e-05
1332	1.04811e-05
1333	1.05053e-05
1334	1.04385e-05
1335	1.06581e-05
1336	1.11515e-05
1337	1.05891e-05
1338	1.09024e-05
1339	1.05449e-05
1340	1.06734e-05
1341	1.1577e-05
1342	1.07806e-05
1343	1.12272e-05
1344	1.09111e-05
1345	1.08496e-05
1346	1.17725e-05
1347	1.10134e-05
1348	1.14102e-05
1349	1.10555e-05
1350	1.09254e-05
1351	1.16762e-05
1352	1.09635e-05
1353	1.13332e-05
1354	1.08266e-05
1355	1.07886e-05
1356	1.14117e-05
1357	1.09266e-05
1358	1.10408e-05
1359	1.06199e-05
1360	1.05995e-05
1361	1.11473e-05
1362	1.08959e-05
1363	1.07745e-05
1364	1.05004e-05
1365	1.04696e-05
1366	1.07899e-05
1367	1.10625e-05
1368	1.05619e-05
1369	1.07619e-05
1370	1.05818e-05
1371	1.05031e-05
1372	1.15041e-05
1373	1.08566e-05
1374	1.1196e-05
1375	1.07744e-05
1376	1.0753e-05
1377	1.19959e-05
1378	1.10015e-05
1379	1.14329e-05
1380	1.10832e-05
1381	1.1109e-05
1382	1.17686e-05
1383	1.1038e-05
1384	1.14727e-05
1385	1.09832e-05
1386	1.10755e-05
1387	1.16074e-05
1388	1.09523e-05
1389	1.12913e-05
1390	1.07523e-05
1391	1.08164e-05
1392	1.13047e-05
1393	1.08861e-05
1394	1.09918e-05
1395	1.05359e-05
1396	1.04794e-05
1397	1.08238e-05
1398	1.09501e-05
1399	1.06964e-05
1400	1.05529e-05
1401	1.04485e-05
1402	1.04757e-05
1403	1.13471e-05
1404	1.06758e-05
1405	1.09485e-05
1406	1.06978e-05
1407	1.05863e-05
1408	1.16779e-05
1409	1.09277e-05
1410	1.13969e-05
1411	1.08228e-05
1412	1.09934e-05
1413	1.19274e-05
1414	1.09357e-05
1415	1.1512e-05
1416	1.09152e-05
1417	1.12217e-05
1418	1.17616e-05
1419	1.08557e-05
1420	1.15126e-05
1421	1.10083e-05
1422	1.10972e-05
1423	1.15049e-05
1424	1.10245e-05
1425	1.13653e-05
1426	1.09517e-05
1427	1.08797e-05
1428	1.12315e-05
1429	1.13452e-05
1430	1.11993e-05
1431	1.10023e-05
1432	1.05871e-05
1433	1.10065e-05
1434	1.13354e-05
1435	1.09764e-05
1436	1.08857e-05
1437	1.03292e-05
1438	1.06594e-05
1439	1.11143e-05
1440	1.05131e-05
1441	1.08129e-05
1442	1.02602e-05
1443	1.03764e-05
1444	1.1129e-05
1445	1.03949e-05
1446	1.10206e-05
1447	1.03233e-05
1448	1.04146e-05
1449	1.11756e-05
1450	1.06537e-05
1451	1.11904e-05
1452	1.05093e-05
1453	1.06054e-05
1454	1.12579e-05
1455	1.10143e-05
1456	1.12956e-05
1457	1.08982e-05
1458	1.07463e-05
1459	1.14636e-05
1460	1.10597e-05
1461	1.13041e-05
1462	1.12437e-05
1463	1.06864e-05
1464	1.14253e-05
1465	1.10005e-05
1466	1.10561e-05
1467	1.13452e-05
1468	1.0413e-05
1469	1.11481e-05
1470	1.08869e-05
1471	1.07526e-05
1472	1.09581e-05
1473	1.0056e-05
1474	1.07128e-05
1475	1.05773e-05
1476	1.05742e-05
1477	1.06935e-05
1478	9.90836e-06
1479	1.03344e-05
1480	1.04667e-05
1481	1.04262e-05
1482	1.04593e-05
1483	9.90251e-06
1484	9.87952e-06
1485	1.04005e-05
1486	1.0125e-05
1487	1.02521e-05
1488	1.00557e-05
1489	9.4311e-06
1490	1.03635e-05
1491	9.92487e-06
1492	1.01939e-05
1493	1.02379e-05
1494	9.36054e-06
1495	1.03372e-05
1496	9.9223e-06
1497	1.02736e-05
1498	1.02405e-05
1499	9.52161e-06
1500	1.06092e-05
1501	1.00131e-05
1502	1.04998e-05
1503	1.04924e-05
1504	9.80433e-06
1505	1.08797e-05
1506	1.00665e-05
1507	1.07415e-05
1508	1.07454e-05
1509	9.95218e-06
1510	1.083e-05
1511	1.01935e-05
1512	1.06062e-05
1513	1.06239e-05
1514	9.82918e-06
1515	1.04507e-05
1516	1.02328e-05
1517	1.01999e-05
1518	1.03024e-05
1519	9.66562e-06
1520	1.00191e-05
1521	1.00731e-05
1522	9.75781e-06
1523	9.97396e-06
1524	9.39484e-06
1525	9.66688e-06
1526	9.74159e-06
1527	9.19278e-06
1528	9.83741e-06
1529	9.38729e-06
1530	9.38212e-06
1531	9.52657e-06
1532	8.92482e-06
1533	9.78805e-06
1534	9.3753e-06
1535	9.21234e-06
1536	9.49064e-06
1537	8.85497e-06
1538	9.55669e-06
1539	9.46994e-06
1540	9.03256e-06
1541	9.65937e-06
1542	8.99126e-06
1543	9.5428e-06
1544	9.73139e-06
1545	8.96813e-06
1546	1.00213e-05
1547	9.37431e-06
1548	9.59849e-06
1549	9.86423e-06
1550	9.171e-06
1551	1.03823e-05
1552	9.75412e-06
1553	9.41383e-06
1554	1.0109e-05
1555	9.48456e-06
1556	1.04128e-05
1557	9.73176e-06
1558	9.58191e-06
1559	1.02016e-05
1560	9.83697e-06
1561	1.02098e-05
1562	9.72184e-06
1563	9.82531e-06
1564	1.00571e-05
1565	9.95194e-06
1566	9.98537e-06
1567	9.67673e-06
1568	9.92581e-06
1569	9.78739e-06
1570	9.89444e-06
1571	9.80778e-06
1572	9.79563e-06
1573	1.00026e-05
1574	9.49957e-06
1575	9.87808e-06
1576	9.90121e-06
1577	9.91615e-06
1578	1.00139e-05
1579	9.42632e-06
1580	9.96046e-06
1581	1.00118e-05
1582	1.00973e-05
1583	1.00464e-05
1584	9.54421e-06
1585	9.95731e-06
1586	1.00919e-05
1587	1.01619e-05
1588	9.88125e-06
1589	9.68302e-06
1590	9.95264e-06
1591	1.01678e-05
1592	1.02988e-05
1593	9.84875e-06
1594	1.01367e-05
1595	9.91396e-06
1596	1.03206e-05
1597	1.07057e-05
1598	1.01593e-05
1599	1.0562e-05
1600	9.90445e-06
1601	1.06313e-05
1602	1.10605e-05
1603	1.03461e-05
1604	1.07727e-05
1605	1.02085e-05
1606	1.08608e-05
1607	1.10567e-05
1608	1.0566e-05
1609	1.09275e-05
1610	1.03568e-05
1611	1.07864e-05
1612	1.10526e-05
1613	1.04906e-05
1614	1.08262e-05
1615	1.04019e-05
1616	1.05892e-05
1617	1.09109e-05
1618	1.0342e-05
1619	1.05247e-05
1620	1.02866e-05
1621	1.01593e-05
1622	1.0734e-05
1623	1.03182e-05
1624	1.04218e-05
1625	1.02726e-05
1626	9.91415e-06
1627	1.08348e-05
1628	1.05098e-05
1629	1.04361e-05
1630	1.03635e-05
1631	1.01299e-05
1632	1.10262e-05
1633	1.09289e-05
1634	1.05465e-05
1635	1.07027e-05
1636	1.05021e-05
1637	1.10346e-05
1638	1.1443e-05
1639	1.08378e-05
1640	1.10336e-05
1641	1.06949e-05
1642	1.11516e-05
1643	1.16e-05
1644	1.08688e-05
1645	1.11747e-05
1646	1.0873e-05
1647	1.10644e-05
1648	1.14714e-05
1649	1.09237e-05
1650	1.12106e-05
1651	1.08846e-05
1652	1.0692e-05
1653	1.15445e-05
1654	1.08743e-05
1655	1.11544e-05
1656	1.0805e-05
1657	1.05975e-05
1658	1.14907e-05
1659	1.08071e-05
1660	1.0927e-05
1661	1.06951e-05
1662	1.04615e-05
1663	1.12292e-05
1664	1.0783e-05
1665	1.07743e-05
1666	1.04736e-05
1667	1.04147e-05
1668	1.10233e-05
1669	1.08621e-05
1670	1.05311e-05
1671	1.04801e-05
1672	1.05194e-05
1673	1.08053e-05
1674	1.1204e-05
1675	1.05981e-05
1676	1.09059e-05
1677	1.0643e-05
1678	1.07565e-05
1679	1.16521e-05
1680	1.09449e-05
1681	1.12951e-05
1682	1.08604e-05
1683	1.08834e-05
1684	1.18652e-05
1685	1.10221e-05
1686	1.14732e-05
1687	1.10516e-05
1688	1.09147e-05
1689	1.16684e-05
1690	1.09227e-05
1691	1.14199e-05
1692	1.0943e-05
1693	1.0895e-05
1694	1.1517e-05
1695	1.08088e-05
1696	1.11002e-05
1697	1.07435e-05
1698	1.07342e-05
1699	1.12603e-05
1700	1.08714e-05
1701	1.09089e-05
1702	1.05273e-05
1703	1.0527e-05
1704	1.08345e-05
1705	1.09774e-05
1706	1.06921e-05
1707	1.06121e-05
1708	1.05352e-05
1709	1.05595e-05
1710	1.14692e-05
1711	1.07985e-05
1712	1.11079e-05
1713	1.06803e-05
1714	1.07154e-05
1715	1.18017e-05
1716	1.09785e-05
1717	1.13847e-05
1718	1.07616e-05
1719	1.09485e-05
1720	1.18397e-05
1721	1.08389e-05
1722	1.14533e-05
1723	1.09398e-05
1724	1.11436e-05
1725	1.16157e-05
1726	1.08728e-05
1727	1.15189e-05
1728	1.09783e-05
1729	1.10549e-05
1730	1.14896e-05
1731	1.10292e-05
1732	1.12931e-05
1733	1.08979e-05
1734	1.07625e-05
1735	1.1084e-05
1736	1.12482e-05
1737	1.10929e-05
1738	1.08866e-05
1739	1.05055e-05
1740	1.08177e-05
1741	1.12737e-05
1742	1.08294e-05
1743	1.0838e-05
1744	1.03893e-05
1745	1.0573e-05
1746	1.11856e-05
1747	1.054e-05
1748	1.10157e-05
1749	1.04644e-05
1750	1.05511e-05
1751	1.13493e-05
1752	1.06192e-05
1753	1.13144e-05
1754	1.05042e-05
1755	1.07123e-05
1756	1.14653e-05
1757	1.0781e-05
1758	1.12608e-05
1759	1.06658e-05
1760	1.07759e-05
1761	1.12993e-05
1762	1.0899e-05
1763	1.11896e-05
1764	1.09556e-05
1765	1.07686e-05
1766	1.11932e-05
1767	1.10334e-05
1768	1.11185e-05
1769	1.10708e-05
1770	1.05463e-05
1771	1.11244e-05
1772	1.0997e-05
1773	1.08812e-05
1774	1.11063e-05
1775	1.02113e-05
1776	1.08739e-05
1777	1.08781e-05
1778	1.05895e-05
1779	1.08146e-05
1780	9.98376e-06
1781	1.04593e-05
1782	1.07096e-05
1783	1.03164e-05
1784	1.05239e-05
1785	9.90994e-06
1786	1.00207e-05
1787	1.04712e-05
1788	1.0286e-05
1789	1.04943e-05
1790	1.00829e-05
1791	9.78544e-06
1792	1.05534e-05
1793	1.03916e-05
1794	1.06929e-05
1795	1.03183e-05
1796	9.87238e-06
1797	1.07878e-05
1798	1.04948e-05
1799	1.07481e-05
1800	1.07216e-05
1801	1.00169e-05
1802	1.1019e-05
1803	1.0465e-05
1804	1.06889e-05
1805	1.07814e-05
1806	1.00676e-05
1807	1.09948e-05
1808	1.02628e-05
1809	1.0546e-05
1810	1.0754e-05
1811	9.97146e-06
1812	1.07781e-05
1813	1.01369e-05
1814	1.05672e-05
1815	1.06449e-05
1816	9.86295e-06
1817	1.05163e-05
1818	1.03543e-05
1819	1.059e-05
1820	1.0514e-05
1821	9.81832e-06
1822	1.0158e-05
1823	1.03723e-05
1824	1.01777e-05
1825	1.01884e-05
1826	9.82614e-06
1827	9.74365e-06
1828	1.01133e-05
1829	9.73163e-06
1830	9.86539e-06
1831	9.66309e-06
1832	9.37014e-06
1833	9.88255e-06
1834	9.2411e-06
1835	9.81986e-06
1836	9.74609e-06
1837	9.10203e-06
1838	9.96866e-06
1839	9.13575e-06
1840	1.01246e-05
1841	9.99401e-06
1842	9.22857e-06
1843	1.01902e-05
1844	9.43579e-06
1845	1.03811e-05
1846	1.01641e-05
1847	9.4683e-06
1848	1.05127e-05
1849	9.85586e-06
1850	1.03149e-05
1851	1.02649e-05
1852	9.61341e-06
1853	1.05781e-05
1854	9.96253e-06
1855	1.00313e-05
1856	1.02691e-05
1857	9.42701e-06
1858	1.02526e-05
1859	9.85083e-06
1860	9.48514e-06
1861	1.00795e-05
1862	9.3422e-06
1863	9.8742e-06
1864	9.68108e-06
1865	9.26983e-06
1866	1.00097e-05
1867	9.43888e-06
1868	9.70205e-06
1869	9.54273e-06
1870	9.31591e-06
1871	9.81077e-06
1872	9.35435e-06
1873	9.54554e-06
1874	9.33204e-06
1875	9.28485e-06
1876	9.50221e-06
1877	9.2436e-06
1878	9.33828e-06
1879	9.30042e-06
1880	9.32512e-06
1881	9.22155e-06
1882	9.29788e-06
1883	9.37601e-06
1884	9.44071e-06
1885	9.4574e-06
1886	9.1152e-06
1887	9.64351e-06
1888	9.60814e-06
1889	9.74909e-06
1890	9.61777e-06
1891	9.34682e-06
1892	9.96384e-06
1893	9.88859e-06
1894	1.02437e-05
1895	9.8658e-06
1896	9.77456e-06
1897	1.01984e-05
1898	1.01985e-05
1899	1.07383e-05
1900	1.00985e-05
1901	1.02772e-05
1902	1.01689e-05
1903	1.05235e-05
1904	1.08933e-05
1905	1.02389e-05
1906	1.05894e-05
1907	1.00642e-05
1908	1.06176e-05
1909	1.08883e-05
1910	1.03312e-05
1911	1.07549e-05
1912	1.01955e-05
1913	1.07838e-05
1914	1.08525e-05
1915	1.04989e-05
1916	1.0862e-05
1917	1.02913e-05
1918	1.07298e-05
1919	1.08613e-05
1920	1.04993e-05
1921	1.0701e-05
1922	1.02908e-05
1923	1.05586e-05
1924	1.08593e-05
1925	1.04498e-05
1926	1.05276e-05
1927	1.02595e-05
1928	1.02231e-05
1929	1.08834e-05
1930	1.05019e-05
1931	1.05054e-05
1932	1.03773e-05
1933	1.01149e-05
1934	1.11571e-05
1935	1.06862e-05
1936	1.05942e-05
1937	1.05614e-05
1938	1.03021e-05
1939	1.13219e-05
1940	1.0916e-05
1941	1.06383e-05
1942	1.07128e-05
1943	1.05958e-05
1944	1.12386e-05
1945	1.13861e-05
1946	1.06807e-05
1947	1.10182e-05
1948	1.07134e-05
1949	1.11345e-05
1950	1.16186e-05
1951	1.08118e-05
1952	1.11604e-05
1953	1.09225e-05
1954	1.09246e-05
1955	1.1531e-05
1956	1.08777e-05
1957	1.13397e-05
1958	1.09595e-05
1959	1.08371e-05
1960	1.16763e-05
1961	1.09339e-05
1962	1.13097e-05
1963	1.10069e-05
1964	1.08035e-05
1965	1.15604e-05
1966	1.08794e-05
1967	1.11262e-05
1968	1.07841e-05
1969	1.07379e-05
1970	1.13207e-05
1971	1.08519e-05
1972	1.08942e-05
1973	1.05465e-05
1974	1.05537e-05
1975	1.10242e-05
1976	1.0829e-05
1977	1.06417e-05
1978	1.04729e-05
1979	1.05076e-05
1980	1.06933e-05
1981	1.12326e-05
1982	1.06823e-05
1983	1.09954e-05
1984	1.06562e-05
1985	1.06631e-05
1986	1.18191e-05
1987	1.09995e-05
1988	1.13278e-05
1989	1.08571e-05
1990	1.09164e-05
1991	1.18635e-05
1992	1.09561e-05
1993	1.1522e-05
1994	1.10368e-05
1995	1.10715e-05
1996	1.16663e-05
1997	1.0957e-05
1998	1.14678e-05
1999	1.10396e-05
2000	1.10953e-05
2001	1.15894e-05
2002	1.09333e-05
2003	1.12541e-05
2004	1.0803e-05
2005	1.08002e-05
2006	1.12119e-05
2007	1.10042e-05
2008	1.09997e-05
2009	1.06676e-05
2010	1.05337e-05
2011	1.07238e-05
2012	1.12083e-05
2013	1.08028e-05
2014	1.07821e-05
2015	1.05544e-05
2016	1.06354e-05
2017	1.15332e-05
2018	1.07981e-05
2019	1.12472e-05
2020	1.06328e-05
2021	1.07078e-05
2022	1.16425e-05
2023	1.08193e-05
2024	1.13776e-05
2025	1.06612e-05
2026	1.09095e-05
2027	1.16861e-05
2028	1.06896e-05
2029	1.1391e-05
2030	1.08563e-05
2031	1.09854e-05
2032	1.14206e-05
2033	1.07872e-05
2034	1.12623e-05
2035	1.08609e-05
2036	1.08285e-05
2037	1.1109e-05
2038	1.10589e-05
2039	1.11565e-05
2040	1.09135e-05
2041	1.0625e-05
2042	1.10242e-05
2043	1.12445e-05
2044	1.10495e-05
2045	1.09565e-05
2046	1.03955e-05
2047	1.08087e-05
2048	1.10944e-05
2049	1.06421e-05
2050	1.08353e-05
2051	1.02243e-05
2052	1.04608e-05
2053	1.10248e-05
2054	1.0378e-05
2055	1.09116e-05
2056	1.02604e-05
2057	1.03239e-05
2058	1.10564e-05
2059	1.04449e-05
2060	1.10382e-05
2061	1.03205e-05
2062	1.04156e-05
2063	1.10762e-05
2064	1.08587e-05
2065	1.11292e-05
2066	1.06796e-05
2067	1.0572e-05
2068	1.12632e-05
2069	1.09257e-05
2070	1.11472e-05
2071	1.09692e-05
2072	1.05108e-05
2073	1.11972e-05
2074	1.07631e-05
2075	1.08719e-05
2076	1.11348e-05
2077	1.0275e-05
2078	1.09848e-05
2079	1.07155e-05
2080	1.06529e-05
2081	1.0895e-05
2082	1.00102e-05
2083	1.07168e-05
2084	1.05547e-05
2085	1.0456e-05
2086	1.0676e-05
2087	9.85572e-06
2088	1.04119e-05
2089	1.04833e-05
2090	1.04735e-05
2091	1.05257e-05
2092	9.90218e-06
2093	1.00503e-05
2094	1.04952e-05
2095	1.03107e-05
2096	1.04029e-05
2097	1.00937e-05
2098	9.68161e-06
2099	1.05431e-05
2100	1.01001e-05
2101	1.03848e-05
2102	1.03587e-05
2103	9.51182e-06
2104	1.04972e-05
2105	1.00898e-05
2106	1.04158e-05
2107	1.04007e-05
2108	9.65342e-06
2109	1.07338e-05
2110	1.01928e-05
2111	1.0595e-05
2112	1.05606e-05
2113	9.84917e-06
2114	1.09098e-05
2115	1.01164e-05
2116	1.06916e-05
2117	1.07368e-05
2118	9.97604e-06
2119	1.08996e-05
2120	1.01751e-05
2121	1.0684e-05
2122	1.07069e-05
2123	9.89582e-06
2124	1.05813e-05
2125	1.02669e-05
2126	1.03683e-05
2127	1.0463e-05
2128	9.84037e-06
2129	1.02017e-05
2130	1.02171e-05
2131	9.98703e-06
2132	1.01202e-05
2133	9.5794e-06
2134	9.88527e-06
2135	9.96999e-06
2136	9.47109e-06
2137	1.00156e-05
2138	9.52712e-06
2139	9.639e-06
2140	9.74148e-06
2141	9.14597e-06
2142	9.99231e-06
2143	9.58847e-06
2144	9.48972e-06
2145	9.66694e-06
2146	9.06829e-06
2147	9.84209e-06
2148	9.63862e-06
2149	9.272e-06
2150	9.73306e-06
2151	9.10543e-06
2152	9.67441e-06
2153	9.77636e-06
2154	9.08901e-06
2155	9.98045e-06
2156	9.28995e-06
2157	9.69634e-06
2158	9.92142e-06
2159	9.16247e-06
2160	1.02815e-05
2161	9.73446e-06
2162	9.46409e-06
2163	1.0049e-05
2164	9.40363e-06
2165	1.04635e-05
2166	9.80401e-06
2167	9.4445e-06
2168	1.01795e-05
2169	9.66932e-06
2170	1.04348e-05
2171	9.7214e-06
2172	9.76117e-06
2173	1.01554e-05
2174	9.9653e-06
2175	1.02242e-05
2176	9.71466e-06
2177	1.00093e-05
2178	9.96908e-06
2179	1.00833e-05
2180	1.005e-05
2181	9.81854e-06
2182	1.01723e-05
2183	9.68132e-06
2184	1.01259e-05
2185	1.00794e-05
2186	9.96146e-06
2187	1.01598e-05
2188	9.58508e-06
2189	1.01985e-05
2190	1.01876e-05
2191	1.01494e-05
2192	1.01973e-05
2193	9.68517e-06
2194	1.01041e-05
2195	1.02829e-05
2196	1.01898e-05
2197	1.00852e-05
2198	9.79819e-06
2199	1.00207e-05
2200	1.0466e-05
2201	1.0161e-05
2202	1.00186e-05
2203	1.00673e-05
2204	9.90881e-06
2205	1.06968e-05
2206	1.04285e-05
2207	1.01515e-05
2208	1.03789e-05
2209	1.0123e-05
2210	1.09704e-05
2211	1.10168e-05
2212	1.04155e-05
2213	1.08518e-05
2214	1.04067e-05
2215	1.11093e-05
2216	1.13886e-05
2217	1.07703e-05
2218	1.10764e-05
2219	1.07155e-05
2220	1.11152e-05
2221	1.13061e-05
2222	1.0785e-05
2223	1.11463e-05
2224	1.06993e-05
2225	1.09345e-05
2226	1.1257e-05
2227	1.06844e-05
2228	1.09744e-05
2229	1.06444e-05
2230	1.04627e-05
2231	1.11817e-05
2232	1.05747e-05
2233	1.08121e-05
2234	1.05797e-05
2235	1.02779e-05
2236	1.11971e-05
2237	1.06515e-05
2238	1.06943e-05
2239	1.05866e-05
2240	1.03073e-05
2241	1.11361e-05
2242	1.0767e-05
2243	1.06708e-05
2244	1.0528e-05
2245	1.04494e-05
2246	1.10673e-05
2247	1.10754e-05
2248	1.05745e-05
2249	1.07442e-05
2250	1.06198e-05
2251	1.09412e-05
2252	1.14238e-05
2253	1.07369e-05
2254	1.10069e-05
2255	1.07118e-05
2256	1.08803e-05
2257	1.15502e-05
2258	1.0858e-05
2259	1.1292e-05
2260	1.09121e-05
2261	1.08199e-05
2262	1.16574e-05
2263	1.09786e-05
2264	1.13491e-05
2265	1.09596e-05
2266	1.07321e-05
2267	1.15637e-05
2268	1.08566e-05
2269	1.11493e-05
2270	1.07801e-05
2271	1.06176e-05
2272	1.1297e-05
2273	1.07766e-05
2274	1.08602e-05
2275	1.0527e-05
2276	1.04514e-05
2277	1.09978e-05
2278	1.07312e-05
2279	1.05344e-05
2280	1.0408e-05
2281	1.04056e-05
2282	1.06717e-05
2283	1.10506e-05
2284	1.05117e-05
2285	1.08683e-05
2286	1.05481e-05
2287	1.05712e-05
2288	1.15864e-05
2289	1.08967e-05
2290	1.12471e-05
2291	1.08049e-05
2292	1.08434e-05
2293	1.18827e-05
2294	1.09588e-05
2295	1.14589e-05
2296	1.10428e-05
2297	1.09795e-05
2298	1.16064e-05
2299	1.09113e-05
2300	1.13424e-05
2301	1.07999e-05
2302	1.08614e-05
2303	1.14007e-05
2304	1.07846e-05
2305	1.10491e-05
2306	1.05811e-05
2307	1.05955e-05
2308	1.10981e-05
2309	1.08079e-05
2310	1.08195e-05
2311	1.04278e-05
2312	1.03633e-05
2313	1.06527e-05
2314	1.09281e-05
2315	1.05378e-05
2316	1.06417e-05
2317	1.04795e-05
2318	1.03772e-05
2319	1.15021e-05
2320	1.06808e-05
2321	1.11516e-05
2322	1.06571e-05
2323	1.06455e-05
2324	1.17664e-05
2325	1.08512e-05
2326	1.1319e-05
2327	1.07827e-05
2328	1.0999e-05
2329	1.17387e-05
2330	1.07433e-05
2331	1.14189e-05
2332	1.09394e-05
2333	1.10838e-05
2334	1.15119e-05
2335	1.08632e-05
2336	1.13911e-05
2337	1.08198e-05
2338	1.08927e-05
2339	1.13132e-05
2340	1.10216e-05
2341	1.11374e-05
2342	1.07463e-05
2343	1.05867e-05
2344	1.08752e-05
2345	1.12437e-05
2346	1.09565e-05
2347	1.07709e-05
2348	1.04554e-05
2349	1.06636e-05
2350	1.12611e-05
2351	1.06526e-05
2352	1.08978e-05
2353	1.04756e-05
2354	1.05234e-05
2355	1.14115e-05
2356	1.05843e-05
2357	1.12203e-05
2358	1.05175e-05
2359	1.06858e-05
2360	1.15632e-05
2361	1.07692e-05
2362	1.13752e-05
2363	1.06055e-05
2364	1.08285e-05
2365	1.15876e-05
2366	1.08202e-05
2367	1.12999e-05
2368	1.08374e-05
2369	1.08793e-05
2370	1.12753e-05
2371	1.0999e-05
2372	1.11994e-05
2373	1.10157e-05
2374	1.0799e-05
2375	1.12112e-05
2376	1.11952e-05
2377	1.11776e-05
2378	1.10972e-05
2379	1.05758e-05
2380	1.11431e-05
2381	1.11526e-05
2382	1.09242e-05
2383	1.11145e-05
2384	1.03086e-05
2385	1.08747e-05
2386	1.10628e-05
2387	1.06569e-05
2388	1.09138e-05
2389	1.01945e-05
2390	1.05468e-05
2391	1.097e-05
2392	1.04593e-05
2393	1.07657e-05
2394	1.01759e-05
2395	1.01855e-05
2396	1.08078e-05
2397	1.05631e-05
2398	1.08387e-05
2399	1.03569e-05
2400	1.0129e-05
2401	1.09284e-05
2402	1.07603e-05
2403	1.10534e-05
2404	1.06471e-05
2405	1.02407e-05
2406	1.11785e-05
2407	1.08161e-05
2408	1.09992e-05
2409	1.09706e-05
2410	1.02399e-05
2411	1.12733e-05
2412	1.06103e-05
2413	1.08284e-05
2414	1.09712e-05
2415	1.01583e-05
2416	1.10534e-05
2417	1.03649e-05
2418	1.062e-05
2419	1.08579e-05
2420	1.00462e-05
2421	1.08415e-05
2422	1.02709e-05
2423	1.06372e-05
2424	1.07416e-05
2425	9.96587e-06
2426	1.05841e-05
2427	1.04532e-05
2428	1.05474e-05
2429	1.05697e-05
2430	9.93499e-06
2431	1.02047e-05
2432	1.04202e-05
2433	1.01857e-05
2434	1.02757e-05
2435	9.92612e-06
2436	9.81246e-06
2437	1.01994e-05
2438	9.77042e-06
2439	9.9755e-06
2440	9.70801e-06
2441	9.42237e-06
2442	9.93704e-06
2443	9.2712e-06
2444	9.8904e-06
2445	9.80908e-06
2446	9.16948e-06
2447	9.99346e-06
2448	9.21468e-06
2449	1.01632e-05
2450	1.00858e-05
2451	9.31484e-06
2452	1.02702e-05
2453	9.53115e-06
2454	1.03432e-05
2455	1.02444e-05
2456	9.5063e-06
2457	1.04207e-05
2458	9.88764e-06
2459	1.02806e-05
2460	1.02246e-05
2461	9.52985e-06
2462	1.04925e-05
2463	9.9551e-06
2464	9.94105e-06
2465	1.02264e-05
2466	9.37442e-06
2467	1.02558e-05
2468	9.82817e-06
2469	9.42806e-06
2470	1.01418e-05
2471	9.36424e-06
2472	9.90165e-06
2473	9.56749e-06
2474	9.22735e-06
2475	1.0048e-05
2476	9.31556e-06
2477	9.6854e-06
2478	9.38184e-06
2479	9.28232e-06
2480	9.79427e-06
2481	9.29869e-06
2482	9.52189e-06
2483	9.36735e-06
2484	9.37647e-06
2485	9.52499e-06
2486	9.42397e-06
2487	9.46599e-06
2488	9.58703e-06
2489	9.62149e-06
2490	9.25512e-06
2491	9.73946e-06
2492	9.66052e-06
2493	9.84714e-06
2494	9.74442e-06
2495	9.3934e-06
2496	1.01445e-05
2497	9.96031e-06
2498	1.0264e-05
2499	1.00262e-05
2500	9.64892e-06
2501	1.03347e-05
2502	1.03657e-05
2503	1.07416e-05
2504	1.00817e-05
2505	1.00842e-05
2506	1.04505e-05
2507	1.06512e-05
2508	1.09673e-05
2509	1.02091e-05
2510	1.05429e-05
2511	1.02583e-05
2512	1.06979e-05
2513	1.08183e-05
2514	1.02458e-05
2515	1.07782e-05
2516	1.014e-05
2517	1.06702e-05
2518	1.06528e-05
2519	1.0302e-05
2520	1.07371e-05
2521	1.00989e-05
2522	1.07277e-05
2523	1.07064e-05
2524	1.04003e-05
2525	1.06838e-05
2526	1.00652e-05
2527	1.05051e-05
2528	1.06509e-05
2529	1.02963e-05
2530	1.04695e-05
2531	1.00215e-05
2532	1.02429e-05
2533	1.05499e-05
2534	1.01753e-05
2535	1.02436e-05
2536	1.002e-05
2537	9.93059e-06
2538	1.05601e-05
2539	1.02594e-05
2540	1.02389e-05
2541	1.01203e-05
2542	9.85092e-06
2543	1.07479e-05
2544	1.05346e-05
2545	1.02193e-05
2546	1.03755e-05
2547	1.01664e-05
2548	1.08601e-05
2549	1.1103e-05
2550	1.05619e-05
2551	1.08229e-05
2552	1.04327e-05
2553	1.09946e-05
2554	1.13953e-05
2555	1.07473e-05
2556	1.10531e-05
2557	1.07125e-05
2558	1.10741e-05
2559	1.12647e-05
2560	1.07533e-05
2561	1.10267e-05
2562	1.05766e-05
2563	1.07281e-05
2564	1.11636e-05
2565	1.0606e-05
2566	1.0869e-05
2567	1.055e-05
2568	1.03139e-05
2569	1.11095e-05
2570	1.05397e-05
2571	1.07003e-05
2572	1.04614e-05
2573	1.01991e-05
2574	1.11148e-05
2575	1.06336e-05
2576	1.06511e-05
2577	1.04605e-05
2578	1.02335e-05
2579	1.09316e-05
2580	1.08008e-05
2581	1.04846e-05
2582	1.05042e-05
2583	1.04287e-05
2584	1.07812e-05
2585	1.11689e-05
2586	1.06224e-05
2587	1.08467e-05
2588	1.05407e-05
2589	1.08527e-05
2590	1.13844e-05
2591	1.0684e-05
2592	1.10148e-05
2593	1.07303e-05
2594	1.08619e-05
2595	1.13735e-05
2596	1.08413e-05
2597	1.12329e-05
2598	1.0896e-05
2599	1.06726e-05
2600	1.15978e-05
2601	1.09112e-05
2602	1.11747e-05
2603	1.07753e-05
2604	1.06104e-05
2605	1.14186e-05
2606	1.08363e-05
2607	1.09546e-05
2608	1.05926e-05
2609	1.03994e-05
2610	1.11108e-05
2611	1.07888e-05
2612	1.07192e-05
2613	1.04817e-05
2614	1.04015e-05
2615	1.09054e-05
2616	1.0967e-05
2617	1.05371e-05
2618	1.0687e-05
2619	1.05433e-05
2620	1.07676e-05
2621	1.13382e-05
2622	1.0766e-05
2623	1.10373e-05
2624	1.0731e-05
2625	1.08817e-05
2626	1.16729e-05
2627	1.09273e-05
2628	1.13819e-05
2629	1.10998e-05
2630	1.10078e-05
2631	1.18752e-05
2632	1.11503e-05
2633	1.1506e-05
2634	1.11224e-05
2635	1.0991e-05
2636	1.17416e-05
2637	1.10355e-05
2638	1.131e-05
2639	1.08199e-05
2640	1.07297e-05
2641	1.13747e-05
2642	1.09156e-05
2643	1.09922e-05
2644	1.05833e-05
2645	1.05472e-05
2646	1.10946e-05
2647	1.09053e-05
2648	1.06502e-05
2649	1.04997e-05
2650	1.04659e-05
2651	1.07447e-05
2652	1.11757e-05
2653	1.05901e-05
2654	1.09023e-05
2655	1.06095e-05
2656	1.06088e-05
2657	1.16248e-05
2658	1.09156e-05
2659	1.12431e-05
2660	1.08419e-05
2661	1.08382e-05
2662	1.19739e-05
2663	1.09956e-05
2664	1.14426e-05
2665	1.11034e-05
2666	1.1092e-05
2667	1.17416e-05
2668	1.09865e-05
2669	1.14525e-05
2670	1.09291e-05
2671	1.10179e-05
2672	1.15509e-05
2673	1.09019e-05
2674	1.12186e-05
2675	1.07351e-05
2676	1.07865e-05
2677	1.12905e-05
2678	1.09182e-05
2679	1.09829e-05
2680	1.05499e-05
2681	1.05035e-05
2682	1.08148e-05
2683	1.10516e-05
2684	1.07381e-05
2685	1.06479e-05
2686	1.04959e-05
2687	1.05203e-05
2688	1.14679e-05
2689	1.07459e-05
2690	1.10503e-05
2691	1.07083e-05
2692	1.06619e-05
2693	1.17212e-05
2694	1.09433e-05
2695	1.13833e-05
2696	1.07785e-05
2697	1.10043e-05
2698	1.18921e-05
2699	1.08644e-05
2700	1.14813e-05
2701	1.09181e-05
2702	1.11738e-05
2703	1.16783e-05
2704	1.08436e-05
2705	1.14762e-05
2706	1.09699e-05
2707	1.10249e-05
2708	1.14076e-05
2709	1.10191e-05
2710	1.12946e-05
2711	1.09467e-05
2712	1.07934e-05
2713	1.11288e-05
2714	1.12794e-05
2715	1.11236e-05
2716	1.09428e-05
2717	1.04887e-05
2718	1.09045e-05
2719	1.12207e-05
2720	1.08414e-05
2721	1.08266e-05
2722	1.02591e-05
2723	1.05959e-05
2724	1.10658e-05
2725	1.04432e-05
2726	1.08556e-05
2727	1.02884e-05
2728	1.03552e-05
2729	1.11485e-05
2730	1.04006e-05
2731	1.10309e-05
2732	1.02676e-05
2733	1.03785e-05
2734	1.11348e-05
2735	1.06733e-05
2736	1.11274e-05
2737	1.05183e-05
2738	1.05549e-05
2739	1.12227e-05
2740	1.09604e-05
2741	1.11937e-05
2742	1.08727e-05
2743	1.06508e-05
2744	1.13473e-05
2745	1.09672e-05
2746	1.11383e-05
2747	1.11924e-05
2748	1.05549e-05
2749	1.12848e-05
2750	1.09269e-05
2751	1.09354e-05
2752	1.12158e-05
2753	1.02814e-05
2754	1.09994e-05
2755	1.08364e-05
2756	1.06357e-05
2757	1.08708e-05
2758	9.97827e-06
2759	1.05933e-05
2760	1.05348e-05
2761	1.04544e-05
2762	1.06035e-05
2763	9.84719e-06
2764	1.01989e-05
2765	1.04363e-05
2766	1.03563e-05
2767	1.03998e-05
2768	9.94514e-06
2769	9.79932e-06
2770	1.0425e-05
2771	1.01493e-05
2772	1.03568e-05
2773	1.01827e-05
2774	9.50081e-06
2775	1.04653e-05
2776	1.00648e-05
2777	1.03622e-05
2778	1.03607e-05
2779	9.57779e-06
2780	1.05701e-05
2781	1.01574e-05
2782	1.04316e-05
2783	1.03846e-05
2784	9.70504e-06
2785	1.07559e-05
2786	1.00709e-05
2787	1.04892e-05
2788	1.05217e-05
2789	9.8593e-06
2790	1.0874e-05
2791	1.004e-05
2792	1.06432e-05
2793	1.07096e-05
2794	9.88946e-06
2795	1.06672e-05
2796	1.01745e-05
2797	1.05181e-05
2798	1.05341e-05
2799	9.79379e-06
2800	1.03146e-05
2801	1.02529e-05
2802	1.01597e-05
2803	1.02211e-05
2804	9.66863e-06
2805	9.91301e-06
2806	1.00361e-05
2807	9.71078e-06
2808	9.89744e-06
2809	9.41876e-06
2810	9.5276e-06
2811	9.70523e-06
2812	9.1367e-06
2813	9.79385e-06
2814	9.4563e-06
2815	9.35262e-06
2816	9.65685e-06
2817	8.98328e-06
2818	9.87894e-06
2819	9.60886e-06
2820	9.2398e-06
2821	9.7745e-06
2822	9.02864e-06
2823	9.8676e-06
2824	9.84241e-06
2825	9.18788e-06
2826	1.00972e-05
2827	9.35378e-06
2828	1.00023e-05
2829	9.98334e-06
2830	9.26427e-06
2831	1.03472e-05
2832	9.72572e-06
2833	9.76449e-06
2834	1.00279e-05
2835	9.2406e-06
2836	1.04013e-05
2837	9.78854e-06
2838	9.47405e-06
2839	1.01848e-05
2840	9.4913e-06
2841	1.02232e-05
2842	9.72297e-06
2843	9.53014e-06
2844	1.01765e-05
2845	9.74592e-06
2846	1.00074e-05
2847	9.67192e-06
2848	9.69268e-06
2849	9.99296e-06
2850	9.78364e-06
2851	9.8167e-06
2852	9.59459e-06
2853	9.78096e-06
2854	9.7107e-06
2855	9.68533e-06
2856	9.67084e-06
2857	9.62621e-06
2858	9.79421e-06
2859	9.37064e-06
2860	9.64286e-06
2861	9.72941e-06
2862	9.69904e-06
2863	9.79786e-06
2864	9.29029e-06
2865	9.79892e-06
2866	9.8211e-06
2867	9.93211e-06
2868	9.86423e-06
2869	9.51413e-06
2870	9.92506e-06
2871	1.00461e-05
2872	1.01517e-05
2873	9.92762e-06
2874	9.8045e-06
2875	1.00787e-05
2876	1.02687e-05
2877	1.04891e-05
2878	9.93563e-06
2879	1.02313e-05
2880	1.00104e-05
2881	1.03691e-05
2882	1.08027e-05
2883	1.01584e-05
2884	1.05309e-05
2885	9.79807e-06
2886	1.04781e-05
2887	1.10538e-05
2888	1.02395e-05
2889	1.0667e-05
2890	1.00681e-05
2891	1.06884e-05
2892	1.10539e-05
2893	1.04458e-05
2894	1.08474e-05
2895	1.03241e-05
2896	1.06779e-05
2897	1.10357e-05
2898	1.04008e-05
2899	1.07388e-05
2900	1.04231e-05
2901	1.05273e-05
2902	1.09129e-05
2903	1.03049e-05
2904	1.05066e-05
2905	1.03906e-05
2906	1.01665e-05
2907	1.08454e-05
2908	1.03172e-05
2909	1.04728e-05
2910	1.03265e-05
2911	1.00096e-05
2912	1.093e-05
2913	1.05672e-05
2914	1.05307e-05
2915	1.04323e-05
2916	1.01897e-05
2917	1.11381e-05
2918	1.08859e-05
2919	1.06279e-05
2920	1.06055e-05
2921	1.05168e-05
2922	1.11442e-05
2923	1.13938e-05
2924	1.07289e-05
2925	1.09844e-05
2926	1.07125e-05
2927	1.11291e-05
2928	1.16984e-05
2929	1.08831e-05
2930	1.1154e-05
2931	1.08925e-05
2932	1.09477e-05
2933	1.16018e-05
2934	1.09494e-05
2935	1.13562e-05
2936	1.09777e-05
2937	1.08635e-05
2938	1.17227e-05
2939	1.10146e-05
2940	1.13589e-05
2941	1.10435e-05
2942	1.08235e-05
2943	1.1666e-05
2944	1.09338e-05
2945	1.1189e-05
2946	1.08724e-05
2947	1.07861e-05
2948	1.14349e-05
2949	1.08844e-05
2950	1.09139e-05
2951	1.05917e-05
2952	1.05903e-05
2953	1.10795e-05
2954	1.08417e-05
2955	1.06817e-05
2956	1.04632e-05
2957	1.05216e-05
2958	1.07364e-05
2959	1.11245e-05
2960	1.06392e-05
2961	1.08596e-05
2962	1.06629e-05
2963	1.0645e-05
2964	1.17389e-05
2965	1.09699e-05
2966	1.13182e-05
2967	1.08221e-05
2968	1.09137e-05
2969	1.1902e-05
2970	1.09819e-05
2971	1.1467e-05
2972	1.09215e-05
2973	1.10535e-05
2974	1.16289e-05
2975	1.08635e-05
2976	1.14495e-05
2977	1.0992e-05
2978	1.1037e-05
2979	1.15375e-05
2980	1.08283e-05
2981	1.12882e-05
2982	1.08171e-05
2983	1.08532e-05
2984	1.12666e-05
2985	1.10087e-05
2986	1.10927e-05
2987	1.07871e-05
2988	1.06161e-05
2989	1.08812e-05
2990	1.12898e-05
2991	1.09974e-05
2992	1.07861e-05
2993	1.04867e-05
2994	1.07243e-05
2995	1.12886e-05
2996	1.07338e-05
2997	1.09256e-05
2998	1.04523e-05
2999	1.05339e-05
3000	1.13912e-05
3001	1.05903e-05
3002	1.12391e-05
3003	1.04822e-05
3004	1.06706e-05
3005	1.15108e-05
3006	1.06877e-05
3007	1.13746e-05
3008	1.06508e-05
3009	1.08697e-05
3010	1.15561e-05
3011	1.08023e-05
3012	1.13715e-05
3013	1.09923e-05
3014	1.09996e-05
3015	1.1322e-05
3016	1.11283e-05
3017	1.13235e-05
3018	1.11266e-05
3019	1.08635e-05
3020	1.12846e-05
3021	1.12694e-05
3022	1.11976e-05
3023	1.11406e-05
3024	1.04847e-05
3025	1.11095e-05
3026	1.108e-05
3027	1.07959e-05
3028	1.09917e-05
3029	1.01394e-05
3030	1.0649e-05
3031	1.09172e-05
3032	1.04317e-05
3033	1.07322e-05
3034	1.00522e-05
3035	1.03038e-05
3036	1.07868e-05
3037	1.031e-05
3038	1.06797e-05
3039	1.01561e-05
3040	1.00471e-05
3041	1.0697e-05
3042	1.0534e-05
3043	1.08015e-05
3044	1.02995e-05
3045	1.00562e-05
3046	1.08441e-05
3047	1.06632e-05
3048	1.09623e-05
3049	1.06198e-05
3050	1.0162e-05
3051	1.10792e-05
3052	1.06164e-05
3053	1.08221e-05
3054	1.09004e-05
3055	1.01399e-05
3056	1.10727e-05
3057	1.04315e-05
3058	1.06503e-05
3059	1.09165e-05
3060	1.00795e-05
3061	1.08889e-05
3062	1.0334e-05
3063	1.05598e-05
3064	1.07714e-05
3065	9.96134e-06
3066	1.07157e-05
3067	1.03646e-05
3068	1.06239e-05
3069	1.06571e-05
3070	9.91184e-06
3071	1.03936e-05
3072	1.04504e-05
3073	1.04698e-05
3074	1.04299e-05
3075	9.8502e-06
3076	9.89492e-06
3077	1.03036e-05
3078	9.97955e-06
3079	1.00744e-05
3080	9.91784e-06
3081	9.49987e-06
3082	1.01535e-05
3083	9.67992e-06
3084	9.9261e-06
3085	9.95226e-06
3086	9.23373e-06
3087	1.01802e-05
3088	9.49463e-06
3089	1.01677e-05
3090	1.00906e-05
3091	9.34887e-06
3092	1.03122e-05
3093	9.61074e-06
3094	1.04952e-05
3095	1.02428e-05
3096	9.55446e-06
3097	1.05818e-05
3098	9.86184e-06
3099	1.05533e-05
3100	1.04166e-05
3101	9.72515e-06
3102	1.06825e-05
3103	1.00247e-05
3104	1.03513e-05
3105	1.04435e-05
3106	9.71856e-06
3107	1.04821e-05
3108	1.00585e-05
3109	9.98389e-06
3110	1.02792e-05
3111	9.47674e-06
3112	1.00692e-05
3113	9.92128e-06
3114	9.46432e-06
3115	1.0082e-05
3116	9.38257e-06
3117	9.79884e-06
3118	9.69197e-06
3119	9.17034e-06
3120	9.9688e-06
3121	9.30621e-06
3122	9.51289e-06
3123	9.40724e-06
3124	9.04306e-06
3125	9.65501e-06
3126	9.20907e-06
3127	9.2915e-06
3128	9.28916e-06
3129	9.09079e-06
3130	9.3968e-06
3131	9.26546e-06
3132	9.22793e-06
3133	9.49183e-06
3134	9.29174e-06
3135	9.2601e-06
3136	9.46828e-06
3137	9.30694e-06
3138	9.77945e-06
3139	9.57722e-06
3140	9.17943e-06
3141	9.94309e-06
3142	9.62012e-06
3143	1.02318e-05
3144	9.79101e-06
3145	9.63105e-06
3146	1.01871e-05
3147	1.00419e-05
3148	1.07228e-05
3149	1.00993e-05
3150	1.00907e-05
3151	1.02875e-05
3152	1.03512e-05
3153	1.08198e-05
3154	1.01102e-05
3155	1.03594e-05
3156	1.02642e-05
3157	1.0526e-05
3158	1.06602e-05
3159	1.01996e-05
3160	1.06019e-05
3161	9.95893e-06
3162	1.05278e-05
3163	1.06234e-05
3164	1.01747e-05
3165	1.05335e-05
3166	9.90445e-06
3167	1.05094e-05
3168	1.05962e-05
3169	1.01714e-05
3170	1.04798e-05
3171	9.94329e-06
3172	1.02897e-05
3173	1.0488e-05
3174	1.01224e-05
3175	1.02591e-05
3176	9.97418e-06
3177	1.0124e-05
3178	1.05271e-05
3179	1.01066e-05
3180	1.01568e-05
3181	1.00717e-05
3182	9.93421e-06
3183	1.0603e-05
3184	1.03021e-05
3185	1.02704e-05
3186	1.02352e-05
3187	9.92823e-06
3188	1.09602e-05
3189	1.06288e-05
3190	1.03764e-05
3191	1.04519e-05
3192	1.02356e-05
3193	1.11033e-05
3194	1.11042e-05
3195	1.05942e-05
3196	1.08469e-05
3197	1.05839e-05
3198	1.11042e-05
3199	1.15286e-05
3200	1.08113e-05
3201	1.10868e-05
3202	1.07553e-05
3203	1.10934e-05
3204	1.14323e-05
3205	1.07841e-05
3206	1.11647e-05
3207	1.08681e-05
3208	1.08483e-05
3209	1.14082e-05
3210	1.08447e-05
3211	1.12183e-05
3212	1.08812e-05
3213	1.06382e-05
3214	1.15071e-05
3215	1.07763e-05
3216	1.1034e-05
3217	1.07897e-05
3218	1.05592e-05
3219	1.13371e-05
3220	1.07612e-05
3221	1.08796e-05
3222	1.05801e-05
3223	1.04906e-05
3224	1.11425e-05
3225	1.07892e-05
3226	1.07113e-05
3227	1.04529e-05
3228	1.04811e-05
3229	1.09777e-05
3230	1.09738e-05
3231	1.05409e-05
3232	1.0641e-05
3233	1.05982e-05
3234	1.06986e-05
3235	1.14599e-05
3236	1.08014e-05
3237	1.11402e-05
3238	1.0717e-05
3239	1.07449e-05
3240	1.18772e-05
3241	1.09529e-05
3242	1.13548e-05
3243	1.09209e-05
3244	1.09028e-05
3245	1.16807e-05
3246	1.09321e-05
3247	1.14551e-05
3248	1.09784e-05
3249	1.08891e-05
3250	1.1554e-05
3251	1.08518e-05
3252	1.124e-05
3253	1.08563e-05
3254	1.08862e-05
3255	1.14077e-05
3256	1.08753e-05
3257	1.10263e-05
3258	1.06169e-05
3259	1.06206e-05
3260	1.1012e-05
3261	1.09566e-05
3262	1.08275e-05
3263	1.06047e-05
3264	1.05374e-05
3265	1.06605e-05
3266	1.12835e-05
3267	1.07368e-05
3268	1.0895e-05
3269	1.06205e-05
3270	1.05989e-05
3271	1.16875e-05
3272	1.08776e-05
3273	1.13175e-05
3274	1.06842e-05
3275	1.08157e-05
3276	1.17551e-05
3277	1.07971e-05
3278	1.137e-05
3279	1.07799e-05
3280	1.10456e-05
3281	1.163e-05
3282	1.07375e-05
3283	1.14257e-05
3284	1.09359e-05
3285	1.10103e-05
3286	1.14501e-05
3287	1.08854e-05
3288	1.12456e-05
3289	1.0825e-05
3290	1.07549e-05
3291	1.10578e-05
3292	1.10935e-05
3293	1.10581e-05
3294	1.0813e-05
3295	1.04796e-05
3296	1.08087e-05
3297	1.11814e-05
3298	1.08766e-05
3299	1.0775e-05
3300	1.03464e-05
3301	1.05906e-05
3302	1.1055e-05
3303	1.05168e-05
3304	1.08491e-05
3305	1.03427e-05
3306	1.04404e-05
3307	1.12179e-05
3308	1.04591e-05
3309	1.11833e-05
3310	1.04039e-05
3311	1.05732e-05
3312	1.13645e-05
3313	1.06953e-05
3314	1.12622e-05
3315	1.05418e-05
3316	1.06952e-05
3317	1.13273e-05
3318	1.08677e-05
3319	1.12061e-05
3320	1.08709e-05
3321	1.07555e-05
3322	1.12445e-05
3323	1.09849e-05
3324	1.11582e-05
3325	1.10882e-05
3326	1.06404e-05
3327	1.1186e-05
3328	1.09894e-05
3329	1.09628e-05
3330	1.11662e-05
3331	1.0303e-05
3332	1.10085e-05
3333	1.0903e-05
3334	1.07159e-05
3335	1.09134e-05
3336	1.00429e-05
3337	1.06223e-05
3338	1.07573e-05
3339	1.04119e-05
3340	1.06078e-05
3341	9.85772e-06
3342	1.01624e-05
3343	1.04916e-05
3344	1.02801e-05
3345	1.04384e-05
3346	1.00112e-05
3347	9.84672e-06
3348	1.05568e-05
3349	1.03385e-05
3350	1.06209e-05
3351	1.02482e-05
3352	9.78836e-06
3353	1.06754e-05
3354	1.03701e-05
3355	1.06815e-05
3356	1.05801e-05
3357	9.88283e-06
3358	1.09192e-05
3359	1.04823e-05
3360	1.07442e-05
3361	1.07636e-05
3362	1.00432e-05
3363	1.10755e-05
3364	1.03812e-05
3365	1.06575e-05
3366	1.0765e-05
3367	1.00334e-05
3368	1.09182e-05
3369	1.01383e-05
3370	1.0626e-05
3371	1.07421e-05
3372	9.9501e-06
3373	1.0728e-05
3374	1.02884e-05
3375	1.06846e-05
3376	1.0677e-05
3377	9.89656e-06
3378	1.04512e-05
3379	1.04361e-05
3380	1.0375e-05
3381	1.04003e-05
3382	9.93239e-06
3383	1.00499e-05
3384	1.02644e-05
3385	9.98063e-06
3386	1.00742e-05
3387	9.70817e-06
3388	9.66983e-06
3389	9.98691e-06
3390	9.43052e-06
3391	9.89067e-06
3392	9.637e-06
3393	9.39709e-06
3394	9.83805e-06
3395	9.07395e-06
3396	9.95119e-06
3397	9.83434e-06
3398	9.21033e-06
3399	1.00035e-05
3400	9.18736e-06
3401	1.01605e-05
3402	1.00595e-05
3403	9.32454e-06
3404	1.02814e-05
3405	9.56358e-06
3406	1.02902e-05
3407	1.01617e-05
3408	9.49447e-06
3409	1.05116e-05
3410	9.89462e-06
3411	1.01033e-05
3412	1.02071e-05
3413	9.4261e-06
3414	1.05265e-05
3415	9.90793e-06
3416	9.62771e-06
3417	1.02424e-05
3418	9.4174e-06
3419	1.02123e-05
3420	9.74408e-06
3421	9.33371e-06
3422	1.01225e-05
3423	9.50404e-06
3424	9.94715e-06
3425	9.59578e-06
3426	9.50194e-06
3427	9.99442e-06
3428	9.57942e-06
3429	9.80772e-06
3430	9.47936e-06
3431	9.56462e-06
3432	9.66197e-06
3433	9.53999e-06
3434	9.59446e-06
3435	9.40519e-06
3436	9.58657e-06
3437	9.32516e-06
3438	9.55018e-06
3439	9.62991e-06
3440	9.54254e-06
3441	9.68877e-06
3442	9.26289e-06
3443	9.83845e-06
3444	9.80521e-06
3445	9.83545e-06
3446	9.86091e-06
3447	9.45502e-06
3448	9.9861e-06
3449	1.00981e-05
3450	1.01278e-05
3451	9.99552e-06
3452	9.78001e-06
3453	1.00973e-05
3454	1.04957e-05
3455	1.03366e-05
3456	1.00081e-05
3457	1.00582e-05
3458	1.00697e-05
3459	1.06155e-05
3460	1.06181e-05
3461	1.01424e-05
3462	1.05276e-05
3463	1.00346e-05
3464	1.07449e-05
3465	1.0987e-05
3466	1.03803e-05
3467	1.07591e-05
3468	1.02614e-05
3469	1.09315e-05
3470	1.11373e-05
3471	1.06315e-05
3472	1.10228e-05
3473	1.05681e-05
3474	1.09755e-05
3475	1.11015e-05
3476	1.07099e-05
3477	1.09766e-05
3478	1.05173e-05
3479	1.0792e-05
3480	1.10765e-05
3481	1.06001e-05
3482	1.07546e-05
3483	1.03998e-05
3484	1.03453e-05
3485	1.09878e-05
3486	1.04822e-05
3487	1.05649e-05
3488	1.03557e-05
3489	1.00811e-05
3490	1.10796e-05
3491	1.05538e-05
3492	1.05476e-05
3493	1.04801e-05
3494	1.02223e-05
3495	1.11584e-05
3496	1.07922e-05
3497	1.05727e-05
3498	1.0621e-05
3499	1.04983e-05
3500	1.11057e-05
3501	1.12972e-05
3502	1.06806e-05
3503	1.09749e-05
3504	1.06686e-05
3505	1.11009e-05
3506	1.15913e-05
3507	1.08261e-05
3508	1.11473e-05
3509	1.08754e-05
3510	1.09925e-05
3511	1.15029e-05
3512	1.08996e-05
3513	1.12952e-05
3514	1.09429e-05
3515	1.07518e-05
3516	1.15889e-05
3517	1.09124e-05
3518	1.12411e-05
3519	1.08854e-05
3520	1.06959e-05
3521	1.15441e-05
3522	1.08629e-05
3523	1.10617e-05
3524	1.07452e-05
3525	1.05834e-05
3526	1.12842e-05
3527	1.08413e-05
3528	1.08598e-05
3529	1.05196e-05
3530	1.04714e-05
3531	1.10207e-05
3532	1.0845e-05
3533	1.05188e-05
3534	1.04886e-05
3535	1.04792e-05
3536	1.06956e-05
3537	1.11505e-05
3538	1.05325e-05
3539	1.08899e-05
3540	1.05418e-05
3541	1.05993e-05
3542	1.15774e-05
3543	1.08148e-05
3544	1.12252e-05
3545	1.0819e-05
3546	1.08391e-05
3547	1.17732e-05
3548	1.09629e-05
3549	1.14841e-05
3550	1.10805e-05
3551	1.09481e-05
3552	1.16229e-05
3553	1.09783e-05
3554	1.13725e-05
3555	1.08746e-05
3556	1.08876e-05
3557	1.14553e-05
3558	1.08573e-05
3559	1.1053e-05
3560	1.06041e-05
3561	1.05977e-05
3562	1.10811e-05
3563	1.07936e-05
3564	1.0763e-05
3565	1.04132e-05
3566	1.03676e-05
3567	1.06573e-05
3568	1.09522e-05
3569	1.05392e-05
3570	1.07276e-05
3571	1.05653e-05
3572	1.04447e-05
3573	1.16183e-05
3574	1.08586e-05
3575	1.12922e-05
3576	1.07855e-05
3577	1.07933e-05
3578	1.19225e-05
3579	1.09462e-05
3580	1.14237e-05
3581	1.09286e-05
3582	1.10793e-05
3583	1.16839e-05
3584	1.08393e-05
3585	1.14025e-05
3586	1.08901e-05
3587	1.10085e-05
3588	1.14498e-05
3589	1.08053e-05
3590	1.12536e-05
3591	1.07096e-05
3592	1.07467e-05
3593	1.12156e-05
3594	1.09171e-05
3595	1.1011e-05
3596	1.06378e-05
3597	1.05014e-05
3598	1.0745e-05
3599	1.11685e-05
3600	1.08495e-05
3601	1.07443e-05
3602	1.05305e-05
3603	1.05953e-05
3604	1.14415e-05
3605	1.07535e-05
3606	1.10795e-05
3607	1.06613e-05
3608	1.06219e-05
3609	1.15629e-05
3610	1.0798e-05
3611	1.13565e-05
3612	1.065e-05
3613	1.09041e-05
3614	1.17391e-05
3615	1.07602e-05
3616	1.14035e-05
3617	1.07972e-05
3618	1.10009e-05
3619	1.16387e-05
3620	1.0806e-05
3621	1.13342e-05
3622	1.09378e-05
3623	1.09004e-05
3624	1.1277e-05
3625	1.10944e-05
3626	1.12498e-05
3627	1.09882e-05
3628	1.0766e-05
3629	1.11336e-05
3630	1.13026e-05
3631	1.11442e-05
3632	1.10116e-05
3633	1.05155e-05
3634	1.09245e-05
3635	1.11678e-05
3636	1.07968e-05
3637	1.08969e-05
3638	1.02825e-05
3639	1.06237e-05
3640	1.10773e-05
3641	1.04707e-05
3642	1.09216e-05
3643	1.03357e-05
3644	1.04384e-05
3645	1.12112e-05
3646	1.04953e-05
3647	1.10853e-05
3648	1.03692e-05
3649	1.04475e-05
3650	1.11547e-05
3651	1.08493e-05
3652	1.12082e-05
3653	1.06506e-05
3654	1.06098e-05
3655	1.13249e-05
3656	1.10912e-05
3657	1.13073e-05
3658	1.09369e-05
3659	1.06498e-05
3660	1.14035e-05
3661	1.08994e-05
3662	1.11073e-05
3663	1.11809e-05
3664	1.04788e-05
3665	1.12897e-05
3666	1.08002e-05
3667	1.08932e-05
3668	1.11714e-05
3669	1.02709e-05
3670	1.10525e-05
3671	1.07443e-05
3672	1.06801e-05
3673	1.08568e-05
3674	1.00006e-05
3675	1.06779e-05
3676	1.04653e-05
3677	1.05533e-05
3678	1.06295e-05
3679	9.88445e-06
3680	1.02932e-05
3681	1.03848e-05
3682	1.03402e-05
3683	1.04003e-05
3684	9.81417e-06
3685	9.80675e-06
3686	1.02562e-05
3687	9.95351e-06
3688	1.00621e-05
3689	1.0004e-05
3690	9.38935e-06
3691	1.0262e-05
3692	9.81102e-06
3693	1.01192e-05
3694	1.01608e-05
3695	9.35631e-06
3696	1.03583e-05
3697	9.78639e-06
3698	1.0319e-05
3699	1.02428e-05
3700	9.50055e-06
3701	1.05496e-05
3702	9.85643e-06
3703	1.05923e-05
3704	1.04493e-05
3705	9.74026e-06
3706	1.07982e-05
3707	1.0066e-05
3708	1.06826e-05
3709	1.06362e-05
3710	9.86587e-06
3711	1.07766e-05
3712	1.01956e-05
3713	1.04576e-05
3714	1.051e-05
3715	9.79534e-06
3716	1.04093e-05
3717	1.0141e-05
3718	1.00024e-05
3719	1.02383e-05
3720	9.45253e-06
3721	9.97951e-06
3722	9.91656e-06
3723	9.46973e-06
3724	1.00283e-05
3725	9.36662e-06
3726	9.76033e-06
3727	9.6605e-06
3728	9.11855e-06
3729	9.91471e-06
3730	9.24229e-06
3731	9.42636e-06
3732	9.32028e-06
3733	8.9492e-06
3734	9.66938e-06
3735	9.19278e-06
3736	9.24205e-06
3737	9.26927e-06
3738	8.98609e-06
3739	9.4427e-06
3740	9.28679e-06
3741	9.17561e-06
3742	9.50905e-06
3743	9.11971e-06
3744	9.23471e-06
3745	9.57715e-06
3746	9.17408e-06
3747	9.84434e-06
3748	9.4101e-06
3749	9.12791e-06
3750	9.99059e-06
3751	9.42816e-06
3752	1.03811e-05
3753	9.71426e-06
3754	9.53089e-06
3755	1.01625e-05
3756	9.87932e-06
3757	1.07974e-05
3758	9.92604e-06
3759	9.9411e-06
3760	1.02761e-05
3761	1.01978e-05
3762	1.06021e-05
3763	9.93818e-06
3764	1.02983e-05
3765	1.02446e-05
3766	1.03949e-05
3767	1.03169e-05
3768	1.0118e-05
3769	1.04563e-05
3770	9.86967e-06
3771	1.04063e-05
3772	1.03386e-05
3773	1.0202e-05
3774	1.0338e-05
3775	9.63629e-06
3776	1.03518e-05
3777	1.0286e-05
3778	1.01707e-05
3779	1.02524e-05
3780	9.58089e-06
3781	1.0118e-05
3782	1.023e-05
3783	1.02014e-05
3784	1.01236e-05
3785	9.72844e-06
3786	1.00555e-05
3787	1.03521e-05
3788	1.01614e-05
3789	1.002e-05
3790	9.90058e-06
3791	1.00357e-05
3792	1.04433e-05
3793	1.0418e-05
3794	1.00674e-05
3795	1.04276e-05
3796	1.01057e-05
3797	1.06908e-05
3798	1.09979e-05
3799	1.04429e-05
3800	1.07695e-05
3801	1.03257e-05
3802	1.10363e-05
3803	1.12372e-05
3804	1.06174e-05
3805	1.1032e-05
3806	1.05033e-05
3807	1.10412e-05
3808	1.10527e-05
3809	1.06917e-05
3810	1.09568e-05
3811	1.0386e-05
3812	1.08016e-05
3813	1.10189e-05
3814	1.05173e-05
3815	1.07746e-05
3816	1.02768e-05
3817	1.04836e-05
3818	1.08296e-05
3819	1.03347e-05
3820	1.04232e-05
3821	1.02019e-05
3822	1.00355e-05
3823	1.07256e-05
3824	1.03269e-05
3825	1.03642e-05
3826	1.01937e-05
3827	9.90094e-06
3828	1.07481e-05
3829	1.05351e-05
3830	1.02339e-05
3831	1.03752e-05
3832	1.01645e-05
3833	1.07281e-05
3834	1.1028e-05
3835	1.05353e-05
3836	1.07864e-05
3837	1.04281e-05
3838	1.08934e-05
3839	1.13973e-05
3840	1.07692e-05
3841	1.11053e-05
3842	1.07742e-05
3843	1.1147e-05
3844	1.13161e-05
3845	1.08872e-05
3846	1.11659e-05
3847	1.07529e-05
3848	1.09038e-05
3849	1.13275e-05
3850	1.07775e-05
3851	1.09981e-05
3852	1.06677e-05
3853	1.04538e-05
3854	1.12513e-05
3855	1.06867e-05
3856	1.07797e-05
3857	1.0484e-05
3858	1.0171e-05
3859	1.11051e-05
3860	1.06345e-05
3861	1.06044e-05
3862	1.04308e-05
3863	1.0171e-05
3864	1.08721e-05
3865	1.08478e-05
3866	1.04477e-05
3867	1.05997e-05
3868	1.04013e-05
3869	1.07529e-05
3870	1.12364e-05
3871	1.07051e-05
3872	1.08739e-05
3873	1.05608e-05
3874	1.08947e-05
3875	1.14354e-05
3876	1.07071e-05
3877	1.10713e-05
3878	1.07586e-05
3879	1.09767e-05
3880	1.13189e-05
3881	1.08092e-05
3882	1.11437e-05
3883	1.08775e-05
3884	1.07095e-05
3885	1.14814e-05
3886	1.08669e-05
3887	1.11067e-05
3888	1.07483e-05
3889	1.05499e-05
3890	1.13915e-05
3891	1.08767e-05
3892	1.09132e-05
3893	1.06051e-05
3894	1.0366e-05
3895	1.10872e-05
3896	1.07979e-05
3897	1.06945e-05
3898	1.04777e-05
3899	1.0372e-05
3900	1.08648e-05
3901	1.10092e-05
3902	1.05473e-05
3903	1.06767e-05
3904	1.05022e-05
3905	1.07611e-05
3906	1.1319e-05
3907	1.07074e-05
3908	1.09222e-05
3909	1.06248e-05
3910	1.08349e-05
3911	1.14783e-05
3912	1.07221e-05
3913	1.11252e-05
3914	1.08835e-05
3915	1.08252e-05
3916	1.15373e-05
3917	1.09302e-05
3918	1.12516e-05
3919	1.09264e-05
3920	1.07816e-05
3921	1.16219e-05
3922	1.08774e-05
3923	1.1137e-05
3924	1.06998e-05
3925	1.05498e-05
3926	1.12239e-05
3927	1.0763e-05
3928	1.08235e-05
3929	1.04071e-05
3930	1.03379e-05
3931	1.09319e-05
3932	1.06916e-05
3933	1.05434e-05
3934	1.03102e-05
3935	1.03203e-05
3936	1.0697e-05
3937	1.09084e-05
3938	1.04227e-05
3939	1.06243e-05
3940	1.04941e-05
3941	1.05721e-05
3942	1.14088e-05
3943	1.08038e-05
3944	1.11245e-05
3945	1.07802e-05
3946	1.07758e-05
3947	1.19552e-05
3948	1.10075e-05
3949	1.14154e-05
3950	1.10541e-05
3951	1.10691e-05
3952	1.17801e-05
3953	1.10359e-05
3954	1.14823e-05
3955	1.09945e-05
3956	1.10203e-05
3957	1.15923e-05
3958	1.09114e-05
3959	1.12614e-05
3960	1.07584e-05
3961	1.08253e-05
3962	1.134e-05
3963	1.08626e-05
3964	1.09866e-05
3965	1.05309e-05
3966	1.04979e-05
3967	1.08985e-05
3968	1.08967e-05
3969	1.06697e-05
3970	1.04908e-05
3971	1.03921e-05
3972	1.04447e-05
3973	1.12322e-05
3974	1.05937e-05
3975	1.08658e-05
3976	1.05622e-05
3977	1.04718e-05
3978	1.16354e-05
3979	1.08418e-05
3980	1.12784e-05
3981	1.07119e-05
3982	1.08326e-05
3983	1.17793e-05
3984	1.07843e-05
3985	1.13624e-05
3986	1.0835e-05
3987	1.11152e-05
3988	1.16122e-05
3989	1.08044e-05
3990	1.14307e-05
3991	1.09077e-05
3992	1.10221e-05
3993	1.1466e-05
3994	1.09367e-05
3995	1.12518e-05
3996	1.08129e-05
3997	1.0739e-05
3998	1.10843e-05
3999	1.11479e-05
4000	1.10448e-05
4001	1.08131e-05
4002	1.04539e-05
4003	1.07835e-05
4004	1.12382e-05
4005	1.08258e-05
4006	1.07662e-05
4007	1.03743e-05
4008	1.05424e-05
4009	1.11607e-05
4010	1.05176e-05
4011	1.09157e-05
4012	1.04111e-05
4013	1.0491e-05
4014	1.13326e-05
4015	1.05409e-05
4016	1.12285e-05
4017	1.04463e-05
4018	1.06188e-05
4019	1.1448e-05
4020	1.07136e-05
4021	1.12145e-05
4022	1.05647e-05
4023	1.06919e-05
4024	1.13119e-05
4025	1.08377e-05
4026	1.11515e-05
4027	1.09e-05
4028	1.07565e-05
4029	1.11811e-05
4030	1.10115e-05
4031	1.11185e-05
4032	1.10486e-05
4033	1.06246e-05
4034	1.11378e-05
4035	1.10356e-05
4036	1.09355e-05
4037	1.1142e-05
4038	1.03085e-05
4039	1.09932e-05
4040	1.09481e-05
4041	1.07279e-05
4042	1.09181e-05
4043	1.01117e-05
4044	1.06379e-05
4045	1.0881e-05
4046	1.04534e-05
4047	1.06615e-05
4048	9.99259e-06
4049	1.01916e-05
4050	1.06236e-05
4051	1.03686e-05
4052	1.05819e-05
4053	1.01536e-05
4054	9.92758e-06
4055	1.07002e-05
4056	1.05306e-05
4057	1.07899e-05
4058	1.03655e-05
4059	9.96643e-06
4060	1.08465e-05
4061	1.05622e-05
4062	1.07935e-05
4063	1.07153e-05
4064	1.00328e-05
4065	1.10305e-05
4066	1.05046e-05
4067	1.07033e-05
4068	1.07886e-05
4069	1.00614e-05
4070	1.09972e-05
4071	1.02948e-05
4072	1.05137e-05
4073	1.07136e-05
4074	9.97307e-06
4075	1.07544e-05
4076	1.00983e-05
4077	1.05265e-05
4078	1.0639e-05
4079	9.89262e-06
4080	1.0572e-05
4081	1.03174e-05
4082	1.06541e-05
4083	1.05827e-05
4084	9.84399e-06
4085	1.02768e-05
4086	1.04467e-05
4087	1.03692e-05
4088	1.03277e-05
4089	9.95057e-06
4090	9.88908e-06
4091	1.03254e-05
4092	9.92144e-06
4093	1.00399e-05
4094	9.88872e-06
4095	9.55283e-06
4096	1.01133e-05
4097	9.53484e-06
4098	9.98066e-06
4099	9.91704e-06
4100	9.21857e-06
4101	1.01331e-05
4102	9.31991e-06
4103	1.02313e-05
4104	1.00886e-05
4105	9.33475e-06
4106	1.02875e-05
4107	9.58778e-06
4108	1.05278e-05
4109	1.01856e-05
4110	9.52915e-06
4111	1.05722e-05
4112	9.85679e-06
4113	1.03719e-05
4114	1.02566e-05
4115	9.67247e-06
4116	1.05963e-05
4117	9.93463e-06
4118	1.00476e-05
4119	1.02874e-05
4120	9.47393e-06
4121	1.02865e-05
4122	9.83444e-06
4123	9.58447e-06
4124	1.0112e-05
4125	9.35436e-06
4126	9.9409e-06
4127	9.7681e-06
4128	9.27736e-06
4129	1.00511e-05
4130	9.4583e-06
4131	9.7467e-06
4132	9.61511e-06
4133	9.32946e-06
4134	9.94403e-06
4135	9.44369e-06
4136	9.58311e-06
4137	9.44522e-06
4138	9.30136e-06
4139	9.63021e-06
4140	9.3093e-06
4141	9.38152e-06
4142	9.37225e-06
4143	9.33973e-06
4144	9.35605e-06
4145	9.35252e-06
4146	9.36829e-06
4147	9.5067e-06
4148	9.47335e-06
4149	9.17485e-06
4150	9.64937e-06
4151	9.6058e-06
4152	9.77338e-06
4153	9.62014e-06
4154	9.37537e-06
4155	1.0091e-05
4156	9.87387e-06
4157	1.03326e-05
4158	9.9342e-06
4159	9.80997e-06
4160	1.03006e-05
4161	1.02153e-05
4162	1.08187e-05
4163	1.01649e-05
4164	1.02283e-05
4165	1.02427e-05
4166	1.05152e-05
4167	1.08638e-05
4168	1.01748e-05
4169	1.05096e-05
4170	1.01038e-05
4171	1.05007e-05
4172	1.06808e-05
4173	1.02379e-05
4174	1.06628e-05
4175	1.00429e-05
4176	1.05679e-05
4177	1.06287e-05
4178	1.02515e-05
4179	1.06799e-05
4180	1.01107e-05
4181	1.06136e-05
4182	1.07165e-05
4183	1.03795e-05
4184	1.05829e-05
4185	1.01899e-05
4186	1.04678e-05
4187	1.0754e-05
4188	1.03407e-05
4189	1.0464e-05
4190	1.02131e-05
4191	1.01967e-05
4192	1.07948e-05
4193	1.04099e-05
4194	1.04013e-05
4195	1.02815e-05
4196	1.00128e-05
4197	1.1026e-05
4198	1.0585e-05
4199	1.04919e-05
4200	1.04383e-05
4201	1.02122e-05
4202	1.12354e-05
4203	1.08369e-05
4204	1.05869e-05
4205	1.06099e-05
4206	1.04986e-05
4207	1.11575e-05
4208	1.12552e-05
4209	1.05836e-05
4210	1.09035e-05
4211	1.0616e-05
4212	1.10352e-05
4213	1.15059e-05
4214	1.06885e-05
4215	1.10375e-05
4216	1.07797e-05
4217	1.07975e-05
4218	1.13894e-05
4219	1.07411e-05
4220	1.12142e-05
4221	1.08529e-05
4222	1.07214e-05
4223	1.15611e-05
4224	1.08396e-05
4225	1.12402e-05
4226	1.09256e-05
4227	1.07264e-05
4228	1.14959e-05
4229	1.08272e-05
4230	1.10914e-05
4231	1.07621e-05
4232	1.07061e-05
4233	1.12912e-05
4234	1.08133e-05
4235	1.08879e-05
4236	1.05329e-05
4237	1.0554e-05
4238	1.10119e-05
4239	1.08329e-05
4240	1.06452e-05
4241	1.04478e-05
4242	1.04925e-05
4243	1.06797e-05
4244	1.11945e-05
4245	1.06557e-05
4246	1.09175e-05
4247	1.06094e-05
4248	1.06055e-05
4249	1.17676e-05
4250	1.0956e-05
4251	1.12548e-05
4252	1.07845e-05
4253	1.08571e-05
4254	1.18516e-05
4255	1.09258e-05
4256	1.14518e-05
4257	1.0974e-05
4258	1.09961e-05
4259	1.16197e-05
4260	1.08911e-05
4261	1.13971e-05
4262	1.0975e-05
4263	1.10189e-05
4264	1.15368e-05
4265	1.08736e-05
4266	1.11959e-05
4267	1.07778e-05
4268	1.07707e-05
4269	1.12174e-05
4270	1.09577e-05
4271	1.0988e-05
4272	1.06734e-05
4273	1.05419e-05
4274	1.07428e-05
4275	1.11831e-05
4276	1.08268e-05
4277	1.07631e-05
4278	1.05582e-05
4279	1.06705e-05
4280	1.15196e-05
4281	1.08295e-05
4282	1.1219e-05
4283	1.06808e-05
4284	1.07449e-05
4285	1.16729e-05
4286	1.08794e-05
4287	1.14262e-05
4288	1.07085e-05
4289	1.09753e-05
4290	1.17534e-05
4291	1.0765e-05
4292	1.14589e-05
4293	1.08836e-05
4294	1.10591e-05
4295	1.15374e-05
4296	1.08212e-05
4297	1.13368e-05
4298	1.09308e-05
4299	1.09082e-05
4300	1.12267e-05
4301	1.11118e-05
4302	1.12355e-05
4303	1.09707e-05
4304	1.07046e-05
4305	1.1092e-05
4306	1.1268e-05
4307	1.10946e-05
4308	1.09661e-05
4309	1.04221e-05
4310	1.08354e-05
4311	1.10891e-05
4312	1.0675e-05
4313	1.08264e-05
4314	1.02111e-05
4315	1.05022e-05
4316	1.09917e-05
4317	1.03743e-05
4318	1.08759e-05
4319	1.02802e-05
4320	1.03308e-05
4321	1.10869e-05
4322	1.04138e-05
4323	1.10547e-05
4324	1.03236e-05
4325	1.04125e-05
4326	1.10859e-05
4327	1.08337e-05
4328	1.11649e-05
4329	1.06849e-05
4330	1.06244e-05
4331	1.13073e-05
4332	1.102e-05
4333	1.12486e-05
4334	1.10242e-05
4335	1.06504e-05
4336	1.13278e-05
4337	1.0879e-05
4338	1.09955e-05
4339	1.12321e-05
4340	1.04341e-05
4341	1.11387e-05
4342	1.08117e-05
4343	1.08007e-05
4344	1.10394e-05
4345	1.01596e-05
4346	1.08689e-05
4347	1.07064e-05
4348	1.05803e-05
4349	1.08048e-05
4350	9.96643e-06
4351	1.05501e-05
4352	1.0564e-05
4353	1.05759e-05
4354	1.06023e-05
4355	9.94285e-06
4356	1.01474e-05
4357	1.05214e-05
4358	1.0359e-05
4359	1.0422e-05
4360	1.00547e-05
4361	9.69888e-06
4362	1.04964e-05
4363	1.01049e-05
4364	1.03574e-05
4365	1.03153e-05
4366	9.47852e-06
4367	1.04336e-05
4368	1.00334e-05
4369	1.03868e-05
4370	1.04072e-05
4371	9.63579e-06
4372	1.06848e-05
4373	1.01814e-05
4374	1.05764e-05
4375	1.05231e-05
4376	9.85971e-06
4377	1.09041e-05
4378	1.0116e-05
4379	1.06818e-05
4380	1.07155e-05
4381	1.00164e-05
4382	1.09733e-05
4383	1.01923e-05
4384	1.07669e-05
4385	1.08021e-05
4386	9.9835e-06
4387	1.07166e-05
4388	1.03136e-05
4389	1.04832e-05
4390	1.05479e-05
4391	9.92193e-06
4392	1.03141e-05
4393	1.03332e-05
4394	1.013e-05
4395	1.02476e-05
4396	9.666e-06
4397	1.00061e-05
4398	1.01026e-05
4399	9.61508e-06
4400	1.01017e-05
4401	9.58236e-06
4402	9.73508e-06
4403	9.81478e-06
4404	9.18834e-06
4405	1.00097e-05
4406	9.56994e-06
4407	9.50304e-06
4408	9.6139e-06
4409	9.03539e-06
4410	9.81981e-06
4411	9.5452e-06
4412	9.29646e-06
4413	9.60021e-06
4414	9.03247e-06
4415	9.62826e-06
4416	9.67698e-06
4417	9.1562e-06
4418	9.89128e-06
4419	9.2528e-06
4420	9.65452e-06
4421	9.96449e-06
4422	9.15955e-06
4423	1.02973e-05
4424	9.70527e-06
4425	9.51808e-06
4426	1.01226e-05
4427	9.4357e-06
4428	1.05383e-05
4429	9.9018e-06
4430	9.5111e-06
4431	1.03423e-05
4432	9.70469e-06
4433	1.05805e-05
4434	9.82361e-06
4435	9.77887e-06
4436	1.02367e-05
4437	9.94094e-06
4438	1.0259e-05
4439	9.72736e-06
4440	1.0012e-05
4441	9.98215e-06
4442	1.00493e-05
4443	1.00267e-05
4444	9.85111e-06
4445	1.02139e-05
4446	9.69964e-06
4447	1.01469e-05
4448	1.00615e-05
4449	1.00214e-05
4450	1.01459e-05
4451	9.56896e-06
4452	1.02081e-05
4453	1.01423e-05
4454	1.01838e-05
4455	1.01684e-05
4456	9.61166e-06
4457	1.00813e-05
4458	1.02347e-05
4459	1.02084e-05
4460	1.0033e-05
4461	9.74109e-06
4462	9.97739e-06
4463	1.04391e-05
4464	1.01453e-05
4465	9.9633e-06
4466	1.00257e-05
4467	9.90821e-06
4468	1.06463e-05
4469	1.04519e-05
4470	1.00617e-05
4471	1.04447e-05
4472	1.01455e-05
4473	1.09221e-05
4474	1.10445e-05
4475	1.04427e-05
4476	1.08925e-05
4477	1.04075e-05
4478	1.11217e-05
4479	1.13333e-05
4480	1.07494e-05
4481	1.11404e-05
4482	1.07443e-05
4483	1.11164e-05
4484	1.12684e-05
4485	1.07919e-05
4486	1.11012e-05
4487	1.05965e-05
4488	1.08415e-05
4489	1.1183e-05
4490	1.06081e-05
4491	1.08405e-05
4492	1.04876e-05
4493	1.03495e-05
4494	1.10489e-05
4495	1.04752e-05
4496	1.06461e-05
4497	1.04574e-05
4498	1.0127e-05
4499	1.10844e-05
4500	1.05745e-05
4501	1.05919e-05
4502	1.04707e-05
4503	1.0195e-05
4504	1.10634e-05
4505	1.07474e-05
4506	1.05325e-05
4507	1.04975e-05
4508	1.04071e-05
4509	1.09567e-05
4510	1.11722e-05
4511	1.0602e-05
4512	1.08738e-05
4513	1.05987e-05
4514	1.09797e-05
4515	1.15117e-05
4516	1.07541e-05
4517	1.10775e-05
4518	1.07895e-05
4519	1.09647e-05
4520	1.14728e-05
4521	1.09157e-05
4522	1.13165e-05
4523	1.09607e-05
4524	1.07915e-05
4525	1.16414e-05
4526	1.09808e-05
4527	1.13147e-05
4528	1.09086e-05
4529	1.07276e-05
4530	1.15668e-05
4531	1.0871e-05
4532	1.10619e-05
4533	1.07395e-05
4534	1.05385e-05
4535	1.12525e-05
4536	1.07986e-05
4537	1.08392e-05
4538	1.04917e-05
4539	1.04198e-05
4540	1.09905e-05
4541	1.08313e-05
4542	1.05149e-05
4543	1.05031e-05
4544	1.04854e-05
4545	1.07251e-05
4546	1.1157e-05
4547	1.05755e-05
4548	1.09238e-05
4549	1.05748e-05
4550	1.06758e-05
4551	1.16152e-05
4552	1.08636e-05
4553	1.12713e-05
4554	1.08792e-05
4555	1.08424e-05
4556	1.17898e-05
4557	1.10061e-05
4558	1.14411e-05
4559	1.10412e-05
4560	1.09003e-05
4561	1.16115e-05
4562	1.0921e-05
4563	1.13282e-05
4564	1.08113e-05
4565	1.07868e-05
4566	1.13853e-05
4567	1.08505e-05
4568	1.10139e-05
4569	1.05996e-05
4570	1.0576e-05
4571	1.11176e-05
4572	1.08331e-05
4573	1.07716e-05
4574	1.0478e-05
4575	1.04375e-05
4576	1.07553e-05
4577	1.10192e-05
4578	1.05365e-05
4579	1.0769e-05
4580	1.05793e-05
4581	1.04719e-05
4582	1.15359e-05
4583	1.08537e-05
4584	1.12204e-05
4585	1.0771e-05
4586	1.07696e-05
4587	1.1946e-05
4588	1.09566e-05
4589	1.14348e-05
4590	1.10368e-05
4591	1.11057e-05
4592	1.16849e-05
4593	1.09635e-05
4594	1.14461e-05
4595	1.09296e-05
4596	1.1048e-05
4597	1.15327e-05
4598	1.0915e-05
4599	1.12831e-05
4600	1.0733e-05
4601	1.0766e-05
4602	1.12641e-05
4603	1.0894e-05
4604	1.09852e-05
4605	1.05682e-05
4606	1.04513e-05
4607	1.07316e-05
4608	1.10138e-05
4609	1.06701e-05
4610	1.06614e-05
4611	1.05063e-05
4612	1.04582e-05
4613	1.15213e-05
4614	1.07303e-05
4615	1.11804e-05
4616	1.07641e-05
4617	1.0709e-05
4618	1.17721e-05
4619	1.09789e-05
4620	1.14512e-05
4621	1.08549e-05
4622	1.10758e-05
4623	1.19659e-05
4624	1.09486e-05
4625	1.15566e-05
4626	1.10303e-05
4627	1.12427e-05
4628	1.17161e-05
4629	1.09825e-05
4630	1.15241e-05
4631	1.09828e-05
4632	1.10433e-05
4633	1.14439e-05
4634	1.11132e-05
4635	1.13107e-05
4636	1.09204e-05
4637	1.07841e-05
4638	1.11143e-05
4639	1.13738e-05
4640	1.11548e-05
4641	1.09531e-05
4642	1.05891e-05
4643	1.09021e-05
4644	1.13477e-05
4645	1.09162e-05
4646	1.08814e-05
4647	1.04661e-05
4648	1.06317e-05
4649	1.12885e-05
4650	1.05684e-05
4651	1.10399e-05
4652	1.04904e-05
4653	1.05527e-05
4654	1.13681e-05
4655	1.05914e-05
4656	1.12486e-05
4657	1.04644e-05
4658	1.0631e-05
4659	1.13994e-05
4660	1.08286e-05
4661	1.12542e-05
4662	1.06619e-05
4663	1.07607e-05
4664	1.13491e-05
4665	1.10139e-05
4666	1.1284e-05
4667	1.10156e-05
4668	1.08121e-05
4669	1.13747e-05
4670	1.1081e-05
4671	1.1205e-05
4672	1.12226e-05
4673	1.06415e-05
4674	1.13207e-05
4675	1.10715e-05
4676	1.10004e-05
4677	1.12166e-05
4678	1.03244e-05
4679	1.10376e-05
4680	1.09123e-05
4681	1.06687e-05
4682	1.08898e-05
4683	1.00139e-05
4684	1.05759e-05
4685	1.06175e-05
4686	1.04716e-05
4687	1.06334e-05
4688	9.93784e-06
4689	1.02454e-05
4690	1.05391e-05
4691	1.04293e-05
4692	1.04807e-05
4693	1.00824e-05
4694	9.8622e-06
4695	1.05901e-05
4696	1.02492e-05
4697	1.04951e-05
4698	1.03031e-05
4699	9.61174e-06
4700	1.05914e-05
4701	1.01805e-05
4702	1.04414e-05
4703	1.04572e-05
4704	9.60408e-06
4705	1.06424e-05
4706	1.01792e-05
4707	1.04885e-05
4708	1.04754e-05
4709	9.72887e-06
4710	1.08051e-05
4711	1.0119e-05
4712	1.0568e-05
4713	1.06703e-05
4714	9.90951e-06
4715	1.09499e-05
4716	1.01596e-05
4717	1.07422e-05
4718	1.07852e-05
4719	9.95007e-06
4720	1.07053e-05
4721	1.02839e-05
4722	1.05172e-05
4723	1.05636e-05
4724	9.88952e-06
4725	1.0312e-05
4726	1.03118e-05
4727	1.01412e-05
4728	1.02553e-05
4729	9.70366e-06
4730	9.95764e-06
4731	1.00791e-05
4732	9.63321e-06
4733	1.00153e-05
4734	9.45582e-06
4735	9.5999e-06
4736	9.7415e-06
4737	9.19054e-06
4738	9.92872e-06
4739	9.5412e-06
4740	9.45133e-06
4741	9.66421e-06
4742	9.05982e-06
4743	9.9224e-06
4744	9.60451e-06
4745	9.33273e-06
4746	9.67815e-06
4747	9.05253e-06
4748	9.65998e-06
4749	9.70112e-06
4750	9.16302e-06
4751	9.84363e-06
4752	9.2111e-06
4753	9.71146e-06
4754	9.9246e-06
4755	9.08512e-06
4756	1.01459e-05
4757	9.57173e-06
4758	9.59391e-06
4759	9.99193e-06
4760	9.1892e-06
4761	1.03216e-05
4762	9.7843e-06
4763	9.37317e-06
4764	1.02342e-05
4765	9.4759e-06
4766	1.03478e-05
4767	9.74489e-06
4768	9.60002e-06
4769	1.02586e-05
4770	9.76224e-06
4771	1.01611e-05
4772	9.64309e-06
4773	9.89123e-06
4774	1.0071e-05
4775	9.93004e-06
4776	9.9305e-06
4777	9.71352e-06
4778	9.97188e-06
4779	9.69259e-06
4780	9.88715e-06
4781	9.79132e-06
4782	9.81706e-06
4783	9.97137e-06
4784	9.397e-06
4785	9.93313e-06
4786	9.86662e-06
4787	9.9728e-06
4788	9.97146e-06
4789	9.44938e-06
4790	1.00244e-05
4791	1.01057e-05
4792	1.02057e-05
4793	1.00704e-05
4794	9.76344e-06
4795	1.01345e-05
4796	1.04227e-05
4797	1.03258e-05
4798	1.00712e-05
4799	9.99559e-06
4800	1.01763e-05
4801	1.05983e-05
4802	1.05415e-05
4803	1.00776e-05
4804	1.04753e-05
4805	1.01276e-05
4806	1.07133e-05
4807	1.09665e-05
4808	1.0408e-05
4809	1.07641e-05
4810	1.02486e-05
4811	1.0964e-05
4812	1.10893e-05
4813	1.05636e-05
4814	1.10657e-05
4815	1.04932e-05
4816	1.10385e-05
4817	1.10492e-05
4818	1.07186e-05
4819	1.09896e-05
4820	1.04335e-05
4821	1.08407e-05
4822	1.10328e-05
4823	1.05795e-05
4824	1.07933e-05
4825	1.03064e-05
4826	1.052e-05
4827	1.08339e-05
4828	1.03585e-05
4829	1.04302e-05
4830	1.02182e-05
4831	1.00708e-05
4832	1.07677e-05
4833	1.03827e-05
4834	1.04222e-05
4835	1.02738e-05
4836	1.00105e-05
4837	1.09211e-05
4838	1.06553e-05
4839	1.03533e-05
4840	1.04897e-05
4841	1.02662e-05
4842	1.09003e-05
4843	1.11585e-05
4844	1.06254e-05
4845	1.08836e-05
4846	1.05203e-05
4847	1.10071e-05
4848	1.1471e-05
4849	1.08239e-05
4850	1.11161e-05
4851	1.07682e-05
4852	1.11329e-05
4853	1.13357e-05
4854	1.08237e-05
4855	1.11318e-05
4856	1.0697e-05
4857	1.08256e-05
4858	1.13003e-05
4859	1.07463e-05
4860	1.10299e-05
4861	1.07206e-05
4862	1.04714e-05
4863	1.13276e-05
4864	1.07187e-05
4865	1.08813e-05
4866	1.06045e-05
4867	1.03369e-05
4868	1.12386e-05
4869	1.07626e-05
4870	1.07706e-05
4871	1.05435e-05
4872	1.03032e-05
4873	1.10212e-05
4874	1.08713e-05
4875	1.05691e-05
4876	1.05667e-05
4877	1.04685e-05
4878	1.0831e-05
4879	1.12237e-05
4880	1.06697e-05
4881	1.09123e-05
4882	1.06037e-05
4883	1.09287e-05
4884	1.15355e-05
4885	1.0822e-05
4886	1.11293e-05
4887	1.08494e-05
4888	1.10049e-05
4889	1.15421e-05
4890	1.09598e-05
4891	1.13443e-05
4892	1.10064e-05
4893	1.07966e-05
4894	1.16861e-05
4895	1.09795e-05
4896	1.12658e-05
4897	1.08613e-05
4898	1.07042e-05
4899	1.14925e-05
4900	1.08351e-05
4901	1.0994e-05
4902	1.06261e-05
4903	1.04395e-05
4904	1.11382e-05
4905	1.07702e-05
4906	1.07603e-05
4907	1.04471e-05
4908	1.03735e-05
4909	1.0933e-05
4910	1.08683e-05
4911	1.05122e-05
4912	1.04979e-05
4913	1.04853e-05
4914	1.07006e-05
4915	1.1204e-05
4916	1.06071e-05
4917	1.09299e-05
4918	1.0605e-05
4919	1.0703e-05
4920	1.16569e-05
4921	1.08995e-05
4922	1.12776e-05
4923	1.08894e-05
4924	1.08974e-05
4925	1.1879e-05
4926	1.1044e-05
4927	1.14723e-05
4928	1.10784e-05
4929	1.09791e-05
4930	1.17081e-05
4931	1.09677e-05
4932	1.13908e-05
4933	1.08573e-05
4934	1.08824e-05
4935	1.14966e-05
4936	1.08443e-05
4937	1.10515e-05
4938	1.06165e-05
4939	1.06382e-05
4940	1.11704e-05
4941	1.08524e-05
4942	1.08048e-05
4943	1.0416e-05
4944	1.0396e-05
4945	1.07292e-05
4946	1.0902e-05
4947	1.05265e-05
4948	1.05576e-05
4949	1.04481e-05
4950	1.03902e-05
4951	1.14275e-05
4952	1.06603e-05
4953	1.10841e-05
4954	1.06236e-05
4955	1.06422e-05
4956	1.18201e-05
4957	1.09161e-05
4958	1.13457e-05
4959	1.08274e-05
4960	1.10061e-05
4961	1.18099e-05
4962	1.0817e-05
4963	1.14716e-05
4964	1.09975e-05
4965	1.11892e-05
4966	1.16166e-05
4967	1.0886e-05
4968	1.14839e-05
4969	1.0914e-05
4970	1.1018e-05
4971	1.14253e-05
4972	1.0996e-05
4973	1.12049e-05
4974	1.08115e-05
4975	1.06489e-05
4976	1.09569e-05
4977	1.12124e-05
4978	1.09873e-05
4979	1.08091e-05
4980	1.04309e-05
4981	1.06984e-05
4982	1.12547e-05
4983	1.07255e-05
4984	1.07913e-05
4985	1.0358e-05
4986	1.04594e-05
4987	1.12475e-05
4988	1.052e-05
4989	1.1052e-05
4990	1.0436e-05
4991	1.05383e-05
4992	1.13703e-05
4993	1.06043e-05
4994	1.12629e-05
4995	1.04691e-05
4996	1.06657e-05
4997	1.14419e-05
4998	1.06948e-05
4999	1.1182e-05
5000	1.06464e-05
