1	0.000263441
2	0.031358
3	0.0100293
4	0.0114756
5	0.0104297
6	0.00613121
7	0.00565022
8	0.00323901
9	0.00219952
10	0.00248091
11	0.00235167
12	0.00251987
13	0.00229674
14	0.00189186
15	0.00165304
16	0.00154916
17	0.00156224
18	0.00162684
19	0.00158946
20	0.00149429
21	0.00133974
22	0.00118479
23	0.00108831
24	0.00104526
25	0.00103581
26	0.00103911
27	0.00104747
28	0.00105474
29	0.00105632
30	0.00104795
31	0.000813578
32	0.000789782
33	0.000762572
34	0.000740073
35	0.00072505
36	0.000713827
37	0.000701194
38	0.000687707
39	0.000672439
40	0.000654215
41	0.000635549
42	0.00061876
43	0.000605156
44	0.000593466
45	0.000580854
46	0.00056741
47	0.000552146
48	0.000535785
49	0.000517817
50	0.000499685
51	0.000482491
52	0.000466453
53	0.000451183
54	0.00043718
55	0.000423264
56	0.000408384
57	0.000392467
58	0.000454895
59	0.000436964
60	0.000418447
61	0.000399438
62	0.000381587
63	0.000364859
64	0.000350083
65	0.000336117
66	0.000323706
67	0.000311964
68	0.000301815
69	0.000291709
70	0.000281933
71	0.000271966
72	0.000262174
73	0.000252506
74	0.00024485
75	0.000238722
76	0.000234903
77	0.000232105
78	0.000230784
79	0.000229657
80	0.000228913
81	0.000227533
82	0.000225678
83	0.000222783
84	0.000219632
85	0.000215919
86	0.000212471
87	0.00020816
88	0.000204377
89	0.000200348
90	0.000196624
91	0.000161612
92	0.000157769
93	0.000153802
94	0.00015029
95	0.000146688
96	0.000143052
97	0.000139221
98	0.000135455
99	0.000131591
100	0.000127789
101	0.000147891
102	0.000144087
103	0.000140271
104	0.000136592
105	0.000132854
106	0.000129232
107	0.000125548
108	0.000121949
109	0.000118352
110	0.000114817
111	0.000111232
112	0.000107686
113	0.000104114
114	0.000100625
115	9.71622e-05
116	9.37509e-05
117	9.03807e-05
118	8.71048e-05
119	8.3903e-05
120	8.08042e-05
121	7.7785e-05
122	7.48767e-05
123	7.20654e-05
124	6.93669e-05
125	6.67744e-05
126	7.98021e-05
127	7.74373e-05
128	7.51075e-05
129	7.28299e-05
130	7.07038e-05
131	6.86868e-05
132	6.67622e-05
133	6.49443e-05
134	6.32406e-05
135	6.16479e-05
136	6.01418e-05
137	5.87008e-05
138	5.73516e-05
139	5.60626e-05
140	5.48691e-05
141	5.36733e-05
142	5.25561e-05
143	5.14393e-05
144	5.04063e-05
145	4.93523e-05
146	4.82782e-05
147	4.72172e-05
148	4.61631e-05
149	4.51979e-05
150	4.41396e-05
151	4.31693e-05
152	4.21404e-05
153	4.11646e-05
154	4.02425e-05
155	3.92562e-05
156	3.83736e-05
157	3.74106e-05
158	3.65558e-05
159	3.57328e-05
160	3.48835e-05
161	3.40917e-05
162	3.32475e-05
163	3.2503e-05
164	3.17534e-05
165	3.10057e-05
166	3.02943e-05
167	2.95334e-05
168	2.88899e-05
169	2.82297e-05
170	2.75983e-05
171	2.69517e-05
172	2.62677e-05
173	2.57183e-05
174	2.5129e-05
175	2.45782e-05
176	2.40058e-05
177	2.34103e-05
178	2.29569e-05
179	2.24432e-05
180	2.19609e-05
181	2.14606e-05
182	2.09603e-05
183	2.05816e-05
184	2.00418e-05
185	1.95795e-05
186	1.91395e-05
187	1.8735e-05
188	1.84172e-05
189	1.80255e-05
190	1.7648e-05
191	1.72484e-05
192	1.68621e-05
193	1.65597e-05
194	1.62028e-05
195	1.58691e-05
196	1.55049e-05
197	1.51225e-05
198	1.49317e-05
199	1.46475e-05
200	1.43593e-05
201	1.40208e-05
202	1.36569e-05
203	1.34486e-05
204	1.31996e-05
205	1.29703e-05
206	1.26947e-05
207	1.23756e-05
208	1.22146e-05
209	1.20224e-05
210	1.18475e-05
211	1.16408e-05
212	1.13151e-05
213	1.11736e-05
214	1.10458e-05
215	1.09054e-05
216	1.07302e-05
217	1.0483e-05
218	1.03664e-05
219	1.02722e-05
220	1.01422e-05
221	9.97292e-06
222	9.73849e-06
223	9.63534e-06
224	9.56354e-06
225	9.45952e-06
226	9.32723e-06
227	9.11224e-06
228	9.00749e-06
229	8.92356e-06
230	8.84509e-06
231	8.65913e-06
232	8.44412e-06
233	8.3387e-06
234	8.22062e-06
235	8.1697e-06
236	7.99938e-06
237	7.81513e-06
238	7.67609e-06
239	7.60723e-06
240	7.61388e-06
241	7.43323e-06
242	7.28889e-06
243	7.10539e-06
244	7.04623e-06
245	7.10873e-06
246	6.90587e-06
247	6.80291e-06
248	6.6179e-06
249	6.54452e-06
250	6.62931e-06
251	6.48149e-06
252	6.36908e-06
253	6.20212e-06
254	6.11196e-06
255	6.17069e-06
256	6.04253e-06
257	5.88484e-06
258	5.74924e-06
259	5.65632e-06
260	5.64686e-06
261	5.57367e-06
262	5.40497e-06
263	5.29418e-06
264	5.18231e-06
265	5.1883e-06
266	5.20507e-06
267	5.00918e-06
268	4.93656e-06
269	4.82057e-06
270	4.79754e-06
271	4.8441e-06
272	4.66314e-06
273	4.55859e-06
274	4.43577e-06
275	4.43627e-06
276	4.44849e-06
277	4.29696e-06
278	4.18302e-06
279	4.08436e-06
280	4.072e-06
281	4.06683e-06
282	3.95597e-06
283	3.8648e-06
284	3.76004e-06
285	3.72915e-06
286	3.71136e-06
287	3.64583e-06
288	3.55776e-06
289	3.45332e-06
290	3.417e-06
291	3.43939e-06
292	3.36839e-06
293	3.32663e-06
294	3.16642e-06
295	3.1744e-06
296	3.1952e-06
297	3.10382e-06
298	3.07613e-06
299	2.94846e-06
300	2.92049e-06
301	2.94732e-06
302	2.835e-06
303	2.86168e-06
304	2.73628e-06
305	2.69304e-06
306	2.72267e-06
307	2.65021e-06
308	2.64841e-06
309	2.55594e-06
310	2.47051e-06
311	2.52027e-06
312	2.48426e-06
313	2.41066e-06
314	2.36798e-06
315	2.26033e-06
316	2.33263e-06
317	2.30943e-06
318	2.17533e-06
319	2.20474e-06
320	2.09788e-06
321	2.16737e-06
322	2.14662e-06
323	1.97966e-06
324	2.06152e-06
325	1.96904e-06
326	2.0052e-06
327	1.99474e-06
328	1.82933e-06
329	1.8949e-06
330	1.83379e-06
331	1.83149e-06
332	1.85347e-06
333	1.69354e-06
334	1.74348e-06
335	1.69551e-06
336	1.68866e-06
337	1.74169e-06
338	1.58182e-06
339	1.61171e-06
340	1.6011e-06
341	1.59281e-06
342	1.65872e-06
343	1.51924e-06
344	1.53683e-06
345	1.53186e-06
346	1.53976e-06
347	1.6104e-06
348	1.49315e-06
349	1.47743e-06
350	1.45012e-06
351	1.46037e-06
352	1.53391e-06
353	1.47714e-06
354	1.40473e-06
355	1.36315e-06
356	1.3977e-06
357	1.46068e-06
358	1.46106e-06
359	1.32434e-06
360	1.29752e-06
361	1.35761e-06
362	1.41464e-06
363	1.43968e-06
364	1.26789e-06
365	1.26093e-06
366	1.2924e-06
367	1.3747e-06
368	1.38644e-06
369	1.20083e-06
370	1.22258e-06
371	1.20005e-06
372	1.33227e-06
373	1.31217e-06
374	1.15133e-06
375	1.18362e-06
376	1.09795e-06
377	1.29697e-06
378	1.28614e-06
379	1.12807e-06
380	1.15489e-06
381	1.03312e-06
382	1.25245e-06
383	1.30239e-06
384	1.09072e-06
385	1.13469e-06
386	1.01848e-06
387	1.19594e-06
388	1.30298e-06
389	1.06796e-06
390	1.10043e-06
391	1.03218e-06
392	1.10699e-06
393	1.28118e-06
394	1.07925e-06
395	1.07345e-06
396	1.02353e-06
397	1.01248e-06
398	1.2448e-06
399	1.16351e-06
400	1.06554e-06
401	1.05567e-06
402	9.71549e-07
403	1.22608e-06
404	1.21673e-06
405	1.05245e-06
406	1.07036e-06
407	9.46875e-07
408	1.18978e-06
409	1.22105e-06
410	1.01818e-06
411	1.04349e-06
412	9.34402e-07
413	1.128e-06
414	1.2074e-06
415	9.55039e-07
416	1.00232e-06
417	9.21084e-07
418	1.01525e-06
419	1.20135e-06
420	9.01169e-07
421	9.90028e-07
422	9.08808e-07
423	9.40841e-07
424	1.19304e-06
425	9.08982e-07
426	9.8888e-07
427	9.11185e-07
428	9.01684e-07
429	1.15286e-06
430	9.43213e-07
431	9.71032e-07
432	9.03088e-07
433	8.65505e-07
434	1.10138e-06
435	1.02637e-06
436	9.64521e-07
437	9.05112e-07
438	8.43408e-07
439	1.03907e-06
440	1.11617e-06
441	9.22779e-07
442	9.25282e-07
443	8.51017e-07
444	9.82143e-07
445	1.17673e-06
446	9.14764e-07
447	9.53067e-07
448	8.99205e-07
449	9.53485e-07
450	1.1587e-06
451	9.20439e-07
452	9.5383e-07
453	8.98592e-07
454	9.30705e-07
455	1.12315e-06
456	9.3595e-07
457	9.19999e-07
458	8.81559e-07
459	9.02397e-07
460	1.0678e-06
461	9.18008e-07
462	8.82975e-07
463	8.45614e-07
464	8.48427e-07
465	9.81331e-07
466	8.87413e-07
467	8.65186e-07
468	8.17966e-07
469	8.17291e-07
470	9.19476e-07
471	8.70072e-07
472	8.59526e-07
473	8.00012e-07
474	8.09609e-07
475	8.80114e-07
476	8.88919e-07
477	8.60406e-07
478	8.04923e-07
479	8.12571e-07
480	8.69282e-07
481	9.23492e-07
482	8.73331e-07
483	8.04201e-07
484	8.12168e-07
485	8.76807e-07
486	9.46229e-07
487	8.88909e-07
488	8.1338e-07
489	8.20011e-07
490	8.7694e-07
491	9.51319e-07
492	8.9587e-07
493	8.38762e-07
494	8.25659e-07
495	8.67217e-07
496	9.51368e-07
497	8.86502e-07
498	8.60511e-07
499	8.16726e-07
500	8.45045e-07
501	9.37345e-07
502	8.45697e-07
503	8.50276e-07
504	7.93044e-07
505	8.18828e-07
506	9.09123e-07
507	8.01403e-07
508	8.33145e-07
509	7.46597e-07
510	7.94342e-07
511	8.73466e-07
512	7.54692e-07
513	8.16648e-07
514	7.3722e-07
515	7.9517e-07
516	8.55738e-07
517	7.11554e-07
518	8.24925e-07
519	7.43624e-07
520	8.02534e-07
521	8.51316e-07
522	6.89911e-07
523	8.45095e-07
524	7.60261e-07
525	8.16847e-07
526	8.64011e-07
527	7.08806e-07
528	8.47431e-07
529	7.70571e-07
530	8.02787e-07
531	8.62438e-07
532	7.58641e-07
533	8.35138e-07
534	7.91603e-07
535	7.56305e-07
536	8.44164e-07
537	8.42399e-07
538	8.10971e-07
539	8.1016e-07
540	7.52395e-07
541	8.48987e-07
542	8.91686e-07
543	7.5921e-07
544	8.30249e-07
545	7.63666e-07
546	8.49689e-07
547	9.16954e-07
548	7.38579e-07
549	8.41758e-07
550	7.78564e-07
551	8.60177e-07
552	9.02624e-07
553	7.27012e-07
554	8.32445e-07
555	7.76978e-07
556	8.4439e-07
557	8.9239e-07
558	7.25655e-07
559	8.14371e-07
560	7.61666e-07
561	8.21428e-07
562	8.95275e-07
563	7.10771e-07
564	7.91508e-07
565	7.59752e-07
566	8.1818e-07
567	9.13726e-07
568	7.06354e-07
569	7.77238e-07
570	7.70774e-07
571	8.28936e-07
572	9.28336e-07
573	7.29666e-07
574	7.82515e-07
575	7.83457e-07
576	8.35549e-07
577	9.3572e-07
578	7.85442e-07
579	7.96049e-07
580	7.84043e-07
581	8.27422e-07
582	9.10542e-07
583	8.87731e-07
584	8.12172e-07
585	8.06722e-07
586	8.2329e-07
587	9.20521e-07
588	9.55962e-07
589	7.96458e-07
590	8.26657e-07
591	8.42716e-07
592	9.38892e-07
593	9.80814e-07
594	8.09789e-07
595	8.44076e-07
596	8.36672e-07
597	9.54245e-07
598	9.74021e-07
599	7.97022e-07
600	8.23627e-07
601	8.00487e-07
602	9.30067e-07
603	9.50878e-07
604	7.66059e-07
605	8.10187e-07
606	7.57907e-07
607	8.97457e-07
608	9.30799e-07
609	7.42701e-07
610	7.99042e-07
611	7.21303e-07
612	8.7115e-07
613	9.28818e-07
614	7.41756e-07
615	7.9826e-07
616	7.16111e-07
617	8.64882e-07
618	9.57923e-07
619	8.00874e-07
620	8.20486e-07
621	7.48922e-07
622	8.49183e-07
623	9.82506e-07
624	9.1073e-07
625	8.36455e-07
626	7.95817e-07
627	8.45184e-07
628	9.85768e-07
629	9.97236e-07
630	8.22051e-07
631	8.52109e-07
632	8.34198e-07
633	9.9068e-07
634	1.00935e-06
635	8.05941e-07
636	8.59367e-07
637	7.78735e-07
638	9.71874e-07
639	9.68173e-07
640	7.9773e-07
641	8.37672e-07
642	7.30012e-07
643	9.493e-07
644	9.69341e-07
645	7.88773e-07
646	8.27271e-07
647	7.18541e-07
648	9.15874e-07
649	9.84014e-07
650	7.73989e-07
651	8.28758e-07
652	7.16155e-07
653	8.88098e-07
654	9.94067e-07
655	7.87367e-07
656	8.23608e-07
657	7.45602e-07
658	8.40702e-07
659	9.92521e-07
660	8.59697e-07
661	8.3463e-07
662	7.82338e-07
663	8.00057e-07
664	9.9057e-07
665	9.46349e-07
666	8.12148e-07
667	8.2387e-07
668	7.66805e-07
669	9.93372e-07
670	9.88263e-07
671	8.09474e-07
672	8.50311e-07
673	7.33848e-07
674	9.96434e-07
675	1.00066e-06
676	8.13707e-07
677	8.57644e-07
678	7.2898e-07
679	9.60434e-07
680	1.01281e-06
681	8.01993e-07
682	8.39777e-07
683	7.23357e-07
684	9.1176e-07
685	1.01139e-06
686	7.78103e-07
687	8.27611e-07
688	7.35176e-07
689	8.69083e-07
690	1.00938e-06
691	7.67601e-07
692	8.25499e-07
693	7.5428e-07
694	7.9979e-07
695	1.00901e-06
696	8.14301e-07
697	8.45172e-07
698	7.77389e-07
699	7.46062e-07
700	1.01857e-06
701	9.40751e-07
702	8.52962e-07
703	8.26517e-07
704	7.35854e-07
705	1.01393e-06
706	1.03224e-06
707	8.32749e-07
708	8.57403e-07
709	7.37108e-07
710	9.77595e-07
711	1.04502e-06
712	8.00536e-07
713	8.53922e-07
714	7.52298e-07
715	9.3155e-07
716	1.04253e-06
717	7.77945e-07
718	8.38024e-07
719	7.55252e-07
720	8.69799e-07
721	1.04325e-06
722	7.58701e-07
723	8.34149e-07
724	7.53758e-07
725	8.0646e-07
726	1.04498e-06
727	7.71394e-07
728	8.52601e-07
729	7.76644e-07
730	7.6118e-07
731	1.03372e-06
732	8.516e-07
733	8.68396e-07
734	7.96349e-07
735	7.37364e-07
736	1.0031e-06
737	9.67198e-07
738	8.61636e-07
739	8.14039e-07
740	7.48636e-07
741	9.75695e-07
742	1.0506e-06
743	8.18443e-07
744	8.35305e-07
745	7.67905e-07
746	9.21497e-07
747	1.07071e-06
748	7.68042e-07
749	8.38762e-07
750	7.68005e-07
751	8.51443e-07
752	1.05521e-06
753	7.6793e-07
754	8.42139e-07
755	7.74389e-07
756	8.12673e-07
757	1.04022e-06
758	7.90704e-07
759	8.3908e-07
760	7.66095e-07
761	7.75745e-07
762	1.00449e-06
763	8.04636e-07
764	8.17371e-07
765	7.56686e-07
766	7.59823e-07
767	9.59171e-07
768	8.24432e-07
769	7.9792e-07
770	7.47721e-07
771	7.51069e-07
772	9.03303e-07
773	8.90768e-07
774	8.00915e-07
775	7.57205e-07
776	7.35655e-07
777	8.55992e-07
778	9.66537e-07
779	8.2383e-07
780	7.91688e-07
781	7.60257e-07
782	8.52709e-07
783	1.03232e-06
784	8.36348e-07
785	8.20885e-07
786	7.78271e-07
787	8.40522e-07
788	1.03738e-06
789	8.18765e-07
790	8.29426e-07
791	7.88461e-07
792	8.24973e-07
793	9.90248e-07
794	8.11296e-07
795	8.02489e-07
796	7.68137e-07
797	8.05279e-07
798	9.3165e-07
799	8.18959e-07
800	7.81385e-07
801	7.48752e-07
802	7.81942e-07
803	8.74859e-07
804	8.14063e-07
805	7.92122e-07
806	7.37499e-07
807	7.64828e-07
808	8.38406e-07
809	8.01524e-07
810	7.94941e-07
811	7.23507e-07
812	7.50009e-07
813	8.12725e-07
814	8.00572e-07
815	7.98331e-07
816	7.17106e-07
817	7.45277e-07
818	7.97447e-07
819	8.29552e-07
820	8.0418e-07
821	7.22167e-07
822	7.38678e-07
823	8.08676e-07
824	8.58807e-07
825	8.23742e-07
826	7.48217e-07
827	7.48002e-07
828	8.27319e-07
829	8.81363e-07
830	8.51074e-07
831	7.94351e-07
832	7.7127e-07
833	8.49184e-07
834	9.09273e-07
835	8.60317e-07
836	8.37522e-07
837	7.83476e-07
838	8.35003e-07
839	9.11026e-07
840	8.31315e-07
841	8.39994e-07
842	7.58606e-07
843	8.18236e-07
844	8.88938e-07
845	7.93735e-07
846	8.28697e-07
847	7.12356e-07
848	7.84378e-07
849	8.58341e-07
850	7.34324e-07
851	8.10944e-07
852	7.06463e-07
853	7.74133e-07
854	8.39878e-07
855	6.82691e-07
856	8.02718e-07
857	7.14327e-07
858	7.64657e-07
859	8.28575e-07
860	6.5501e-07
861	8.12536e-07
862	7.31923e-07
863	7.71972e-07
864	8.33664e-07
865	6.701e-07
866	8.11167e-07
867	7.49105e-07
868	7.64446e-07
869	8.37003e-07
870	7.42485e-07
871	8.06932e-07
872	7.72241e-07
873	7.36435e-07
874	8.4101e-07
875	8.26e-07
876	7.93181e-07
877	7.88557e-07
878	7.3992e-07
879	8.55452e-07
880	8.7606e-07
881	7.51198e-07
882	8.1562e-07
883	7.56706e-07
884	8.62292e-07
885	9.06274e-07
886	7.39847e-07
887	8.41063e-07
888	7.82782e-07
889	8.7046e-07
890	9.10991e-07
891	7.39305e-07
892	8.22685e-07
893	7.84183e-07
894	8.43716e-07
895	8.9665e-07
896	7.32815e-07
897	7.93362e-07
898	7.61308e-07
899	8.17674e-07
900	9.00607e-07
901	7.17255e-07
902	7.64144e-07
903	7.7069e-07
904	8.09354e-07
905	9.11557e-07
906	7.13169e-07
907	7.6115e-07
908	7.71261e-07
909	8.31999e-07
910	9.16345e-07
911	7.06165e-07
912	7.70136e-07
913	7.55408e-07
914	8.42766e-07
915	9.21068e-07
916	7.18411e-07
917	7.80902e-07
918	7.44947e-07
919	8.39403e-07
920	9.09782e-07
921	7.67089e-07
922	7.86206e-07
923	7.39807e-07
924	8.25859e-07
925	9.29129e-07
926	8.68036e-07
927	8.10997e-07
928	7.70663e-07
929	8.42758e-07
930	9.5186e-07
931	9.6348e-07
932	8.19508e-07
933	8.19211e-07
934	8.51535e-07
935	9.71027e-07
936	9.96493e-07
937	8.10707e-07
938	8.42432e-07
939	8.27327e-07
940	9.71112e-07
941	9.78104e-07
942	7.93331e-07
943	8.3945e-07
944	7.63555e-07
945	9.49124e-07
946	9.42062e-07
947	7.80647e-07
948	8.19166e-07
949	7.09383e-07
950	9.22037e-07
951	9.50583e-07
952	7.7128e-07
953	8.15846e-07
954	7.1175e-07
955	9.00662e-07
956	9.84613e-07
957	7.73433e-07
958	8.2827e-07
959	7.34887e-07
960	8.8005e-07
961	1.00824e-06
962	8.18321e-07
963	8.30109e-07
964	7.70666e-07
965	8.39172e-07
966	1.00115e-06
967	9.15351e-07
968	8.30131e-07
969	8.15711e-07
970	8.02059e-07
971	9.98743e-07
972	9.83843e-07
973	8.14804e-07
974	8.47924e-07
975	7.681e-07
976	1.00152e-06
977	9.99836e-07
978	8.22211e-07
979	8.58531e-07
980	7.37146e-07
981	9.91172e-07
982	1.00544e-06
983	8.16707e-07
984	8.58949e-07
985	7.23858e-07
986	9.44501e-07
987	1.0193e-06
988	7.89106e-07
989	8.39584e-07
990	7.28928e-07
991	8.9388e-07
992	1.01439e-06
993	7.74355e-07
994	8.29612e-07
995	7.50794e-07
996	8.40623e-07
997	1.01341e-06
998	8.01477e-07
999	8.27361e-07
1000	7.65336e-07
1001	7.6514e-07
1002	9.93864e-07
1003	8.90826e-07
1004	8.33565e-07
1005	7.98323e-07
1006	7.27342e-07
1007	1.00353e-06
1008	9.94634e-07
1009	8.19133e-07
1010	8.47876e-07
1011	7.24575e-07
1012	9.86042e-07
1013	1.02429e-06
1014	8.02232e-07
1015	8.51668e-07
1016	7.25822e-07
1017	9.44952e-07
1018	1.02529e-06
1019	7.84413e-07
1020	8.38747e-07
1021	7.3499e-07
1022	8.96405e-07
1023	1.02567e-06
1024	7.64714e-07
1025	8.24892e-07
1026	7.40801e-07
1027	8.32197e-07
1028	1.01557e-06
1029	7.53565e-07
1030	8.24655e-07
1031	7.52195e-07
1032	7.58201e-07
1033	1.01305e-06
1034	8.33169e-07
1035	8.51135e-07
1036	7.83751e-07
1037	7.22582e-07
1038	1.00617e-06
1039	9.53962e-07
1040	8.49216e-07
1041	8.13567e-07
1042	7.19507e-07
1043	9.81481e-07
1044	1.03826e-06
1045	8.0818e-07
1046	8.40212e-07
1047	7.44374e-07
1048	9.40555e-07
1049	1.04025e-06
1050	7.70565e-07
1051	8.33486e-07
1052	7.47129e-07
1053	8.82832e-07
1054	1.03039e-06
1055	7.41264e-07
1056	8.19077e-07
1057	7.38127e-07
1058	8.07778e-07
1059	1.03221e-06
1060	7.44727e-07
1061	8.30078e-07
1062	7.51823e-07
1063	7.69334e-07
1064	1.02418e-06
1065	7.79613e-07
1066	8.37755e-07
1067	7.68039e-07
1068	7.30499e-07
1069	9.87647e-07
1070	8.65386e-07
1071	8.34354e-07
1072	7.74926e-07
1073	7.27004e-07
1074	9.57573e-07
1075	9.64547e-07
1076	8.29182e-07
1077	7.8958e-07
1078	7.42797e-07
1079	9.30677e-07
1080	1.03303e-06
1081	7.93072e-07
1082	8.06976e-07
1083	7.5105e-07
1084	8.58198e-07
1085	1.06052e-06
1086	7.71132e-07
1087	8.36987e-07
1088	7.77551e-07
1089	8.31934e-07
1090	1.04948e-06
1091	7.91869e-07
1092	8.45743e-07
1093	7.81291e-07
1094	8.10723e-07
1095	1.01748e-06
1096	8.16037e-07
1097	8.27889e-07
1098	7.67334e-07
1099	7.85139e-07
1100	9.83283e-07
1101	8.18105e-07
1102	7.98749e-07
1103	7.49385e-07
1104	7.73659e-07
1105	9.32123e-07
1106	8.22322e-07
1107	7.76601e-07
1108	7.38044e-07
1109	7.5159e-07
1110	8.5981e-07
1111	8.69994e-07
1112	8.04698e-07
1113	7.62901e-07
1114	7.61971e-07
1115	8.43777e-07
1116	9.34761e-07
1117	8.45499e-07
1118	7.86473e-07
1119	7.63397e-07
1120	8.5178e-07
1121	9.8146e-07
1122	8.61908e-07
1123	8.1162e-07
1124	7.83492e-07
1125	8.66743e-07
1126	1.01331e-06
1127	8.56516e-07
1128	8.12696e-07
1129	7.9188e-07
1130	8.48036e-07
1131	9.85924e-07
1132	8.38882e-07
1133	8.04523e-07
1134	7.89414e-07
1135	8.36187e-07
1136	9.22851e-07
1137	8.39637e-07
1138	8.19401e-07
1139	7.81358e-07
1140	8.25808e-07
1141	8.901e-07
1142	8.42867e-07
1143	8.27388e-07
1144	7.64828e-07
1145	7.89087e-07
1146	8.68507e-07
1147	8.03159e-07
1148	8.17152e-07
1149	7.36695e-07
1150	7.64644e-07
1151	8.46356e-07
1152	7.51293e-07
1153	7.97674e-07
1154	7.06742e-07
1155	7.50834e-07
1156	8.17976e-07
1157	7.12388e-07
1158	7.89436e-07
1159	7.08716e-07
1160	7.54758e-07
1161	8.03971e-07
1162	7.26271e-07
1163	8.19598e-07
1164	7.30015e-07
1165	7.66243e-07
1166	8.31456e-07
1167	7.85086e-07
1168	8.59274e-07
1169	7.80068e-07
1170	7.74766e-07
1171	8.53585e-07
1172	8.5047e-07
1173	8.62036e-07
1174	8.14239e-07
1175	7.66415e-07
1176	8.46504e-07
1177	8.93229e-07
1178	8.27211e-07
1179	8.23286e-07
1180	7.3787e-07
1181	8.16574e-07
1182	8.94471e-07
1183	7.62623e-07
1184	8.11923e-07
1185	7.37181e-07
1186	8.07884e-07
1187	8.75193e-07
1188	7.18837e-07
1189	8.11299e-07
1190	7.45303e-07
1191	7.94148e-07
1192	8.58678e-07
1193	6.92922e-07
1194	8.01583e-07
1195	7.385e-07
1196	7.83557e-07
1197	8.37596e-07
1198	6.79998e-07
1199	7.84418e-07
1200	7.31187e-07
1201	7.74265e-07
1202	8.20967e-07
1203	6.82823e-07
1204	7.70155e-07
1205	7.28646e-07
1206	7.83519e-07
1207	8.46505e-07
1208	6.80909e-07
1209	7.75988e-07
1210	7.49666e-07
1211	8.14602e-07
1212	8.87954e-07
1213	6.96081e-07
1214	7.89824e-07
1215	7.90893e-07
1216	8.43427e-07
1217	9.34219e-07
1218	7.57405e-07
1219	7.95195e-07
1220	8.03318e-07
1221	8.45743e-07
1222	9.40995e-07
1223	8.47726e-07
1224	8.09814e-07
1225	8.05173e-07
1226	8.42472e-07
1227	9.12592e-07
1228	9.36467e-07
1229	7.92304e-07
1230	8.21771e-07
1231	8.28596e-07
1232	9.03944e-07
1233	9.54091e-07
1234	7.76268e-07
1235	8.16165e-07
1236	8.33128e-07
1237	9.18875e-07
1238	9.55491e-07
1239	7.84511e-07
1240	8.1731e-07
1241	8.06346e-07
1242	9.28052e-07
1243	9.38378e-07
1244	7.72452e-07
1245	8.00772e-07
1246	7.59364e-07
1247	9.05842e-07
1248	9.22007e-07
1249	7.38579e-07
1250	7.93187e-07
1251	7.24591e-07
1252	8.73603e-07
1253	9.13812e-07
1254	7.2066e-07
1255	7.9201e-07
1256	7.11488e-07
1257	8.63866e-07
1258	9.40549e-07
1259	7.55699e-07
1260	8.00672e-07
1261	7.36107e-07
1262	8.55339e-07
1263	9.67713e-07
1264	8.53146e-07
1265	8.29185e-07
1266	7.64917e-07
1267	8.45751e-07
1268	9.72695e-07
1269	9.65037e-07
1270	8.13073e-07
1271	8.21505e-07
1272	8.36948e-07
1273	9.75741e-07
1274	9.97097e-07
1275	7.99805e-07
1276	8.48668e-07
1277	7.96387e-07
1278	9.62629e-07
1279	9.63307e-07
1280	7.82241e-07
1281	8.3137e-07
1282	7.28657e-07
1283	9.33724e-07
1284	9.40097e-07
1285	7.6569e-07
1286	8.12074e-07
1287	6.97234e-07
1288	9.08994e-07
1289	9.59341e-07
1290	7.56306e-07
1291	8.1483e-07
1292	7.05214e-07
1293	8.76535e-07
1294	9.71341e-07
1295	7.70472e-07
1296	8.13855e-07
1297	7.21285e-07
1298	8.36762e-07
1299	9.70893e-07
1300	8.49262e-07
1301	8.27049e-07
1302	7.6411e-07
1303	8.05039e-07
1304	9.67879e-07
1305	9.40678e-07
1306	8.04413e-07
1307	8.18492e-07
1308	7.82624e-07
1309	9.74389e-07
1310	9.76723e-07
1311	7.88849e-07
1312	8.43036e-07
1313	7.33964e-07
1314	9.71742e-07
1315	9.76041e-07
1316	7.8455e-07
1317	8.40041e-07
1318	7.19445e-07
1319	9.48833e-07
1320	9.91148e-07
1321	7.82872e-07
1322	8.41331e-07
1323	7.09151e-07
1324	9.09402e-07
1325	9.96587e-07
1326	7.73947e-07
1327	8.2756e-07
1328	7.21352e-07
1329	8.67408e-07
1330	9.93378e-07
1331	7.96179e-07
1332	8.2541e-07
1333	7.47332e-07
1334	8.16039e-07
1335	9.84538e-07
1336	8.7365e-07
1337	8.2922e-07
1338	7.81619e-07
1339	7.67093e-07
1340	9.77727e-07
1341	9.46533e-07
1342	8.08245e-07
1343	8.24384e-07
1344	7.36238e-07
1345	9.94791e-07
1346	1.00144e-06
1347	8.01446e-07
1348	8.58639e-07
1349	7.37843e-07
1350	9.77828e-07
1351	1.01498e-06
1352	7.95266e-07
1353	8.57153e-07
1354	7.23801e-07
1355	9.38489e-07
1356	1.02336e-06
1357	7.83173e-07
1358	8.42505e-07
1359	7.36593e-07
1360	8.93501e-07
1361	1.02185e-06
1362	7.82958e-07
1363	8.36837e-07
1364	7.5474e-07
1365	8.42056e-07
1366	1.01341e-06
1367	8.14047e-07
1368	8.37305e-07
1369	7.68112e-07
1370	7.6941e-07
1371	1.00237e-06
1372	9.05183e-07
1373	8.49589e-07
1374	8.0708e-07
1375	7.38288e-07
1376	1.0138e-06
1377	1.00766e-06
1378	8.36213e-07
1379	8.59032e-07
1380	7.44146e-07
1381	9.99402e-07
1382	1.04627e-06
1383	8.14498e-07
1384	8.65014e-07
1385	7.47473e-07
1386	9.56338e-07
1387	1.0414e-06
1388	7.91543e-07
1389	8.46868e-07
1390	7.49486e-07
1391	9.06262e-07
1392	1.03579e-06
1393	7.70307e-07
1394	8.29634e-07
1395	7.46341e-07
1396	8.41627e-07
1397	1.02493e-06
1398	7.52359e-07
1399	8.32595e-07
1400	7.51767e-07
1401	7.75754e-07
1402	1.02703e-06
1403	8.03455e-07
1404	8.49483e-07
1405	7.80449e-07
1406	7.37427e-07
1407	1.01509e-06
1408	9.32209e-07
1409	8.64761e-07
1410	8.11643e-07
1411	7.3635e-07
1412	9.98118e-07
1413	1.03586e-06
1414	8.37199e-07
1415	8.41568e-07
1416	7.57678e-07
1417	9.61275e-07
1418	1.07341e-06
1419	7.93955e-07
1420	8.52885e-07
1421	7.7623e-07
1422	9.05932e-07
1423	1.05518e-06
1424	7.61962e-07
1425	8.4263e-07
1426	7.65598e-07
1427	8.39701e-07
1428	1.05479e-06
1429	7.74342e-07
1430	8.45618e-07
1431	7.73548e-07
1432	7.94373e-07
1433	1.04152e-06
1434	7.97119e-07
1435	8.45084e-07
1436	7.65774e-07
1437	7.65931e-07
1438	9.97711e-07
1439	8.08309e-07
1440	8.17776e-07
1441	7.57172e-07
1442	7.42653e-07
1443	9.51755e-07
1444	8.69239e-07
1445	8.151e-07
1446	7.59891e-07
1447	7.44845e-07
1448	9.08742e-07
1449	9.49364e-07
1450	8.13266e-07
1451	7.85382e-07
1452	7.46809e-07
1453	8.72095e-07
1454	1.03001e-06
1455	8.31765e-07
1456	8.188e-07
1457	7.83172e-07
1458	8.58746e-07
1459	1.06397e-06
1460	8.30574e-07
1461	8.45608e-07
1462	8.01009e-07
1463	8.50052e-07
1464	1.0358e-06
1465	8.31804e-07
1466	8.39308e-07
1467	8.01863e-07
1468	8.34234e-07
1469	9.90574e-07
1470	8.38988e-07
1471	8.03519e-07
1472	7.70854e-07
1473	8.04573e-07
1474	9.24085e-07
1475	8.30771e-07
1476	7.98615e-07
1477	7.54517e-07
1478	7.76047e-07
1479	8.66921e-07
1480	8.17597e-07
1481	7.98752e-07
1482	7.37499e-07
1483	7.64075e-07
1484	8.31823e-07
1485	8.0323e-07
1486	7.93398e-07
1487	7.29283e-07
1488	7.47414e-07
1489	8.09745e-07
1490	8.28036e-07
1491	8.03832e-07
1492	7.28628e-07
1493	7.45064e-07
1494	8.03107e-07
1495	8.54824e-07
1496	8.11626e-07
1497	7.33626e-07
1498	7.41061e-07
1499	8.18897e-07
1500	8.75645e-07
1501	8.34713e-07
1502	7.63921e-07
1503	7.64388e-07
1504	8.35838e-07
1505	9.00789e-07
1506	8.53112e-07
1507	8.1121e-07
1508	7.74674e-07
1509	8.39409e-07
1510	9.07306e-07
1511	8.42494e-07
1512	8.29357e-07
1513	7.71245e-07
1514	8.17909e-07
1515	8.97509e-07
1516	8.10473e-07
1517	8.26421e-07
1518	7.39343e-07
1519	7.98143e-07
1520	8.69418e-07
1521	7.66543e-07
1522	8.09978e-07
1523	6.94597e-07
1524	7.66136e-07
1525	8.35399e-07
1526	7.02698e-07
1527	7.94299e-07
1528	6.97019e-07
1529	7.60483e-07
1530	8.21939e-07
1531	6.5764e-07
1532	7.95961e-07
1533	7.07859e-07
1534	7.52776e-07
1535	8.13881e-07
1536	6.44455e-07
1537	7.98804e-07
1538	7.20607e-07
1539	7.51223e-07
1540	8.17269e-07
1541	6.8787e-07
1542	7.96777e-07
1543	7.42797e-07
1544	7.33472e-07
1545	8.13908e-07
1546	7.78064e-07
1547	7.92287e-07
1548	7.70537e-07
1549	7.16163e-07
1550	8.25485e-07
1551	8.48508e-07
1552	7.55822e-07
1553	7.87272e-07
1554	7.27381e-07
1555	8.28273e-07
1556	8.82152e-07
1557	7.10808e-07
1558	8.1316e-07
1559	7.42639e-07
1560	8.32664e-07
1561	8.85602e-07
1562	7.10208e-07
1563	8.20262e-07
1564	7.55856e-07
1565	8.3492e-07
1566	8.79927e-07
1567	7.04389e-07
1568	7.95397e-07
1569	7.46357e-07
1570	7.94242e-07
1571	8.74062e-07
1572	7.01305e-07
1573	7.73664e-07
1574	7.43288e-07
1575	7.78636e-07
1576	8.86986e-07
1577	6.91655e-07
1578	7.55682e-07
1579	7.58195e-07
1580	7.90868e-07
1581	8.95864e-07
1582	6.95863e-07
1583	7.60634e-07
1584	7.61971e-07
1585	8.12279e-07
1586	9.00886e-07
1587	7.17181e-07
1588	7.62512e-07
1589	7.60699e-07
1590	8.07469e-07
1591	8.91166e-07
1592	7.82121e-07
1593	7.81462e-07
1594	7.55505e-07
1595	7.98756e-07
1596	8.70358e-07
1597	8.80565e-07
1598	7.90477e-07
1599	7.71452e-07
1600	8.03352e-07
1601	8.88581e-07
1602	9.48602e-07
1603	7.83678e-07
1604	8.03688e-07
1605	8.22809e-07
1606	9.16634e-07
1607	9.73545e-07
1608	7.93735e-07
1609	8.116e-07
1610	8.13669e-07
1611	9.34126e-07
1612	9.655e-07
1613	7.80215e-07
1614	8.08835e-07
1615	7.98022e-07
1616	9.19249e-07
1617	9.49573e-07
1618	7.52786e-07
1619	8.06172e-07
1620	7.48421e-07
1621	8.9176e-07
1622	9.23967e-07
1623	7.41934e-07
1624	8.05764e-07
1625	7.14472e-07
1626	8.79009e-07
1627	9.46051e-07
1628	7.57264e-07
1629	8.14829e-07
1630	7.3318e-07
1631	8.76187e-07
1632	9.78557e-07
1633	8.20053e-07
1634	8.34418e-07
1635	7.57095e-07
1636	8.55732e-07
1637	9.92093e-07
1638	9.25376e-07
1639	8.38553e-07
1640	8.04523e-07
1641	8.43274e-07
1642	9.89799e-07
1643	9.98842e-07
1644	8.15804e-07
1645	8.51527e-07
1646	8.2024e-07
1647	9.90307e-07
1648	9.99285e-07
1649	8.03696e-07
1650	8.52846e-07
1651	7.57234e-07
1652	9.77843e-07
1653	9.72003e-07
1654	8.02312e-07
1655	8.3639e-07
1656	7.21443e-07
1657	9.52142e-07
1658	9.81812e-07
1659	7.95656e-07
1660	8.3635e-07
1661	7.11916e-07
1662	9.13657e-07
1663	9.98346e-07
1664	7.77015e-07
1665	8.26884e-07
1666	7.2475e-07
1667	8.7721e-07
1668	9.96611e-07
1669	7.86015e-07
1670	8.20684e-07
1671	7.51923e-07
1672	8.2505e-07
1673	9.96922e-07
1674	8.56409e-07
1675	8.30712e-07
1676	7.83737e-07
1677	7.75131e-07
1678	9.93011e-07
1679	9.38732e-07
1680	8.20135e-07
1681	8.22037e-07
1682	7.46327e-07
1683	1.0089e-06
1684	1.00458e-06
1685	8.24507e-07
1686	8.56494e-07
1687	7.32376e-07
1688	9.91595e-07
1689	1.01206e-06
1690	8.11758e-07
1691	8.50953e-07
1692	7.23533e-07
1693	9.43984e-07
1694	1.01477e-06
1695	7.89371e-07
1696	8.32334e-07
1697	7.32631e-07
1698	8.95918e-07
1699	1.01902e-06
1700	7.67031e-07
1701	8.2264e-07
1702	7.41756e-07
1703	8.37898e-07
1704	1.01842e-06
1705	7.54363e-07
1706	8.26257e-07
1707	7.54348e-07
1708	7.65587e-07
1709	1.02305e-06
1710	8.30281e-07
1711	8.55684e-07
1712	7.89561e-07
1713	7.32743e-07
1714	1.01858e-06
1715	9.57505e-07
1716	8.59781e-07
1717	8.19576e-07
1718	7.25382e-07
1719	9.93902e-07
1720	1.04106e-06
1721	8.25115e-07
1722	8.49006e-07
1723	7.52271e-07
1724	9.57046e-07
1725	1.05672e-06
1726	7.88429e-07
1727	8.47545e-07
1728	7.63732e-07
1729	9.01824e-07
1730	1.04767e-06
1731	7.57839e-07
1732	8.33482e-07
1733	7.54333e-07
1734	8.27535e-07
1735	1.05032e-06
1736	7.59196e-07
1737	8.416e-07
1738	7.62755e-07
1739	7.86428e-07
1740	1.0387e-06
1741	7.86638e-07
1742	8.47883e-07
1743	7.70504e-07
1744	7.52907e-07
1745	1.00104e-06
1746	8.3777e-07
1747	8.37976e-07
1748	7.70641e-07
1749	7.37204e-07
1750	9.58078e-07
1751	9.36913e-07
1752	8.36676e-07
1753	7.83525e-07
1754	7.45394e-07
1755	9.2845e-07
1756	1.01487e-06
1757	8.07359e-07
1758	7.9921e-07
1759	7.51994e-07
1760	8.66552e-07
1761	1.06502e-06
1762	7.90963e-07
1763	8.34732e-07
1764	7.81411e-07
1765	8.36295e-07
1766	1.05189e-06
1767	7.90733e-07
1768	8.42207e-07
1769	7.81115e-07
1770	8.15452e-07
1771	1.01361e-06
1772	8.11894e-07
1773	8.24915e-07
1774	7.69717e-07
1775	7.90575e-07
1776	9.77366e-07
1777	8.11949e-07
1778	7.94256e-07
1779	7.42049e-07
1780	7.68904e-07
1781	9.17931e-07
1782	8.08965e-07
1783	7.69464e-07
1784	7.27742e-07
1785	7.45623e-07
1786	8.40239e-07
1787	8.31574e-07
1788	7.86414e-07
1789	7.33367e-07
1790	7.46571e-07
1791	8.11594e-07
1792	8.87161e-07
1793	8.20745e-07
1794	7.55748e-07
1795	7.48481e-07
1796	8.25436e-07
1797	9.37046e-07
1798	8.4078e-07
1799	7.8257e-07
1800	7.60181e-07
1801	8.42176e-07
1802	9.74529e-07
1803	8.38652e-07
1804	7.82897e-07
1805	7.65929e-07
1806	8.29909e-07
1807	9.56852e-07
1808	8.23547e-07
1809	7.87433e-07
1810	7.72794e-07
1811	8.21596e-07
1812	9.04237e-07
1813	8.22072e-07
1814	8.08359e-07
1815	7.64408e-07
1816	8.1358e-07
1817	8.74561e-07
1818	8.26395e-07
1819	8.17085e-07
1820	7.52284e-07
1821	7.8272e-07
1822	8.62891e-07
1823	7.94823e-07
1824	8.13976e-07
1825	7.25171e-07
1826	7.60699e-07
1827	8.39914e-07
1828	7.37612e-07
1829	7.92043e-07
1830	6.88789e-07
1831	7.43e-07
1832	8.05359e-07
1833	6.94542e-07
1834	7.78494e-07
1835	6.94986e-07
1836	7.3934e-07
1837	7.90047e-07
1838	7.12093e-07
1839	8.09945e-07
1840	7.20782e-07
1841	7.48797e-07
1842	8.21567e-07
1843	7.75571e-07
1844	8.49308e-07
1845	7.75063e-07
1846	7.60779e-07
1847	8.45268e-07
1848	8.46996e-07
1849	8.53365e-07
1850	8.12309e-07
1851	7.56514e-07
1852	8.34515e-07
1853	8.9065e-07
1854	8.11824e-07
1855	8.20331e-07
1856	7.33723e-07
1857	8.12282e-07
1858	8.90828e-07
1859	7.51342e-07
1860	8.09411e-07
1861	7.35359e-07
1862	8.09654e-07
1863	8.72678e-07
1864	7.14165e-07
1865	8.08544e-07
1866	7.3909e-07
1867	8.00942e-07
1868	8.6401e-07
1869	6.97792e-07
1870	8.08387e-07
1871	7.37845e-07
1872	7.84024e-07
1873	8.46481e-07
1874	6.88326e-07
1875	7.93107e-07
1876	7.27172e-07
1877	7.62658e-07
1878	8.25911e-07
1879	6.81947e-07
1880	7.73158e-07
1881	7.24802e-07
1882	7.60097e-07
1883	8.41158e-07
1884	6.79645e-07
1885	7.69307e-07
1886	7.39894e-07
1887	7.90125e-07
1888	8.67066e-07
1889	6.89433e-07
1890	7.69583e-07
1891	7.8504e-07
1892	8.13733e-07
1893	9.04549e-07
1894	7.52502e-07
1895	7.78711e-07
1896	8.07921e-07
1897	8.24527e-07
1898	9.21494e-07
1899	8.48006e-07
1900	8.03421e-07
1901	8.04339e-07
1902	8.20846e-07
1903	9.07853e-07
1904	9.20703e-07
1905	7.95636e-07
1906	8.05165e-07
1907	8.18843e-07
1908	8.87523e-07
1909	9.52591e-07
1910	7.73593e-07
1911	7.96886e-07
1912	8.25971e-07
1913	9.00961e-07
1914	9.54307e-07
1915	7.76899e-07
1916	8.04381e-07
1917	8.12472e-07
1918	9.22109e-07
1919	9.40587e-07
1920	7.65916e-07
1921	8.00533e-07
1922	7.75299e-07
1923	9.18542e-07
1924	9.29023e-07
1925	7.54987e-07
1926	8.04088e-07
1927	7.32406e-07
1928	8.99401e-07
1929	9.24008e-07
1930	7.52549e-07
1931	8.0459e-07
1932	7.06331e-07
1933	8.95033e-07
1934	9.59665e-07
1935	7.67595e-07
1936	8.12903e-07
1937	7.34415e-07
1938	8.92234e-07
1939	9.92782e-07
1940	8.1115e-07
1941	8.23357e-07
1942	7.51803e-07
1943	8.66473e-07
1944	9.96284e-07
1945	8.8827e-07
1946	8.26649e-07
1947	7.85196e-07
1948	8.26167e-07
1949	9.8583e-07
1950	9.61777e-07
1951	8.12386e-07
1952	8.32721e-07
1953	7.89616e-07
1954	9.88058e-07
1955	9.72085e-07
1956	8.19352e-07
1957	8.45279e-07
1958	7.41223e-07
1959	9.94689e-07
1960	9.75164e-07
1961	8.20532e-07
1962	8.47841e-07
1963	7.19213e-07
1964	9.58045e-07
1965	9.97017e-07
1966	7.96021e-07
1967	8.33863e-07
1968	7.13779e-07
1969	9.07487e-07
1970	1.00563e-06
1971	7.65546e-07
1972	8.19436e-07
1973	7.32461e-07
1974	8.62637e-07
1975	1.00736e-06
1976	7.61736e-07
1977	8.16771e-07
1978	7.54314e-07
1979	7.988e-07
1980	1.0087e-06
1981	8.20595e-07
1982	8.34419e-07
1983	7.75845e-07
1984	7.43836e-07
1985	1.0149e-06
1986	9.42738e-07
1987	8.47469e-07
1988	8.22876e-07
1989	7.37043e-07
1990	1.0137e-06
1991	1.02801e-06
1992	8.40667e-07
1993	8.58478e-07
1994	7.32665e-07
1995	9.8695e-07
1996	1.03769e-06
1997	8.11869e-07
1998	8.56138e-07
1999	7.49619e-07
2000	9.36359e-07
2001	1.04299e-06
2002	7.83411e-07
2003	8.39965e-07
2004	7.52121e-07
2005	8.73486e-07
2006	1.03962e-06
2007	7.53982e-07
2008	8.27675e-07
2009	7.46752e-07
2010	7.98987e-07
2011	1.03298e-06
2012	7.6071e-07
2013	8.42857e-07
2014	7.65942e-07
2015	7.48109e-07
2016	1.02168e-06
2017	8.55822e-07
2018	8.61188e-07
2019	7.89741e-07
2020	7.17989e-07
2021	9.90693e-07
2022	9.61016e-07
2023	8.42552e-07
2024	7.98979e-07
2025	7.27336e-07
2026	9.58031e-07
2027	1.03832e-06
2028	7.99599e-07
2029	8.22101e-07
2030	7.52595e-07
2031	9.09599e-07
2032	1.04839e-06
2033	7.54288e-07
2034	8.23212e-07
2035	7.49385e-07
2036	8.3625e-07
2037	1.04e-06
2038	7.50997e-07
2039	8.3359e-07
2040	7.61391e-07
2041	8.01428e-07
2042	1.03876e-06
2043	7.80296e-07
2044	8.40652e-07
2045	7.63425e-07
2046	7.68602e-07
2047	1.00349e-06
2048	7.99533e-07
2049	8.23628e-07
2050	7.57139e-07
2051	7.50791e-07
2052	9.56558e-07
2053	8.37051e-07
2054	8.07611e-07
2055	7.50461e-07
2056	7.43261e-07
2057	9.02857e-07
2058	9.10987e-07
2059	8.0112e-07
2060	7.62005e-07
2061	7.32803e-07
2062	8.60145e-07
2063	9.90393e-07
2064	8.17587e-07
2065	7.95125e-07
2066	7.58487e-07
2067	8.47571e-07
2068	1.04116e-06
2069	8.15828e-07
2070	8.18555e-07
2071	7.70747e-07
2072	8.21548e-07
2073	1.02534e-06
2074	7.99174e-07
2075	8.19469e-07
2076	7.7576e-07
2077	8.09663e-07
2078	9.77657e-07
2079	8.0543e-07
2080	7.95601e-07
2081	7.54775e-07
2082	7.89196e-07
2083	9.27554e-07
2084	8.07121e-07
2085	7.69769e-07
2086	7.41461e-07
2087	7.68158e-07
2088	8.69945e-07
2089	8.14399e-07
2090	7.86392e-07
2091	7.36521e-07
2092	7.63045e-07
2093	8.38522e-07
2094	8.10059e-07
2095	7.96015e-07
2096	7.33264e-07
2097	7.53385e-07
2098	8.19124e-07
2099	8.336e-07
2100	8.13819e-07
2101	7.39211e-07
2102	7.556e-07
2103	8.20049e-07
2104	8.65022e-07
2105	8.23201e-07
2106	7.43459e-07
2107	7.51382e-07
2108	8.26889e-07
2109	8.89363e-07
2110	8.4133e-07
2111	7.64418e-07
2112	7.63018e-07
2113	8.40774e-07
2114	9.05539e-07
2115	8.56658e-07
2116	8.04016e-07
2117	7.77957e-07
2118	8.46922e-07
2119	9.13474e-07
2120	8.55365e-07
2121	8.35927e-07
2122	7.85683e-07
2123	8.30339e-07
2124	9.08477e-07
2125	8.30347e-07
2126	8.39169e-07
2127	7.64612e-07
2128	8.14268e-07
2129	8.8859e-07
2130	7.95593e-07
2131	8.27861e-07
2132	7.16683e-07
2133	7.85015e-07
2134	8.57422e-07
2135	7.42474e-07
2136	8.11624e-07
2137	7.09951e-07
2138	7.79198e-07
2139	8.44049e-07
2140	6.93719e-07
2141	8.12499e-07
2142	7.23552e-07
2143	7.75111e-07
2144	8.34808e-07
2145	6.66988e-07
2146	8.25829e-07
2147	7.42845e-07
2148	7.8057e-07
2149	8.40831e-07
2150	6.87064e-07
2151	8.22316e-07
2152	7.5438e-07
2153	7.64379e-07
2154	8.34897e-07
2155	7.5418e-07
2156	8.12751e-07
2157	7.73486e-07
2158	7.34908e-07
2159	8.35731e-07
2160	8.23046e-07
2161	7.89069e-07
2162	7.86114e-07
2163	7.37297e-07
2164	8.40668e-07
2165	8.62012e-07
2166	7.38902e-07
2167	7.99378e-07
2168	7.44835e-07
2169	8.38397e-07
2170	8.87597e-07
2171	7.13449e-07
2172	8.12677e-07
2173	7.68489e-07
2174	8.45554e-07
2175	8.89139e-07
2176	7.17269e-07
2177	8.01289e-07
2178	7.72377e-07
2179	8.31834e-07
2180	8.81924e-07
2181	7.20501e-07
2182	7.83338e-07
2183	7.63774e-07
2184	8.28334e-07
2185	8.93443e-07
2186	7.20693e-07
2187	7.66235e-07
2188	7.65005e-07
2189	8.27926e-07
2190	9.07734e-07
2191	7.2825e-07
2192	7.70645e-07
2193	7.65614e-07
2194	8.47065e-07
2195	9.1689e-07
2196	7.25153e-07
2197	7.76813e-07
2198	7.49802e-07
2199	8.54213e-07
2200	9.23973e-07
2201	7.17975e-07
2202	7.83901e-07
2203	7.4174e-07
2204	8.44889e-07
2205	9.21242e-07
2206	7.61183e-07
2207	7.8668e-07
2208	7.35526e-07
2209	8.43245e-07
2210	9.41131e-07
2211	8.5917e-07
2212	8.08447e-07
2213	7.70369e-07
2214	8.42313e-07
2215	9.55597e-07
2216	9.54237e-07
2217	8.06946e-07
2218	8.13449e-07
2219	8.37385e-07
2220	9.62387e-07
2221	9.83234e-07
2222	7.99244e-07
2223	8.39935e-07
2224	8.07387e-07
2225	9.64237e-07
2226	9.67077e-07
2227	7.87141e-07
2228	8.3241e-07
2229	7.43875e-07
2230	9.3972e-07
2231	9.35478e-07
2232	7.74238e-07
2233	8.14561e-07
2234	7.02339e-07
2235	9.25097e-07
2236	9.58353e-07
2237	7.72439e-07
2238	8.21276e-07
2239	7.14585e-07
2240	8.96141e-07
2241	9.9064e-07
2242	7.77479e-07
2243	8.27084e-07
2244	7.37918e-07
2245	8.69512e-07
2246	1.00453e-06
2247	8.31246e-07
2248	8.31541e-07
2249	7.73625e-07
2250	8.23765e-07
2251	9.93478e-07
2252	9.27987e-07
2253	8.20786e-07
2254	8.17645e-07
2255	7.87989e-07
2256	9.89152e-07
2257	9.78648e-07
2258	8.08461e-07
2259	8.45233e-07
2260	7.48244e-07
2261	9.92531e-07
2262	9.89588e-07
2263	8.08729e-07
2264	8.4777e-07
2265	7.24436e-07
2266	9.65118e-07
2267	9.95321e-07
2268	7.94967e-07
2269	8.3877e-07
2270	7.04976e-07
2271	9.20165e-07
2272	1.00305e-06
2273	7.68709e-07
2274	8.22102e-07
2275	7.20163e-07
2276	8.72903e-07
2277	1.00003e-06
2278	7.6815e-07
2279	8.18415e-07
2280	7.45345e-07
2281	8.15663e-07
2282	9.97061e-07
2283	8.25975e-07
2284	8.2968e-07
2285	7.69982e-07
2286	7.49042e-07
2287	9.88531e-07
2288	9.21217e-07
2289	8.27406e-07
2290	8.12992e-07
2291	7.25949e-07
2292	1.00215e-06
2293	1.00922e-06
2294	8.18857e-07
2295	8.59033e-07
2296	7.25937e-07
2297	9.79092e-07
2298	1.02076e-06
2299	7.9451e-07
2300	8.46819e-07
2301	7.24361e-07
2302	9.23956e-07
2303	1.02072e-06
2304	7.73435e-07
2305	8.26772e-07
2306	7.27753e-07
2307	8.7312e-07
2308	1.01426e-06
2309	7.54578e-07
2310	8.14543e-07
2311	7.35105e-07
2312	8.0752e-07
2313	1.0037e-06
2314	7.50958e-07
2315	8.20026e-07
2316	7.46775e-07
2317	7.35462e-07
2318	1.00354e-06
2319	8.51356e-07
2320	8.43075e-07
2321	7.84979e-07
2322	7.14253e-07
2323	9.94913e-07
2324	9.70243e-07
2325	8.33043e-07
2326	8.14625e-07
2327	7.22075e-07
2328	9.68036e-07
2329	1.04395e-06
2330	7.95047e-07
2331	8.4258e-07
2332	7.45533e-07
2333	9.31129e-07
2334	1.0378e-06
2335	7.66669e-07
2336	8.34056e-07
2337	7.50207e-07
2338	8.72079e-07
2339	1.03653e-06
2340	7.43126e-07
2341	8.25127e-07
2342	7.43897e-07
2343	8.03617e-07
2344	1.04009e-06
2345	7.56972e-07
2346	8.38388e-07
2347	7.60117e-07
2348	7.67802e-07
2349	1.0239e-06
2350	7.94996e-07
2351	8.37704e-07
2352	7.73304e-07
2353	7.34351e-07
2354	9.86983e-07
2355	8.91413e-07
2356	8.39359e-07
2357	7.81982e-07
2358	7.31828e-07
2359	9.61153e-07
2360	9.85553e-07
2361	8.29939e-07
2362	7.95141e-07
2363	7.49206e-07
2364	9.28725e-07
2365	1.04785e-06
2366	7.93635e-07
2367	8.21431e-07
2368	7.62344e-07
2369	8.61238e-07
2370	1.07101e-06
2371	7.79738e-07
2372	8.47856e-07
2373	7.88854e-07
2374	8.39494e-07
2375	1.05579e-06
2376	8.06604e-07
2377	8.58292e-07
2378	7.91541e-07
2379	8.22702e-07
2380	1.03013e-06
2381	8.31495e-07
2382	8.4296e-07
2383	7.80882e-07
2384	7.99288e-07
2385	9.96121e-07
2386	8.34534e-07
2387	8.12336e-07
2388	7.63754e-07
2389	7.89799e-07
2390	9.37918e-07
2391	8.45872e-07
2392	7.93774e-07
2393	7.56311e-07
2394	7.65286e-07
2395	8.66484e-07
2396	8.95409e-07
2397	8.22357e-07
2398	7.74442e-07
2399	7.70611e-07
2400	8.5147e-07
2401	9.5188e-07
2402	8.54971e-07
2403	7.95823e-07
2404	7.67897e-07
2405	8.6255e-07
2406	9.94019e-07
2407	8.63813e-07
2408	8.13258e-07
2409	7.8239e-07
2410	8.60828e-07
2411	1.00924e-06
2412	8.42995e-07
2413	8.02126e-07
2414	7.77544e-07
2415	8.32472e-07
2416	9.61549e-07
2417	8.2332e-07
2418	7.9543e-07
2419	7.78051e-07
2420	8.1936e-07
2421	9.04577e-07
2422	8.28971e-07
2423	8.11792e-07
2424	7.70211e-07
2425	8.1222e-07
2426	8.78334e-07
2427	8.30912e-07
2428	8.20641e-07
2429	7.56869e-07
2430	7.86808e-07
2431	8.69509e-07
2432	7.99891e-07
2433	8.17523e-07
2434	7.37183e-07
2435	7.68233e-07
2436	8.48544e-07
2437	7.49717e-07
2438	8.00724e-07
2439	7.07015e-07
2440	7.53743e-07
2441	8.1968e-07
2442	7.0582e-07
2443	7.90163e-07
2444	7.13265e-07
2445	7.61496e-07
2446	8.01426e-07
2447	7.13511e-07
2448	8.19221e-07
2449	7.29577e-07
2450	7.65362e-07
2451	8.2238e-07
2452	7.75093e-07
2453	8.50435e-07
2454	7.69832e-07
2455	7.67801e-07
2456	8.3658e-07
2457	8.37891e-07
2458	8.4278e-07
2459	7.97186e-07
2460	7.44743e-07
2461	8.24035e-07
2462	8.72191e-07
2463	7.99349e-07
2464	8.0182e-07
2465	7.24026e-07
2466	7.9852e-07
2467	8.77445e-07
2468	7.33075e-07
2469	7.95787e-07
2470	7.27938e-07
2471	7.91527e-07
2472	8.62241e-07
2473	6.97271e-07
2474	7.93138e-07
2475	7.35724e-07
2476	7.8175e-07
2477	8.48495e-07
2478	6.86131e-07
2479	7.92978e-07
2480	7.39189e-07
2481	7.85808e-07
2482	8.37195e-07
2483	6.84495e-07
2484	7.78485e-07
2485	7.34501e-07
2486	7.75898e-07
2487	8.32449e-07
2488	6.90832e-07
2489	7.78684e-07
2490	7.38896e-07
2491	8.05576e-07
2492	8.67269e-07
2493	6.87006e-07
2494	7.81305e-07
2495	7.69489e-07
2496	8.30016e-07
2497	9.10308e-07
2498	7.17358e-07
2499	7.96477e-07
2500	8.00381e-07
2501	8.48429e-07
2502	9.43247e-07
2503	7.8828e-07
2504	7.95595e-07
2505	7.9902e-07
2506	8.39406e-07
2507	9.27258e-07
2508	8.81049e-07
2509	7.93581e-07
2510	8.09117e-07
2511	8.20053e-07
2512	8.87825e-07
2513	9.28182e-07
2514	7.66069e-07
2515	8.09325e-07
2516	8.0383e-07
2517	8.84621e-07
2518	9.35167e-07
2519	7.58717e-07
2520	7.94473e-07
2521	8.0714e-07
2522	9.02166e-07
2523	9.30363e-07
2524	7.70658e-07
2525	7.95294e-07
2526	7.74499e-07
2527	9.06095e-07
2528	9.19061e-07
2529	7.54658e-07
2530	7.86475e-07
2531	7.43491e-07
2532	8.84892e-07
2533	9.13949e-07
2534	7.2414e-07
2535	7.87717e-07
2536	7.19591e-07
2537	8.6266e-07
2538	9.10543e-07
2539	7.19791e-07
2540	7.93546e-07
2541	7.12792e-07
2542	8.53862e-07
2543	9.40379e-07
2544	7.71608e-07
2545	8.00397e-07
2546	7.39184e-07
2547	8.39158e-07
2548	9.5826e-07
2549	8.82499e-07
2550	8.25089e-07
2551	7.72221e-07
2552	8.34422e-07
2553	9.63303e-07
2554	9.74281e-07
2555	8.02663e-07
2556	8.22475e-07
2557	8.239e-07
2558	9.62267e-07
2559	9.84311e-07
2560	7.83662e-07
2561	8.3651e-07
2562	7.72104e-07
2563	9.47628e-07
2564	9.47033e-07
2565	7.66695e-07
2566	8.18355e-07
2567	7.14834e-07
2568	9.17931e-07
2569	9.3719e-07
2570	7.53861e-07
2571	8.07559e-07
2572	6.95542e-07
2573	8.99915e-07
2574	9.58689e-07
2575	7.57925e-07
2576	8.2103e-07
2577	7.13025e-07
2578	8.73217e-07
2579	9.77171e-07
2580	7.93853e-07
2581	8.20734e-07
2582	7.34085e-07
2583	8.32845e-07
2584	9.73929e-07
2585	8.82959e-07
2586	8.2966e-07
2587	7.81447e-07
2588	8.07081e-07
2589	9.71931e-07
2590	9.63248e-07
2591	8.00776e-07
2592	8.30073e-07
2593	7.77517e-07
2594	9.71726e-07
2595	9.74049e-07
2596	7.8584e-07
2597	8.43807e-07
2598	7.33183e-07
2599	9.69491e-07
2600	9.78885e-07
2601	7.83433e-07
2602	8.39893e-07
2603	7.22337e-07
2604	9.4334e-07
2605	9.93256e-07
2606	7.79687e-07
2607	8.39097e-07
2608	7.12064e-07
2609	9.07597e-07
2610	9.97762e-07
2611	7.82645e-07
2612	8.35554e-07
2613	7.34307e-07
2614	8.70136e-07
2615	1.00401e-06
2616	8.29791e-07
2617	8.42415e-07
2618	7.66758e-07
2619	8.27783e-07
2620	9.96327e-07
2621	9.22354e-07
2622	8.42368e-07
2623	8.12459e-07
2624	7.89359e-07
2625	1.00001e-06
2626	9.86179e-07
2627	8.25787e-07
2628	8.567e-07
2629	7.56936e-07
2630	1.01251e-06
2631	1.01868e-06
2632	8.199e-07
2633	8.77972e-07
2634	7.57564e-07
2635	9.93659e-07
2636	1.03265e-06
2637	8.13865e-07
2638	8.70983e-07
2639	7.38826e-07
2640	9.46325e-07
2641	1.03279e-06
2642	7.94992e-07
2643	8.49422e-07
2644	7.45112e-07
2645	8.99962e-07
2646	1.02231e-06
2647	7.9449e-07
2648	8.42274e-07
2649	7.60339e-07
2650	8.40402e-07
2651	1.01239e-06
2652	8.43356e-07
2653	8.45829e-07
2654	7.76825e-07
2655	7.73302e-07
2656	1.00035e-06
2657	9.21098e-07
2658	8.40507e-07
2659	8.1326e-07
2660	7.37273e-07
2661	1.01219e-06
2662	1.01054e-06
2663	8.27123e-07
2664	8.59218e-07
2665	7.3713e-07
2666	9.92371e-07
2667	1.03308e-06
2668	8.04853e-07
2669	8.54815e-07
2670	7.36558e-07
2671	9.45698e-07
2672	1.03194e-06
2673	7.8622e-07
2674	8.39138e-07
2675	7.44008e-07
2676	8.95346e-07
2677	1.03214e-06
2678	7.68743e-07
2679	8.25535e-07
2680	7.43943e-07
2681	8.30832e-07
2682	1.02331e-06
2683	7.54225e-07
2684	8.37913e-07
2685	7.6058e-07
2686	7.67991e-07
2687	1.03314e-06
2688	8.22989e-07
2689	8.56631e-07
2690	7.90499e-07
2691	7.35779e-07
2692	1.01385e-06
2693	9.48173e-07
2694	8.63634e-07
2695	8.13874e-07
2696	7.34757e-07
2697	9.91543e-07
2698	1.03967e-06
2699	8.26638e-07
2700	8.397e-07
2701	7.5468e-07
2702	9.46489e-07
2703	1.06113e-06
2704	7.79039e-07
2705	8.39811e-07
2706	7.64314e-07
2707	8.83421e-07
2708	1.04331e-06
2709	7.50501e-07
2710	8.3609e-07
2711	7.59989e-07
2712	8.24037e-07
2713	1.04742e-06
2714	7.69485e-07
2715	8.39538e-07
2716	7.68229e-07
2717	7.80359e-07
2718	1.02667e-06
2719	7.92444e-07
2720	8.35991e-07
2721	7.61575e-07
2722	7.60401e-07
2723	9.86609e-07
2724	8.13157e-07
2725	8.09976e-07
2726	7.55765e-07
2727	7.40001e-07
2728	9.37143e-07
2729	8.81418e-07
2730	8.14098e-07
2731	7.56409e-07
2732	7.3827e-07
2733	8.96383e-07
2734	9.63037e-07
2735	8.1452e-07
2736	7.91038e-07
2737	7.51196e-07
2738	8.66805e-07
2739	1.04063e-06
2740	8.2662e-07
2741	8.21715e-07
2742	7.82482e-07
2743	8.49569e-07
2744	1.06047e-06
2745	8.18645e-07
2746	8.43683e-07
2747	7.96684e-07
2748	8.39272e-07
2749	1.02433e-06
2750	8.22419e-07
2751	8.29325e-07
2752	7.85711e-07
2753	8.16089e-07
2754	9.75064e-07
2755	8.27036e-07
2756	7.91321e-07
2757	7.55262e-07
2758	7.893e-07
2759	9.13438e-07
2760	8.17308e-07
2761	7.863e-07
2762	7.4691e-07
2763	7.67459e-07
2764	8.57084e-07
2765	8.16298e-07
2766	7.92514e-07
2767	7.34823e-07
2768	7.6326e-07
2769	8.23128e-07
2770	8.17934e-07
2771	7.99552e-07
2772	7.31534e-07
2773	7.50024e-07
2774	8.09884e-07
2775	8.55015e-07
2776	8.146e-07
2777	7.41917e-07
2778	7.50266e-07
2779	8.16047e-07
2780	8.897e-07
2781	8.26192e-07
2782	7.48336e-07
2783	7.4723e-07
2784	8.28091e-07
2785	9.08498e-07
2786	8.39134e-07
2787	7.728e-07
2788	7.64657e-07
2789	8.34036e-07
2790	9.09256e-07
2791	8.43755e-07
2792	8.15403e-07
2793	7.73471e-07
2794	8.30464e-07
2795	8.96929e-07
2796	8.29938e-07
2797	8.29513e-07
2798	7.61911e-07
2799	8.09148e-07
2800	8.81813e-07
2801	8.00081e-07
2802	8.19427e-07
2803	7.27631e-07
2804	7.83263e-07
2805	8.57099e-07
2806	7.54232e-07
2807	8.03753e-07
2808	6.88173e-07
2809	7.53217e-07
2810	8.24281e-07
2811	6.90992e-07
2812	7.90146e-07
2813	6.99051e-07
2814	7.61594e-07
2815	8.19588e-07
2816	6.53682e-07
2817	8.03319e-07
2818	7.17463e-07
2819	7.58196e-07
2820	8.26167e-07
2821	6.73488e-07
2822	8.1769e-07
2823	7.39491e-07
2824	7.56641e-07
2825	8.31225e-07
2826	7.62925e-07
2827	8.31886e-07
2828	7.74869e-07
2829	7.40319e-07
2830	8.31766e-07
2831	8.37666e-07
2832	8.03477e-07
2833	7.93388e-07
2834	7.17479e-07
2835	8.17393e-07
2836	8.71768e-07
2837	7.35294e-07
2838	7.92238e-07
2839	7.32021e-07
2840	8.18876e-07
2841	8.7925e-07
2842	7.02261e-07
2843	8.10813e-07
2844	7.40511e-07
2845	8.16972e-07
2846	8.74114e-07
2847	6.98439e-07
2848	8.0078e-07
2849	7.48271e-07
2850	8.01307e-07
2851	8.64671e-07
2852	6.96635e-07
2853	7.79428e-07
2854	7.43263e-07
2855	7.64947e-07
2856	8.58724e-07
2857	6.90111e-07
2858	7.59291e-07
2859	7.34482e-07
2860	7.62559e-07
2861	8.64803e-07
2862	6.86071e-07
2863	7.49838e-07
2864	7.51004e-07
2865	7.90827e-07
2866	8.80969e-07
2867	6.94796e-07
2868	7.61463e-07
2869	7.72527e-07
2870	8.24959e-07
2871	9.08077e-07
2872	7.31067e-07
2873	7.78124e-07
2874	7.89144e-07
2875	8.34507e-07
2876	9.17093e-07
2877	8.07073e-07
2878	8.02227e-07
2879	7.88317e-07
2880	8.25552e-07
2881	8.94313e-07
2882	9.03713e-07
2883	8.05946e-07
2884	7.87056e-07
2885	8.14927e-07
2886	8.88932e-07
2887	9.58676e-07
2888	7.86814e-07
2889	7.96443e-07
2890	8.28271e-07
2891	9.07659e-07
2892	9.76235e-07
2893	7.9385e-07
2894	8.003e-07
2895	8.16359e-07
2896	9.22962e-07
2897	9.61067e-07
2898	7.69074e-07
2899	7.94674e-07
2900	7.90101e-07
2901	9.12476e-07
2902	9.42478e-07
2903	7.45991e-07
2904	7.95311e-07
2905	7.43832e-07
2906	8.92087e-07
2907	9.22361e-07
2908	7.39723e-07
2909	7.97708e-07
2910	7.08334e-07
2911	8.86461e-07
2912	9.52309e-07
2913	7.53182e-07
2914	8.12944e-07
2915	7.296e-07
2916	8.8412e-07
2917	9.88971e-07
2918	7.96984e-07
2919	8.28877e-07
2920	7.49224e-07
2921	8.61487e-07
2922	9.99577e-07
2923	8.79011e-07
2924	8.33194e-07
2925	7.84759e-07
2926	8.2845e-07
2927	9.91288e-07
2928	9.68574e-07
2929	8.1527e-07
2930	8.36352e-07
2931	7.97223e-07
2932	9.94659e-07
2933	9.84287e-07
2934	8.14825e-07
2935	8.50686e-07
2936	7.53729e-07
2937	1.0009e-06
2938	9.88643e-07
2939	8.26046e-07
2940	8.53968e-07
2941	7.28257e-07
2942	9.69862e-07
2943	1.00166e-06
2944	8.09356e-07
2945	8.38765e-07
2946	7.15423e-07
2947	9.17405e-07
2948	1.00754e-06
2949	7.73826e-07
2950	8.20972e-07
2951	7.30602e-07
2952	8.66791e-07
2953	1.00648e-06
2954	7.56267e-07
2955	8.14581e-07
2956	7.48793e-07
2957	8.05341e-07
2958	1.0072e-06
2959	7.85282e-07
2960	8.26346e-07
2961	7.64158e-07
2962	7.42071e-07
2963	1.01107e-06
2964	9.08878e-07
2965	8.52612e-07
2966	8.09943e-07
2967	7.31963e-07
2968	1.00845e-06
2969	1.01081e-06
2970	8.4034e-07
2971	8.45779e-07
2972	7.27126e-07
2973	9.79206e-07
2974	1.03819e-06
2975	8.0951e-07
2976	8.49796e-07
2977	7.43136e-07
2978	9.33269e-07
2979	1.0334e-06
2980	7.75518e-07
2981	8.32036e-07
2982	7.46115e-07
2983	8.70005e-07
2984	1.03409e-06
2985	7.45284e-07
2986	8.28793e-07
2987	7.44727e-07
2988	8.02494e-07
2989	1.04337e-06
2990	7.58734e-07
2991	8.45782e-07
2992	7.62858e-07
2993	7.69046e-07
2994	1.02775e-06
2995	8.05673e-07
2996	8.49146e-07
2997	7.73157e-07
2998	7.2999e-07
2999	9.87133e-07
3000	9.0273e-07
3001	8.4763e-07
3002	7.85417e-07
3003	7.28359e-07
3004	9.60087e-07
3005	9.97584e-07
3006	8.25635e-07
3007	7.99729e-07
3008	7.50701e-07
3009	9.22654e-07
3010	1.05883e-06
3011	7.85189e-07
3012	8.29909e-07
3013	7.67941e-07
3014	8.58623e-07
3015	1.06969e-06
3016	7.79277e-07
3017	8.46153e-07
3018	7.85257e-07
3019	8.28938e-07
3020	1.04372e-06
3021	8.03274e-07
3022	8.46912e-07
3023	7.79916e-07
3024	8.02893e-07
3025	1.0156e-06
3026	8.16282e-07
3027	8.2464e-07
3028	7.61441e-07
3029	7.76407e-07
3030	9.68126e-07
3031	8.11885e-07
3032	7.92244e-07
3033	7.4058e-07
3034	7.57996e-07
3035	9.00682e-07
3036	8.3203e-07
3037	7.795e-07
3038	7.35372e-07
3039	7.38122e-07
3040	8.3133e-07
3041	8.92136e-07
3042	8.10619e-07
3043	7.55646e-07
3044	7.46083e-07
3045	8.29667e-07
3046	9.52517e-07
3047	8.36039e-07
3048	7.85689e-07
3049	7.55911e-07
3050	8.43756e-07
3051	9.96631e-07
3052	8.36309e-07
3053	8.04163e-07
3054	7.69893e-07
3055	8.32906e-07
3056	9.94994e-07
3057	8.15552e-07
3058	7.96283e-07
3059	7.71916e-07
3060	8.16405e-07
3061	9.40412e-07
3062	8.11368e-07
3063	7.9196e-07
3064	7.67525e-07
3065	8.07935e-07
3066	8.88995e-07
3067	8.25998e-07
3068	8.07399e-07
3069	7.55743e-07
3070	7.95097e-07
3071	8.63336e-07
3072	8.14015e-07
3073	8.12068e-07
3074	7.38821e-07
3075	7.63374e-07
3076	8.4902e-07
3077	7.7459e-07
3078	8.01626e-07
3079	7.22485e-07
3080	7.53689e-07
3081	8.24853e-07
3082	7.47219e-07
3083	7.88939e-07
3084	7.00332e-07
3085	7.40199e-07
3086	7.94333e-07
3087	7.64751e-07
3088	8.00814e-07
3089	7.13382e-07
3090	7.42856e-07
3091	8.02078e-07
3092	7.88401e-07
3093	8.31933e-07
3094	7.53094e-07
3095	7.47256e-07
3096	8.32102e-07
3097	8.38934e-07
3098	8.57234e-07
3099	8.01474e-07
3100	7.6406e-07
3101	8.39391e-07
3102	8.93596e-07
3103	8.42604e-07
3104	8.26644e-07
3105	7.53209e-07
3106	8.18003e-07
3107	8.98501e-07
3108	7.92297e-07
3109	8.2309e-07
3110	7.24088e-07
3111	7.9592e-07
3112	8.73086e-07
3113	7.40225e-07
3114	8.08951e-07
3115	7.24731e-07
3116	7.94369e-07
3117	8.6185e-07
3118	7.02194e-07
3119	8.10549e-07
3120	7.29372e-07
3121	7.83e-07
3122	8.45721e-07
3123	6.7847e-07
3124	8.11791e-07
3125	7.3297e-07
3126	7.77362e-07
3127	8.34404e-07
3128	6.79954e-07
3129	8.03634e-07
3130	7.40109e-07
3131	7.72038e-07
3132	8.39413e-07
3133	6.83671e-07
3134	7.91771e-07
3135	7.4733e-07
3136	7.66428e-07
3137	8.61428e-07
3138	7.04554e-07
3139	7.81233e-07
3140	7.64768e-07
3141	7.71598e-07
3142	8.73985e-07
3143	7.67235e-07
3144	7.84512e-07
3145	7.95071e-07
3146	7.85947e-07
3147	8.98127e-07
3148	8.6206e-07
3149	7.94555e-07
3150	8.25603e-07
3151	7.98858e-07
3152	8.95572e-07
3153	9.17672e-07
3154	7.74785e-07
3155	8.38678e-07
3156	8.00864e-07
3157	8.73664e-07
3158	9.36207e-07
3159	7.69922e-07
3160	8.20397e-07
3161	7.92148e-07
3162	8.7004e-07
3163	9.30258e-07
3164	7.55909e-07
3165	7.85767e-07
3166	7.91428e-07
3167	8.70586e-07
3168	9.28534e-07
3169	7.52045e-07
3170	7.78219e-07
3171	7.81219e-07
3172	8.7365e-07
3173	9.23561e-07
3174	7.30586e-07
3175	7.67838e-07
3176	7.55096e-07
3177	8.6255e-07
3178	9.1757e-07
3179	7.13778e-07
3180	7.73787e-07
3181	7.27431e-07
3182	8.53179e-07
3183	9.11302e-07
3184	7.20705e-07
3185	7.85177e-07
3186	7.12951e-07
3187	8.59326e-07
3188	9.47151e-07
3189	7.67243e-07
3190	8.01307e-07
3191	7.38585e-07
3192	8.58081e-07
3193	9.75782e-07
3194	8.52611e-07
3195	8.24031e-07
3196	7.605e-07
3197	8.43096e-07
3198	9.73147e-07
3199	9.5446e-07
3200	8.14951e-07
3201	8.17767e-07
3202	8.23677e-07
3203	9.76478e-07
3204	9.84559e-07
3205	8.03473e-07
3206	8.43733e-07
3207	7.82324e-07
3208	9.72483e-07
3209	9.60904e-07
3210	7.99453e-07
3211	8.33443e-07
3212	7.20535e-07
3213	9.64575e-07
3214	9.59132e-07
3215	7.99009e-07
3216	8.30232e-07
3217	7.03814e-07
3218	9.29488e-07
3219	9.86449e-07
3220	7.81953e-07
3221	8.27148e-07
3222	7.12511e-07
3223	8.89506e-07
3224	9.99658e-07
3225	7.65755e-07
3226	8.19658e-07
3227	7.41257e-07
3228	8.48373e-07
3229	1.00389e-06
3230	7.95299e-07
3231	8.19176e-07
3232	7.64327e-07
3233	7.83547e-07
3234	9.95906e-07
3235	8.84913e-07
3236	8.28875e-07
3237	7.94496e-07
3238	7.39306e-07
3239	1.00296e-06
3240	9.7846e-07
3241	8.26054e-07
3242	8.38773e-07
3243	7.3248e-07
3244	9.98275e-07
3245	1.02041e-06
3246	8.21078e-07
3247	8.54971e-07
3248	7.23145e-07
3249	9.64304e-07
3250	1.01931e-06
3251	7.97217e-07
3252	8.41895e-07
3253	7.34403e-07
3254	9.16479e-07
3255	1.02929e-06
3256	7.70405e-07
3257	8.29993e-07
3258	7.41705e-07
3259	8.56096e-07
3260	1.02876e-06
3261	7.55077e-07
3262	8.26394e-07
3263	7.5316e-07
3264	7.86595e-07
3265	1.03013e-06
3266	7.91431e-07
3267	8.46457e-07
3268	7.77615e-07
3269	7.35252e-07
3270	1.01991e-06
3271	9.16298e-07
3272	8.65634e-07
3273	8.06838e-07
3274	7.20027e-07
3275	9.94225e-07
3276	1.0101e-06
3277	8.32182e-07
3278	8.28356e-07
3279	7.3902e-07
3280	9.55559e-07
3281	1.054e-06
3282	7.88219e-07
3283	8.38058e-07
3284	7.56533e-07
3285	9.06023e-07
3286	1.03594e-06
3287	7.53506e-07
3288	8.20698e-07
3289	7.4439e-07
3290	8.2943e-07
3291	1.03363e-06
3292	7.46099e-07
3293	8.28712e-07
3294	7.50784e-07
3295	7.83437e-07
3296	1.03477e-06
3297	7.69678e-07
3298	8.39283e-07
3299	7.61636e-07
3300	7.53218e-07
3301	1.0001e-06
3302	8.0307e-07
3303	8.28988e-07
3304	7.62257e-07
3305	7.34484e-07
3306	9.56254e-07
3307	8.91858e-07
3308	8.27414e-07
3309	7.71179e-07
3310	7.37307e-07
3311	9.28254e-07
3312	9.75553e-07
3313	8.12917e-07
3314	7.8275e-07
3315	7.43959e-07
3316	8.7843e-07
3317	1.04348e-06
3318	8.00861e-07
3319	8.23064e-07
3320	7.7039e-07
3321	8.4001e-07
3322	1.06196e-06
3323	7.88338e-07
3324	8.39341e-07
3325	7.82596e-07
3326	8.16754e-07
3327	1.01817e-06
3328	8.04107e-07
3329	8.27576e-07
3330	7.76189e-07
3331	8.0159e-07
3332	9.83006e-07
3333	8.12589e-07
3334	8.00755e-07
3335	7.48066e-07
3336	7.74377e-07
3337	9.3323e-07
3338	8.04435e-07
3339	7.67765e-07
3340	7.26765e-07
3341	7.50348e-07
3342	8.55463e-07
3343	8.1169e-07
3344	7.7162e-07
3345	7.32154e-07
3346	7.46027e-07
3347	8.19378e-07
3348	8.56167e-07
3349	8.07195e-07
3350	7.45004e-07
3351	7.48686e-07
3352	8.1601e-07
3353	8.98479e-07
3354	8.29242e-07
3355	7.67278e-07
3356	7.5417e-07
3357	8.39828e-07
3358	9.418e-07
3359	8.45342e-07
3360	7.78398e-07
3361	7.64778e-07
3362	8.41195e-07
3363	9.62756e-07
3364	8.44664e-07
3365	7.87576e-07
3366	7.75764e-07
3367	8.38493e-07
3368	9.30571e-07
3369	8.39628e-07
3370	8.16911e-07
3371	7.82776e-07
3372	8.36853e-07
3373	9.00147e-07
3374	8.45706e-07
3375	8.35391e-07
3376	7.8174e-07
3377	8.16731e-07
3378	8.94665e-07
3379	8.28333e-07
3380	8.37142e-07
3381	7.55995e-07
3382	7.9743e-07
3383	8.73554e-07
3384	7.82077e-07
3385	8.21126e-07
3386	7.14295e-07
3387	7.66921e-07
3388	8.41736e-07
3389	7.281e-07
3390	8.02775e-07
3391	7.11232e-07
3392	7.65376e-07
3393	8.23568e-07
3394	6.85148e-07
3395	8.06304e-07
3396	7.25003e-07
3397	7.65559e-07
3398	8.2562e-07
3399	7.17961e-07
3400	8.4553e-07
3401	7.54976e-07
3402	7.7247e-07
3403	8.43573e-07
3404	7.96434e-07
3405	8.5782e-07
3406	7.94722e-07
3407	7.66436e-07
3408	8.52489e-07
3409	8.5904e-07
3410	8.3649e-07
3411	8.15446e-07
3412	7.40787e-07
3413	8.32082e-07
3414	8.89115e-07
3415	7.7336e-07
3416	8.14253e-07
3417	7.45853e-07
3418	8.22776e-07
3419	8.81755e-07
3420	7.17901e-07
3421	8.07026e-07
3422	7.43216e-07
3423	8.21036e-07
3424	8.70837e-07
3425	7.01597e-07
3426	8.03703e-07
3427	7.51975e-07
3428	8.1185e-07
3429	8.60508e-07
3430	6.98041e-07
3431	7.83917e-07
3432	7.39376e-07
3433	7.7874e-07
3434	8.43904e-07
3435	6.87908e-07
3436	7.56652e-07
3437	7.22775e-07
3438	7.63782e-07
3439	8.51513e-07
3440	6.83393e-07
3441	7.49724e-07
3442	7.41564e-07
3443	7.84723e-07
3444	8.79972e-07
3445	6.9097e-07
3446	7.63666e-07
3447	7.64575e-07
3448	8.21549e-07
3449	9.1315e-07
3450	7.01094e-07
3451	7.75588e-07
3452	7.76e-07
3453	8.39301e-07
3454	9.30461e-07
3455	7.4389e-07
3456	7.87156e-07
3457	7.65259e-07
3458	8.28704e-07
3459	9.1127e-07
3460	8.19982e-07
3461	7.98597e-07
3462	7.52429e-07
3463	8.17906e-07
3464	9.08073e-07
3465	9.14507e-07
3466	7.99461e-07
3467	7.81662e-07
3468	8.33363e-07
3469	9.25746e-07
3470	9.64786e-07
3471	7.98142e-07
3472	8.14981e-07
3473	8.28445e-07
3474	9.45953e-07
3475	9.69765e-07
3476	7.86689e-07
3477	8.28145e-07
3478	7.93814e-07
3479	9.48032e-07
3480	9.49349e-07
3481	7.72817e-07
3482	8.21476e-07
3483	7.34049e-07
3484	9.17327e-07
3485	9.27013e-07
3486	7.54374e-07
3487	8.04491e-07
3488	6.93591e-07
3489	8.98762e-07
3490	9.50269e-07
3491	7.54276e-07
3492	8.09941e-07
3493	7.24456e-07
3494	8.8609e-07
3495	9.86307e-07
3496	7.95528e-07
3497	8.24838e-07
3498	7.48094e-07
3499	8.60281e-07
3500	9.96974e-07
3501	8.84514e-07
3502	8.32311e-07
3503	7.89973e-07
3504	8.28577e-07
3505	9.89263e-07
3506	9.71785e-07
3507	8.12246e-07
3508	8.40519e-07
3509	8.01865e-07
3510	9.92022e-07
3511	9.88618e-07
3512	8.10899e-07
3513	8.54075e-07
3514	7.47734e-07
3515	9.89573e-07
3516	9.7988e-07
3517	8.10193e-07
3518	8.46218e-07
3519	7.2426e-07
3520	9.61629e-07
3521	9.97983e-07
3522	7.98902e-07
3523	8.42519e-07
3524	7.1309e-07
3525	9.16487e-07
3526	1.00756e-06
3527	7.73235e-07
3528	8.27108e-07
3529	7.29855e-07
3530	8.69644e-07
3531	1.00122e-06
3532	7.82421e-07
3533	8.19229e-07
3534	7.53053e-07
3535	8.09403e-07
3536	9.93805e-07
3537	8.54638e-07
3538	8.24932e-07
3539	7.77952e-07
3540	7.51629e-07
3541	9.84533e-07
3542	9.40154e-07
3543	8.13607e-07
3544	8.22121e-07
3545	7.30841e-07
3546	1.00041e-06
3547	1.00639e-06
3548	8.14582e-07
3549	8.60899e-07
3550	7.26015e-07
3551	9.78187e-07
3552	1.01686e-06
3553	7.98922e-07
3554	8.50529e-07
3555	7.22263e-07
3556	9.29068e-07
3557	1.02172e-06
3558	7.80948e-07
3559	8.33696e-07
3560	7.32269e-07
3561	8.79331e-07
3562	1.01669e-06
3563	7.61202e-07
3564	8.21713e-07
3565	7.44682e-07
3566	8.14489e-07
3567	1.00705e-06
3568	7.72043e-07
3569	8.28043e-07
3570	7.54834e-07
3571	7.4142e-07
3572	1.00398e-06
3573	8.84828e-07
3574	8.49237e-07
3575	7.98012e-07
3576	7.21258e-07
3577	1.00092e-06
3578	9.9528e-07
3579	8.28136e-07
3580	8.32578e-07
3581	7.24592e-07
3582	9.68193e-07
3583	1.03823e-06
3584	7.90598e-07
3585	8.43288e-07
3586	7.37728e-07
3587	9.2481e-07
3588	1.02762e-06
3589	7.63114e-07
3590	8.28805e-07
3591	7.39974e-07
3592	8.70504e-07
3593	1.02925e-06
3594	7.43537e-07
3595	8.19104e-07
3596	7.37027e-07
3597	8.0059e-07
3598	1.02599e-06
3599	7.50881e-07
3600	8.35348e-07
3601	7.58458e-07
3602	7.52679e-07
3603	1.02218e-06
3604	8.17876e-07
3605	8.47171e-07
3606	7.79558e-07
3607	7.20411e-07
3608	9.89401e-07
3609	9.40071e-07
3610	8.51302e-07
3611	8.00021e-07
3612	7.35993e-07
3613	9.71894e-07
3614	1.03403e-06
3615	8.21306e-07
3616	8.24703e-07
3617	7.60045e-07
3618	9.33855e-07
3619	1.06832e-06
3620	7.78018e-07
3621	8.36063e-07
3622	7.69818e-07
3623	8.67895e-07
3624	1.05513e-06
3625	7.71207e-07
3626	8.49666e-07
3627	7.77123e-07
3628	8.29209e-07
3629	1.05667e-06
3630	7.93697e-07
3631	8.54259e-07
3632	7.80082e-07
3633	7.91069e-07
3634	1.02961e-06
3635	8.14244e-07
3636	8.40729e-07
3637	7.71054e-07
3638	7.80347e-07
3639	9.91898e-07
3640	8.31847e-07
3641	8.16678e-07
3642	7.69923e-07
3643	7.71897e-07
3644	9.47707e-07
3645	8.95401e-07
3646	8.22685e-07
3647	7.69205e-07
3648	7.59103e-07
3649	8.96981e-07
3650	9.65292e-07
3651	8.37128e-07
3652	8.03516e-07
3653	7.66568e-07
3654	8.7477e-07
3655	1.04034e-06
3656	8.53664e-07
3657	8.28498e-07
3658	7.90364e-07
3659	8.5978e-07
3660	1.0555e-06
3661	8.3926e-07
3662	8.42486e-07
3663	7.99222e-07
3664	8.46737e-07
3665	1.02268e-06
3666	8.26964e-07
3667	8.24127e-07
3668	7.89251e-07
3669	8.24739e-07
3670	9.65886e-07
3671	8.31406e-07
3672	7.90003e-07
3673	7.64664e-07
3674	7.96864e-07
3675	8.98947e-07
3676	8.26721e-07
3677	7.9799e-07
3678	7.51829e-07
3679	7.78604e-07
3680	8.54739e-07
3681	8.08857e-07
3682	8.01614e-07
3683	7.34716e-07
3684	7.54116e-07
3685	8.33199e-07
3686	7.81563e-07
3687	7.94043e-07
3688	7.26707e-07
3689	7.51788e-07
3690	8.13873e-07
3691	7.96384e-07
3692	8.05322e-07
3693	7.16396e-07
3694	7.5001e-07
3695	8.0296e-07
3696	8.19822e-07
3697	8.15615e-07
3698	7.30451e-07
3699	7.5195e-07
3700	8.20253e-07
3701	8.3373e-07
3702	8.40153e-07
3703	7.70864e-07
3704	7.66376e-07
3705	8.45563e-07
3706	8.74773e-07
3707	8.67498e-07
3708	8.15951e-07
3709	7.7806e-07
3710	8.4216e-07
3711	9.09706e-07
3712	8.42394e-07
3713	8.25466e-07
3714	7.58201e-07
3715	8.16755e-07
3716	8.9455e-07
3717	7.89056e-07
3718	8.14241e-07
3719	7.15673e-07
3720	7.84493e-07
3721	8.58751e-07
3722	7.34075e-07
3723	7.95746e-07
3724	7.02646e-07
3725	7.77747e-07
3726	8.4225e-07
3727	6.9067e-07
3728	7.9137e-07
3729	7.04604e-07
3730	7.57606e-07
3731	8.19968e-07
3732	6.557e-07
3733	7.97163e-07
3734	7.1011e-07
3735	7.56872e-07
3736	8.12322e-07
3737	6.60377e-07
3738	7.90785e-07
3739	7.25507e-07
3740	7.61872e-07
3741	8.24817e-07
3742	6.63398e-07
3743	7.74494e-07
3744	7.4032e-07
3745	7.58128e-07
3746	8.43646e-07
3747	7.03696e-07
3748	7.64828e-07
3749	7.64553e-07
3750	7.67418e-07
3751	8.6143e-07
3752	7.91539e-07
3753	7.77922e-07
3754	8.01192e-07
3755	7.86003e-07
3756	8.88845e-07
3757	8.9276e-07
3758	7.75152e-07
3759	8.31009e-07
3760	8.05385e-07
3761	8.83005e-07
3762	9.17754e-07
3763	7.5329e-07
3764	8.4409e-07
3765	7.95208e-07
3766	8.66612e-07
3767	9.16283e-07
3768	7.48812e-07
3769	8.31548e-07
3770	7.75912e-07
3771	8.6908e-07
3772	9.09261e-07
3773	7.46928e-07
3774	8.02149e-07
3775	7.64526e-07
3776	8.60122e-07
3777	9.11117e-07
3778	7.38604e-07
3779	7.94932e-07
3780	7.61629e-07
3781	8.57609e-07
3782	9.18964e-07
3783	7.18079e-07
3784	7.84665e-07
3785	7.60188e-07
3786	8.4743e-07
3787	9.17592e-07
3788	7.17534e-07
3789	7.83704e-07
3790	7.54815e-07
3791	8.27779e-07
3792	9.03202e-07
3793	7.81922e-07
3794	7.93955e-07
3795	7.52384e-07
3796	8.08161e-07
3797	9.11846e-07
3798	8.92428e-07
3799	8.01643e-07
3800	7.81933e-07
3801	8.31703e-07
3802	9.32915e-07
3803	9.70052e-07
3804	8.0288e-07
3805	8.29501e-07
3806	8.38388e-07
3807	9.49443e-07
3808	9.86675e-07
3809	7.91976e-07
3810	8.27418e-07
3811	8.0894e-07
3812	9.39663e-07
3813	9.55224e-07
3814	7.74653e-07
3815	8.14904e-07
3816	7.62482e-07
3817	9.07889e-07
3818	9.3396e-07
3819	7.38166e-07
3820	8.0077e-07
3821	7.18107e-07
3822	8.72224e-07
3823	9.10951e-07
3824	7.27954e-07
3825	7.91716e-07
3826	6.99631e-07
3827	8.54888e-07
3828	9.29627e-07
3829	7.68507e-07
3830	8.01831e-07
3831	7.26312e-07
3832	8.36335e-07
3833	9.52104e-07
3834	8.75168e-07
3835	8.27451e-07
3836	7.63659e-07
3837	8.28746e-07
3838	9.60664e-07
3839	9.71486e-07
3840	8.1074e-07
3841	8.28639e-07
3842	8.25516e-07
3843	9.71281e-07
3844	9.92477e-07
3845	7.91795e-07
3846	8.51358e-07
3847	7.80329e-07
3848	9.5911e-07
3849	9.65579e-07
3850	7.74627e-07
3851	8.37032e-07
3852	7.34698e-07
3853	9.3045e-07
3854	9.57004e-07
3855	7.61351e-07
3856	8.22026e-07
3857	7.11793e-07
3858	9.04503e-07
3859	9.64019e-07
3860	7.69824e-07
3861	8.28889e-07
3862	7.223e-07
3863	8.77978e-07
3864	9.77145e-07
3865	8.18229e-07
3866	8.34499e-07
3867	7.37804e-07
3868	8.4527e-07
3869	9.75118e-07
3870	9.12504e-07
3871	8.40207e-07
3872	7.87393e-07
3873	8.26805e-07
3874	9.76538e-07
3875	9.83831e-07
3876	8.14982e-07
3877	8.4296e-07
3878	8.02013e-07
3879	9.83061e-07
3880	9.8615e-07
3881	7.94115e-07
3882	8.55768e-07
3883	7.61813e-07
3884	9.71168e-07
3885	9.82381e-07
3886	7.88823e-07
3887	8.4963e-07
3888	7.38113e-07
3889	9.55555e-07
3890	1.00022e-06
3891	7.90676e-07
3892	8.52602e-07
3893	7.35378e-07
3894	9.23723e-07
3895	1.00142e-06
3896	7.99854e-07
3897	8.4749e-07
3898	7.35661e-07
3899	8.84859e-07
3900	9.9952e-07
3901	8.44473e-07
3902	8.50324e-07
3903	7.61422e-07
3904	8.4082e-07
3905	9.87626e-07
3906	9.29504e-07
3907	8.39893e-07
3908	8.03371e-07
3909	8.04528e-07
3910	9.85274e-07
3911	9.77604e-07
3912	8.07414e-07
3913	8.39562e-07
3914	7.56309e-07
3915	9.82289e-07
3916	9.80248e-07
3917	7.92407e-07
3918	8.45726e-07
3919	7.32709e-07
3920	9.68355e-07
3921	9.93769e-07
3922	7.87965e-07
3923	8.45945e-07
3924	7.1704e-07
3925	9.31597e-07
3926	1.00072e-06
3927	7.76654e-07
3928	8.29953e-07
3929	7.14153e-07
3930	8.89032e-07
3931	9.9805e-07
3932	7.75185e-07
3933	8.27087e-07
3934	7.36227e-07
3935	8.48316e-07
3936	9.9583e-07
3937	8.11986e-07
3938	8.30791e-07
3939	7.6033e-07
3940	7.86019e-07
3941	9.92369e-07
3942	8.97914e-07
3943	8.38086e-07
3944	8.01039e-07
3945	7.45475e-07
3946	1.00695e-06
3947	9.96398e-07
3948	8.29182e-07
3949	8.5941e-07
3950	7.39972e-07
3951	1.00353e-06
3952	1.03481e-06
3953	8.15092e-07
3954	8.6603e-07
3955	7.364e-07
3956	9.56889e-07
3957	1.02898e-06
3958	7.88876e-07
3959	8.46559e-07
3960	7.40829e-07
3961	9.06452e-07
3962	1.02713e-06
3963	7.64663e-07
3964	8.25981e-07
3965	7.39566e-07
3966	8.43039e-07
3967	1.01533e-06
3968	7.46464e-07
3969	8.17303e-07
3970	7.41303e-07
3971	7.69467e-07
3972	1.0098e-06
3973	7.89349e-07
3974	8.34924e-07
3975	7.65809e-07
3976	7.21882e-07
3977	1.00375e-06
3978	9.18899e-07
3979	8.52518e-07
3980	8.03465e-07
3981	7.17245e-07
3982	9.87795e-07
3983	1.02207e-06
3984	8.21653e-07
3985	8.35573e-07
3986	7.43493e-07
3987	9.54315e-07
3988	1.05817e-06
3989	7.84291e-07
3990	8.46913e-07
3991	7.60614e-07
3992	9.04448e-07
3993	1.04378e-06
3994	7.55413e-07
3995	8.31784e-07
3996	7.54215e-07
3997	8.34632e-07
3998	1.04615e-06
3999	7.53389e-07
4000	8.40572e-07
4001	7.64843e-07
4002	7.90925e-07
4003	1.04346e-06
4004	7.81569e-07
4005	8.46832e-07
4006	7.70579e-07
4007	7.56008e-07
4008	1.00299e-06
4009	8.2699e-07
4010	8.3568e-07
4011	7.67521e-07
4012	7.40115e-07
4013	9.62855e-07
4014	9.23949e-07
4015	8.36133e-07
4016	7.80246e-07
4017	7.44429e-07
4018	9.37277e-07
4019	1.00219e-06
4020	8.14108e-07
4021	7.90285e-07
4022	7.48531e-07
4023	8.8266e-07
4024	1.05619e-06
4025	7.92678e-07
4026	8.31864e-07
4027	7.76292e-07
4028	8.42737e-07
4029	1.06689e-06
4030	7.87875e-07
4031	8.46556e-07
4032	7.86007e-07
4033	8.20815e-07
4034	1.02344e-06
4035	8.09692e-07
4036	8.35032e-07
4037	7.79542e-07
4038	8.03967e-07
4039	9.94213e-07
4040	8.19823e-07
4041	8.10411e-07
4042	7.58497e-07
4043	7.87451e-07
4044	9.44821e-07
4045	8.22271e-07
4046	7.84695e-07
4047	7.39457e-07
4048	7.66168e-07
4049	8.68715e-07
4050	8.42501e-07
4051	7.94968e-07
4052	7.45192e-07
4053	7.58651e-07
4054	8.26654e-07
4055	8.98909e-07
4056	8.30904e-07
4057	7.62604e-07
4058	7.59153e-07
4059	8.31868e-07
4060	9.42098e-07
4061	8.46858e-07
4062	7.85358e-07
4063	7.63624e-07
4064	8.47137e-07
4065	9.79721e-07
4066	8.41038e-07
4067	7.86271e-07
4068	7.64177e-07
4069	8.26718e-07
4070	9.6589e-07
4071	8.19581e-07
4072	7.80569e-07
4073	7.63201e-07
4074	8.16937e-07
4075	9.09727e-07
4076	8.15762e-07
4077	8.03467e-07
4078	7.66496e-07
4079	8.17607e-07
4080	8.79619e-07
4081	8.33722e-07
4082	8.2047e-07
4083	7.60676e-07
4084	7.95541e-07
4085	8.72254e-07
4086	8.06979e-07
4087	8.25174e-07
4088	7.39156e-07
4089	7.77064e-07
4090	8.57756e-07
4091	7.60534e-07
4092	8.11548e-07
4093	7.12653e-07
4094	7.62721e-07
4095	8.27082e-07
4096	7.28929e-07
4097	8.01942e-07
4098	7.0977e-07
4099	7.50206e-07
4100	8.07572e-07
4101	7.45795e-07
4102	8.18884e-07
4103	7.28353e-07
4104	7.53747e-07
4105	8.28375e-07
4106	7.90743e-07
4107	8.60546e-07
4108	7.81474e-07
4109	7.59409e-07
4110	8.4744e-07
4111	8.51287e-07
4112	8.60611e-07
4113	8.15907e-07
4114	7.63654e-07
4115	8.41576e-07
4116	8.95948e-07
4117	8.22712e-07
4118	8.28883e-07
4119	7.43009e-07
4120	8.18838e-07
4121	8.93023e-07
4122	7.6426e-07
4123	8.20977e-07
4124	7.38858e-07
4125	8.17764e-07
4126	8.76311e-07
4127	7.27857e-07
4128	8.18672e-07
4129	7.43502e-07
4130	8.08835e-07
4131	8.74077e-07
4132	7.06151e-07
4133	8.21695e-07
4134	7.47602e-07
4135	7.94832e-07
4136	8.58511e-07
4137	6.95992e-07
4138	8.08019e-07
4139	7.39883e-07
4140	7.74538e-07
4141	8.39545e-07
4142	6.9104e-07
4143	7.89958e-07
4144	7.37719e-07
4145	7.66754e-07
4146	8.45781e-07
4147	6.88399e-07
4148	7.81706e-07
4149	7.4378e-07
4150	7.88446e-07
4151	8.67088e-07
4152	6.90476e-07
4153	7.72808e-07
4154	7.86443e-07
4155	8.08266e-07
4156	9.0074e-07
4157	7.61575e-07
4158	7.85339e-07
4159	8.10628e-07
4160	8.15033e-07
4161	9.18268e-07
4162	8.55981e-07
4163	7.96003e-07
4164	8.07485e-07
4165	8.12928e-07
4166	9.06396e-07
4167	9.15511e-07
4168	7.77799e-07
4169	8.1067e-07
4170	8.07132e-07
4171	8.70844e-07
4172	9.3792e-07
4173	7.59813e-07
4174	7.94624e-07
4175	8.07692e-07
4176	8.78305e-07
4177	9.39822e-07
4178	7.58938e-07
4179	7.89867e-07
4180	8.03355e-07
4181	9.04499e-07
4182	9.29747e-07
4183	7.5934e-07
4184	7.885e-07
4185	7.72374e-07
4186	9.04364e-07
4187	9.21329e-07
4188	7.52806e-07
4189	7.97371e-07
4190	7.33751e-07
4191	8.90912e-07
4192	9.18789e-07
4193	7.49435e-07
4194	7.97795e-07
4195	7.05303e-07
4196	8.82339e-07
4197	9.48776e-07
4198	7.55226e-07
4199	8.03721e-07
4200	7.2431e-07
4201	8.85576e-07
4202	9.80517e-07
4203	7.97403e-07
4204	8.15659e-07
4205	7.43212e-07
4206	8.58839e-07
4207	9.87114e-07
4208	8.68111e-07
4209	8.17154e-07
4210	7.70428e-07
4211	8.1766e-07
4212	9.7021e-07
4213	9.44025e-07
4214	7.9952e-07
4215	8.1658e-07
4216	7.76773e-07
4217	9.70642e-07
4218	9.54584e-07
4219	8.01355e-07
4220	8.2737e-07
4221	7.29897e-07
4222	9.77509e-07
4223	9.59921e-07
4224	8.07442e-07
4225	8.34009e-07
4226	7.07628e-07
4227	9.51903e-07
4228	9.82945e-07
4229	7.89175e-07
4230	8.28613e-07
4231	7.06738e-07
4232	9.03911e-07
4233	1.00071e-06
4234	7.63344e-07
4235	8.18416e-07
4236	7.29513e-07
4237	8.6369e-07
4238	1.0041e-06
4239	7.60045e-07
4240	8.1662e-07
4241	7.52704e-07
4242	7.99468e-07
4243	1.0062e-06
4244	8.15675e-07
4245	8.31321e-07
4246	7.69775e-07
4247	7.40554e-07
4248	1.00623e-06
4249	9.32334e-07
4250	8.41031e-07
4251	8.13934e-07
4252	7.30035e-07
4253	1.00932e-06
4254	1.0206e-06
4255	8.35684e-07
4256	8.52461e-07
4257	7.28077e-07
4258	9.82401e-07
4259	1.03338e-06
4260	8.07559e-07
4261	8.5015e-07
4262	7.43942e-07
4263	9.36329e-07
4264	1.03672e-06
4265	7.80534e-07
4266	8.35681e-07
4267	7.4836e-07
4268	8.77492e-07
4269	1.04001e-06
4270	7.58268e-07
4271	8.29165e-07
4272	7.48816e-07
4273	8.087e-07
4274	1.03775e-06
4275	7.6172e-07
4276	8.45708e-07
4277	7.69906e-07
4278	7.5683e-07
4279	1.03168e-06
4280	8.49372e-07
4281	8.64053e-07
4282	7.94214e-07
4283	7.25394e-07
4284	9.99037e-07
4285	9.62138e-07
4286	8.54842e-07
4287	8.07319e-07
4288	7.35112e-07
4289	9.72184e-07
4290	1.04536e-06
4291	8.15953e-07
4292	8.32563e-07
4293	7.63975e-07
4294	9.24887e-07
4295	1.06016e-06
4296	7.67777e-07
4297	8.31019e-07
4298	7.59014e-07
4299	8.51432e-07
4300	1.04493e-06
4301	7.5914e-07
4302	8.38211e-07
4303	7.65121e-07
4304	8.10069e-07
4305	1.04493e-06
4306	7.79535e-07
4307	8.42484e-07
4308	7.64172e-07
4309	7.72154e-07
4310	1.00784e-06
4311	7.96467e-07
4312	8.26771e-07
4313	7.55597e-07
4314	7.55495e-07
4315	9.64867e-07
4316	8.24523e-07
4317	8.06922e-07
4318	7.50804e-07
4319	7.48011e-07
4320	9.137e-07
4321	9.00582e-07
4322	8.05955e-07
4323	7.59833e-07
4324	7.35197e-07
4325	8.70623e-07
4326	9.78184e-07
4327	8.20715e-07
4328	7.9708e-07
4329	7.60393e-07
4330	8.56266e-07
4331	1.04589e-06
4332	8.28927e-07
4333	8.24916e-07
4334	7.81621e-07
4335	8.35641e-07
4336	1.0424e-06
4337	8.13396e-07
4338	8.3519e-07
4339	7.91987e-07
4340	8.29256e-07
4341	9.9976e-07
4342	8.18143e-07
4343	8.13692e-07
4344	7.73296e-07
4345	8.0677e-07
4346	9.49151e-07
4347	8.20541e-07
4348	7.80449e-07
4349	7.52686e-07
4350	7.81805e-07
4351	8.87281e-07
4352	8.22735e-07
4353	7.94517e-07
4354	7.42699e-07
4355	7.69515e-07
4356	8.4447e-07
4357	8.13418e-07
4358	7.9858e-07
4359	7.31602e-07
4360	7.55485e-07
4361	8.18708e-07
4362	8.29195e-07
4363	8.12888e-07
4364	7.36481e-07
4365	7.55587e-07
4366	8.17782e-07
4367	8.61514e-07
4368	8.23034e-07
4369	7.46568e-07
4370	7.57881e-07
4371	8.2928e-07
4372	8.95342e-07
4373	8.45486e-07
4374	7.67113e-07
4375	7.67092e-07
4376	8.48218e-07
4377	9.14288e-07
4378	8.61029e-07
4379	8.05717e-07
4380	7.85765e-07
4381	8.60741e-07
4382	9.23822e-07
4383	8.67066e-07
4384	8.4701e-07
4385	7.97079e-07
4386	8.4559e-07
4387	9.2083e-07
4388	8.43653e-07
4389	8.52409e-07
4390	7.7757e-07
4391	8.29261e-07
4392	9.00671e-07
4393	8.0915e-07
4394	8.36754e-07
4395	7.30121e-07
4396	7.96516e-07
4397	8.67681e-07
4398	7.54369e-07
4399	8.19207e-07
4400	7.15371e-07
4401	7.86237e-07
4402	8.49367e-07
4403	7.0078e-07
4404	8.08889e-07
4405	7.19826e-07
4406	7.68188e-07
4407	8.29179e-07
4408	6.59497e-07
4409	8.16671e-07
4410	7.29441e-07
4411	7.71341e-07
4412	8.27487e-07
4413	6.63383e-07
4414	8.115e-07
4415	7.41812e-07
4416	7.63443e-07
4417	8.31689e-07
4418	7.22648e-07
4419	8.0238e-07
4420	7.66736e-07
4421	7.39006e-07
4422	8.28915e-07
4423	8.10723e-07
4424	7.9009e-07
4425	7.87156e-07
4426	7.45305e-07
4427	8.43943e-07
4428	8.66676e-07
4429	7.53741e-07
4430	8.11985e-07
4431	7.58378e-07
4432	8.46579e-07
4433	9.02185e-07
4434	7.30975e-07
4435	8.22661e-07
4436	7.81399e-07
4437	8.52353e-07
4438	8.9943e-07
4439	7.24488e-07
4440	8.08288e-07
4441	7.78446e-07
4442	8.31654e-07
4443	8.83069e-07
4444	7.206e-07
4445	7.88603e-07
4446	7.65193e-07
4447	8.3123e-07
4448	8.89607e-07
4449	7.18772e-07
4450	7.68823e-07
4451	7.66883e-07
4452	8.31161e-07
4453	9.0182e-07
4454	7.25431e-07
4455	7.73552e-07
4456	7.59291e-07
4457	8.47516e-07
4458	9.10339e-07
4459	7.14036e-07
4460	7.73462e-07
4461	7.44059e-07
4462	8.46916e-07
4463	9.15129e-07
4464	7.18156e-07
4465	7.7437e-07
4466	7.35088e-07
4467	8.32391e-07
4468	9.09141e-07
4469	7.70977e-07
4470	7.77824e-07
4471	7.33963e-07
4472	8.28885e-07
4473	9.26229e-07
4474	8.80505e-07
4475	8.05194e-07
4476	7.80581e-07
4477	8.40197e-07
4478	9.50118e-07
4479	9.7104e-07
4480	8.0649e-07
4481	8.26498e-07
4482	8.37896e-07
4483	9.63168e-07
4484	9.87028e-07
4485	7.99149e-07
4486	8.40677e-07
4487	8.03649e-07
4488	9.56922e-07
4489	9.59097e-07
4490	7.81756e-07
4491	8.24396e-07
4492	7.3612e-07
4493	9.20458e-07
4494	9.26767e-07
4495	7.60938e-07
4496	8.05364e-07
4497	6.97618e-07
4498	9.03133e-07
4499	9.51707e-07
4500	7.5407e-07
4501	8.12102e-07
4502	7.15939e-07
4503	8.85584e-07
4504	9.81193e-07
4505	7.81154e-07
4506	8.20723e-07
4507	7.37006e-07
4508	8.53215e-07
4509	9.92686e-07
4510	8.66203e-07
4511	8.30972e-07
4512	7.79296e-07
4513	8.2147e-07
4514	9.84978e-07
4515	9.6188e-07
4516	8.09837e-07
4517	8.3386e-07
4518	7.98495e-07
4519	9.90085e-07
4520	9.91296e-07
4521	8.03891e-07
4522	8.54538e-07
4523	7.49191e-07
4524	9.8806e-07
4525	9.86706e-07
4526	8.06242e-07
4527	8.48399e-07
4528	7.27506e-07
4529	9.61943e-07
4530	9.98073e-07
4531	7.97951e-07
4532	8.4405e-07
4533	7.14287e-07
4534	9.191e-07
4535	1.00631e-06
4536	7.78719e-07
4537	8.31712e-07
4538	7.28967e-07
4539	8.76048e-07
4540	1.00102e-06
4541	7.89846e-07
4542	8.25756e-07
4543	7.54595e-07
4544	8.18833e-07
4545	9.95874e-07
4546	8.63478e-07
4547	8.32759e-07
4548	7.85357e-07
4549	7.65189e-07
4550	9.85697e-07
4551	9.43408e-07
4552	8.14854e-07
4553	8.24728e-07
4554	7.3627e-07
4555	1.00011e-06
4556	1.00385e-06
4557	8.07721e-07
4558	8.58893e-07
4559	7.30229e-07
4560	9.76297e-07
4561	1.01184e-06
4562	7.94062e-07
4563	8.52273e-07
4564	7.16862e-07
4565	9.32218e-07
4566	1.01788e-06
4567	7.7651e-07
4568	8.35688e-07
4569	7.28384e-07
4570	8.82909e-07
4571	1.01509e-06
4572	7.71106e-07
4573	8.26027e-07
4574	7.47396e-07
4575	8.25508e-07
4576	1.00652e-06
4577	7.97203e-07
4578	8.2829e-07
4579	7.59809e-07
4580	7.48356e-07
4581	9.94554e-07
4582	8.97133e-07
4583	8.42621e-07
4584	8.01994e-07
4585	7.23528e-07
4586	1.00177e-06
4587	1.00098e-06
4588	8.25178e-07
4589	8.48033e-07
4590	7.2942e-07
4591	9.79711e-07
4592	1.03388e-06
4593	7.97334e-07
4594	8.52828e-07
4595	7.37482e-07
4596	9.35243e-07
4597	1.03435e-06
4598	7.75263e-07
4599	8.36471e-07
4600	7.40362e-07
4601	8.83969e-07
4602	1.02759e-06
4603	7.55291e-07
4604	8.18678e-07
4605	7.38286e-07
4606	8.14782e-07
4607	1.01741e-06
4608	7.4638e-07
4609	8.31835e-07
4610	7.5592e-07
4611	7.55303e-07
4612	1.02353e-06
4613	8.37796e-07
4614	8.56553e-07
4615	7.94253e-07
4616	7.34549e-07
4617	1.01487e-06
4618	9.65796e-07
4619	8.62682e-07
4620	8.21305e-07
4621	7.43429e-07
4622	9.97134e-07
4623	1.0616e-06
4624	8.33968e-07
4625	8.55863e-07
4626	7.71755e-07
4627	9.61508e-07
4628	1.0775e-06
4629	7.97316e-07
4630	8.6137e-07
4631	7.82362e-07
4632	9.03306e-07
4633	1.06457e-06
4634	7.70012e-07
4635	8.56301e-07
4636	7.74478e-07
4637	8.3815e-07
4638	1.06724e-06
4639	7.80984e-07
4640	8.58839e-07
4641	7.82223e-07
4642	7.97762e-07
4643	1.04661e-06
4644	8.07324e-07
4645	8.55227e-07
4646	7.78523e-07
4647	7.69586e-07
4648	1.00025e-06
4649	8.4923e-07
4650	8.30346e-07
4651	7.71148e-07
4652	7.48317e-07
4653	9.55666e-07
4654	9.3129e-07
4655	8.29233e-07
4656	7.79101e-07
4657	7.48353e-07
4658	9.20776e-07
4659	1.00579e-06
4660	8.11306e-07
4661	8.00982e-07
4662	7.54814e-07
4663	8.71243e-07
4664	1.06272e-06
4665	8.12584e-07
4666	8.35647e-07
4667	7.87747e-07
4668	8.44356e-07
4669	1.06284e-06
4670	8.09802e-07
4671	8.50365e-07
4672	7.95597e-07
4673	8.36161e-07
4674	1.02096e-06
4675	8.3223e-07
4676	8.35645e-07
4677	7.88225e-07
4678	8.16535e-07
4679	9.81374e-07
4680	8.33587e-07
4681	7.97582e-07
4682	7.61998e-07
4683	7.86702e-07
4684	9.16067e-07
4685	8.23401e-07
4686	7.90467e-07
4687	7.53737e-07
4688	7.67958e-07
4689	8.60589e-07
4690	8.22383e-07
4691	7.98315e-07
4692	7.41984e-07
4693	7.6433e-07
4694	8.22582e-07
4695	8.36612e-07
4696	8.09385e-07
4697	7.41273e-07
4698	7.52152e-07
4699	8.15819e-07
4700	8.65013e-07
4701	8.18225e-07
4702	7.4689e-07
4703	7.4818e-07
4704	8.16356e-07
4705	8.90282e-07
4706	8.24591e-07
4707	7.47076e-07
4708	7.45145e-07
4709	8.24131e-07
4710	9.01158e-07
4711	8.39317e-07
4712	7.74451e-07
4713	7.69418e-07
4714	8.30935e-07
4715	9.09252e-07
4716	8.44504e-07
4717	8.12862e-07
4718	7.75789e-07
4719	8.2084e-07
4720	8.97409e-07
4721	8.25174e-07
4722	8.20063e-07
4723	7.60428e-07
4724	7.99947e-07
4725	8.79512e-07
4726	7.93873e-07
4727	8.11458e-07
4728	7.25855e-07
4729	7.77552e-07
4730	8.55231e-07
4731	7.48358e-07
4732	7.9747e-07
4733	6.99017e-07
4734	7.63243e-07
4735	8.28328e-07
4736	6.94643e-07
4737	7.91633e-07
4738	7.03873e-07
4739	7.66994e-07
4740	8.21191e-07
4741	6.57186e-07
4742	8.08704e-07
4743	7.21818e-07
4744	7.70599e-07
4745	8.20707e-07
4746	6.64107e-07
4747	8.06855e-07
4748	7.35175e-07
4749	7.61803e-07
4750	8.23125e-07
4751	7.19154e-07
4752	8.03317e-07
4753	7.60049e-07
4754	7.38553e-07
4755	8.19335e-07
4756	8.0676e-07
4757	7.83855e-07
4758	7.82856e-07
4759	7.31936e-07
4760	8.26602e-07
4761	8.62094e-07
4762	7.41574e-07
4763	7.98724e-07
4764	7.48171e-07
4765	8.24535e-07
4766	8.95699e-07
4767	7.14731e-07
4768	8.09745e-07
4769	7.65049e-07
4770	8.31282e-07
4771	8.92868e-07
4772	7.1649e-07
4773	8.09452e-07
4774	7.72741e-07
4775	8.31591e-07
4776	8.78209e-07
4777	7.17788e-07
4778	7.8859e-07
4779	7.59617e-07
4780	8.0717e-07
4781	8.74193e-07
4782	7.12049e-07
4783	7.72788e-07
4784	7.44029e-07
4785	8.03543e-07
4786	8.83718e-07
4787	7.06511e-07
4788	7.62343e-07
4789	7.58669e-07
4790	8.21683e-07
4791	9.08255e-07
4792	7.07024e-07
4793	7.78133e-07
4794	7.69643e-07
4795	8.37043e-07
4796	9.27759e-07
4797	7.28226e-07
4798	7.83831e-07
4799	7.69993e-07
4800	8.29617e-07
4801	9.2005e-07
4802	7.98017e-07
4803	7.92908e-07
4804	7.6103e-07
4805	8.13568e-07
4806	9.03963e-07
4807	9.03382e-07
4808	7.97365e-07
4809	7.83489e-07
4810	8.29719e-07
4811	9.17189e-07
4812	9.62805e-07
4813	7.98832e-07
4814	8.26182e-07
4815	8.34267e-07
4816	9.40336e-07
4817	9.7525e-07
4818	7.93709e-07
4819	8.2597e-07
4820	8.06941e-07
4821	9.40557e-07
4822	9.5196e-07
4823	7.79091e-07
4824	8.17189e-07
4825	7.63146e-07
4826	9.11186e-07
4827	9.33874e-07
4828	7.43043e-07
4829	8.04966e-07
4830	7.21019e-07
4831	8.77903e-07
4832	9.20146e-07
4833	7.29924e-07
4834	8.00766e-07
4835	7.08843e-07
4836	8.66542e-07
4837	9.44687e-07
4838	7.74871e-07
4839	8.07616e-07
4840	7.38108e-07
4841	8.4228e-07
4842	9.6341e-07
4843	8.78217e-07
4844	8.29863e-07
4845	7.70324e-07
4846	8.30436e-07
4847	9.67147e-07
4848	9.7195e-07
4849	8.08433e-07
4850	8.26101e-07
4851	8.25426e-07
4852	9.71093e-07
4853	9.91516e-07
4854	7.89882e-07
4855	8.47193e-07
4856	7.77062e-07
4857	9.61538e-07
4858	9.6327e-07
4859	7.7715e-07
4860	8.35077e-07
4861	7.32758e-07
4862	9.37841e-07
4863	9.64378e-07
4864	7.75079e-07
4865	8.27155e-07
4866	7.18546e-07
4867	9.19346e-07
4868	9.79973e-07
4869	7.81157e-07
4870	8.39565e-07
4871	7.29114e-07
4872	8.94852e-07
4873	9.95683e-07
4874	8.13965e-07
4875	8.42261e-07
4876	7.52065e-07
4877	8.58069e-07
4878	9.96111e-07
4879	8.97044e-07
4880	8.50499e-07
4881	7.94176e-07
4882	8.29194e-07
4883	9.93313e-07
4884	9.77861e-07
4885	8.24883e-07
4886	8.4527e-07
4887	8.05572e-07
4888	9.96477e-07
4889	9.9746e-07
4890	8.10385e-07
4891	8.60126e-07
4892	7.54059e-07
4893	9.88318e-07
4894	9.92779e-07
4895	7.99829e-07
4896	8.49982e-07
4897	7.38185e-07
4898	9.60699e-07
4899	1.00356e-06
4900	7.94477e-07
4901	8.47005e-07
4902	7.19085e-07
4903	9.21182e-07
4904	1.00367e-06
4905	7.83789e-07
4906	8.35902e-07
4907	7.29418e-07
4908	8.80763e-07
4909	1.00182e-06
4910	8.01488e-07
4911	8.30175e-07
4912	7.52629e-07
4913	8.28331e-07
4914	9.94779e-07
4915	8.72769e-07
4916	8.37911e-07
4917	7.85316e-07
4918	7.75934e-07
4919	9.92068e-07
4920	9.49618e-07
4921	8.23853e-07
4922	8.32718e-07
4923	7.47363e-07
4924	1.01061e-06
4925	1.0167e-06
4926	8.20548e-07
4927	8.69398e-07
4928	7.4187e-07
4929	9.8924e-07
4930	1.02219e-06
4931	8.04488e-07
4932	8.57481e-07
4933	7.31768e-07
4934	9.40633e-07
4935	1.02413e-06
4936	7.88027e-07
4937	8.36457e-07
4938	7.36092e-07
4939	8.90376e-07
4940	1.01683e-06
4941	7.65729e-07
4942	8.2093e-07
4943	7.40388e-07
4944	8.29086e-07
4945	1.00889e-06
4946	7.58762e-07
4947	8.19576e-07
4948	7.50169e-07
4949	7.53151e-07
4950	1.00689e-06
4951	8.43302e-07
4952	8.46527e-07
4953	7.86694e-07
4954	7.23869e-07
4955	1.00817e-06
4956	9.66241e-07
4957	8.46639e-07
4958	8.22857e-07
4959	7.23338e-07
4960	9.8425e-07
4961	1.04405e-06
4962	8.12937e-07
4963	8.50652e-07
4964	7.50163e-07
4965	9.47775e-07
4966	1.04614e-06
4967	7.78445e-07
4968	8.43669e-07
4969	7.6066e-07
4970	8.91232e-07
4971	1.04268e-06
4972	7.52205e-07
4973	8.30151e-07
4974	7.50934e-07
4975	8.15231e-07
4976	1.04105e-06
4977	7.52225e-07
4978	8.34182e-07
4979	7.55815e-07
4980	7.71453e-07
4981	1.02651e-06
4982	7.80998e-07
4983	8.38175e-07
4984	7.65184e-07
4985	7.35952e-07
4986	9.8711e-07
4987	8.52515e-07
4988	8.33625e-07
4989	7.67148e-07
4990	7.2539e-07
4991	9.52691e-07
4992	9.45088e-07
4993	8.24554e-07
4994	7.7852e-07
4995	7.35514e-07
4996	9.19957e-07
4997	1.01818e-06
4998	7.91818e-07
4999	7.95462e-07
5000	7.45187e-07
