1	0
2	0.718601
3	0.770877
4	0.634056
5	0.468354
6	0.302257
7	0.466035
8	0.494891
9	0.47458
10	0.416256
11	0.324775
12	0.228765
13	0.241875
14	0.273204
15	0.270444
16	0.247365
17	0.212514
18	0.174509
19	0.162241
20	0.17746
21	0.195367
22	0.199783
23	0.191568
24	0.17597
25	0.160178
26	0.146937
27	0.139222
28	0.136835
29	0.136618
30	0.138383
31	0.13965
32	0.139293
33	0.138913
34	0.139637
35	0.139392
36	0.137732
37	0.135172
38	0.132257
39	0.12918
40	0.126548
41	0.125794
42	0.125723
43	0.126526
44	0.128235
45	0.130143
46	0.132011
47	0.132466
48	0.132086
49	0.130442
50	0.128911
51	0.126724
52	0.12488
53	0.123533
54	0.123371
55	0.123847
56	0.1248
57	0.125331
58	0.125542
59	0.125327
60	0.124901
61	0.124114
62	0.123378
63	0.122308
64	0.120844
65	0.119066
66	0.117278
67	0.115417
68	0.114
69	0.112729
70	0.111225
71	0.109268
72	0.107277
73	0.105241
74	0.103265
75	0.101163
76	0.0991357
77	0.0973327
78	0.0955516
79	0.0937671
80	0.0917225
81	0.0896675
82	0.0875076
83	0.0853933
84	0.0832653
85	0.0811208
86	0.078913
87	0.0765826
88	0.074549
89	0.0726353
90	0.0707485
91	0.0689032
92	0.0670788
93	0.065727
94	0.0645624
95	0.062746
96	0.0614234
97	0.0601993
98	0.0587601
99	0.0573678
100	0.0559358
101	0.0544898
102	0.0531789
103	0.0518581
104	0.0505481
105	0.0493102
106	0.0481984
107	0.0471334
108	0.0461497
109	0.0451333
110	0.0441353
111	0.043147
112	0.0421918
113	0.0413221
114	0.0404229
115	0.0394986
116	0.0386101
117	0.0376842
118	0.0368289
119	0.036011
120	0.0352641
121	0.0345411
122	0.0338679
123	0.0331969
124	0.0325238
125	0.0319037
126	0.0313022
127	0.0307256
128	0.0301514
129	0.0296075
130	0.0291098
131	0.0286361
132	0.0281767
133	0.0277281
134	0.0272957
135	0.0268649
136	0.0264411
137	0.0260253
138	0.0255863
139	0.0251546
140	0.0247194
141	0.0242846
142	0.0238764
143	0.0234906
144	0.0231361
145	0.0227985
146	0.0224582
147	0.022139
148	0.0218637
149	0.0215737
150	0.0212943
151	0.0209763
152	0.0206659
153	0.0203793
154	0.0200843
155	0.0197592
156	0.019447
157	0.0191424
158	0.0188367
159	0.0185101
160	0.0181853
161	0.0178725
162	0.0175634
163	0.0172753
164	0.0169671
165	0.0166616
166	0.0163777
167	0.0161121
168	0.015847
169	0.0155237
170	0.0152079
171	0.014934
172	0.0147061
173	0.0144521
174	0.0141744
175	0.013899
176	0.0136606
177	0.0134629
178	0.0132475
179	0.0130212
180	0.0127819
181	0.0125514
182	0.0123489
183	0.0121179
184	0.0118171
185	0.0115789
186	0.0113749
187	0.0111841
188	0.0109507
189	0.0107237
190	0.0104902
191	0.0102855
192	0.0101196
193	0.00990596
194	0.009713
195	0.00950307
196	0.00931684
197	0.0091575
198	0.00898401
199	0.00881521
200	0.00863146
201	0.00846597
202	0.00833532
203	0.00816652
204	0.00803565
205	0.00789024
206	0.00774126
207	0.00762872
208	0.00747513
209	0.00735885
210	0.00722909
211	0.0070951
212	0.00696298
213	0.00682384
214	0.00674368
215	0.00662238
216	0.00650258
217	0.00641291
218	0.00627685
219	0.00618917
220	0.00608006
221	0.00597253
222	0.00589155
223	0.00577229
224	0.00569453
225	0.00561067
226	0.00554614
227	0.00547211
228	0.0053506
229	0.00527297
230	0.00520703
231	0.0051414
232	0.00506884
233	0.00496464
234	0.00485839
235	0.00480726
236	0.00476617
237	0.00470069
238	0.00461143
239	0.0045255
240	0.00449081
241	0.0044374
242	0.00439738
243	0.0043267
244	0.00424507
245	0.00420731
246	0.00415957
247	0.00413209
248	0.00408039
249	0.00397443
250	0.00392921
251	0.00389448
252	0.00387962
253	0.00381333
254	0.00371781
255	0.00367826
256	0.00362941
257	0.0036261
258	0.00356336
259	0.00349362
260	0.00344175
261	0.00339067
262	0.00339421
263	0.00333553
264	0.00327652
265	0.00324142
266	0.00320666
267	0.00319894
268	0.00316715
269	0.00311253
270	0.00305172
271	0.00302439
272	0.00301716
273	0.00298392
274	0.00291153
275	0.00287445
276	0.00283021
277	0.00282019
278	0.00279532
279	0.00270974
280	0.00268193
281	0.00264481
282	0.00263731
283	0.00260682
284	0.00254081
285	0.00249907
286	0.00247077
287	0.00245533
288	0.0024427
289	0.00240843
290	0.00236955
291	0.00233327
292	0.00229319
293	0.00231187
294	0.00227474
295	0.00221195
296	0.0021851
297	0.00214714
298	0.00216506
299	0.00213657
300	0.00206888
301	0.00204753
302	0.00200554
303	0.00202668
304	0.0019795
305	0.00195801
306	0.0019107
307	0.00188986
308	0.0018964
309	0.00185497
310	0.00184378
311	0.00180515
312	0.00178158
313	0.00178177
314	0.00174724
315	0.00174341
316	0.00170123
317	0.00168796
318	0.00169396
319	0.00166988
320	0.00164782
321	0.00164258
322	0.00161778
323	0.00163513
324	0.00161371
325	0.00157606
326	0.00158443
327	0.00156616
328	0.00156672
329	0.00153371
330	0.00149826
331	0.00151136
332	0.00150082
333	0.00149805
334	0.0014702
335	0.00145707
336	0.00145556
337	0.00146252
338	0.00144472
339	0.00143094
340	0.00143379
341	0.00142754
342	0.00145421
343	0.00141909
344	0.00143009
345	0.00140894
346	0.00140545
347	0.00141961
348	0.00140631
349	0.0014031
350	0.00137637
351	0.00136416
352	0.00136654
353	0.00136206
354	0.00137822
355	0.0013407
356	0.0013269
357	0.00133626
358	0.0013464
359	0.00137202
360	0.00130307
361	0.00130867
362	0.00132419
363	0.0013559
364	0.00136877
365	0.00130612
366	0.00129639
367	0.00130736
368	0.00134002
369	0.00134865
370	0.00129015
371	0.0012746
372	0.00127363
373	0.00131499
374	0.00131778
375	0.00128632
376	0.00124938
377	0.00124099
378	0.00128355
379	0.00129916
380	0.00128335
381	0.00122481
382	0.00121278
383	0.00125129
384	0.00128591
385	0.00127766
386	0.0012075
387	0.00119412
388	0.00123144
389	0.00126623
390	0.00126628
391	0.00118847
392	0.00117889
393	0.00120072
394	0.00124614
395	0.00122964
396	0.00118275
397	0.00117711
398	0.00116918
399	0.00123812
400	0.00123953
401	0.00120259
402	0.00117928
403	0.00117266
404	0.00122455
405	0.00126565
406	0.00122687
407	0.00120038
408	0.0011731
409	0.00120884
410	0.00128145
411	0.00122547
412	0.00118902
413	0.00114955
414	0.00118962
415	0.00126337
416	0.00120777
417	0.00116554
418	0.00112764
419	0.00115547
420	0.00120624
421	0.00118312
422	0.00113621
423	0.0010975
424	0.00112561
425	0.00115524
426	0.0011756
427	0.00111474
428	0.00107805
429	0.00109889
430	0.00110537
431	0.00114859
432	0.00109356
433	0.00106806
434	0.00106684
435	0.00110335
436	0.00116147
437	0.00112122
438	0.00107856
439	0.00106065
440	0.00112241
441	0.00117804
442	0.00114763
443	0.00110084
444	0.00106635
445	0.00113571
446	0.00118559
447	0.00116444
448	0.00112173
449	0.0010781
450	0.00111881
451	0.00117533
452	0.00114434
453	0.00110848
454	0.00105689
455	0.00108376
456	0.00113474
457	0.00111951
458	0.00108982
459	0.00101779
460	0.00104216
461	0.00109188
462	0.00108015
463	0.00105131
464	0.000979864
465	0.000989991
466	0.00103052
467	0.00102566
468	0.00100891
469	0.000939602
470	0.000962599
471	0.000984698
472	0.00100697
473	0.000994446
474	0.000938509
475	0.000944918
476	0.000954973
477	0.000987643
478	0.000982892
479	0.000946314
480	0.000929699
481	0.000955805
482	0.00100152
483	0.00100472
484	0.000954112
485	0.000935029
486	0.000965285
487	0.00102525
488	0.00101654
489	0.000968654
490	0.00093249
491	0.000973266
492	0.00102373
493	0.00100026
494	0.000988903
495	0.000908346
496	0.00096721
497	0.000999819
498	0.000981371
499	0.000985704
500	0.00091268
501	0.000943774
502	0.000981501
503	0.000948455
504	0.000959206
505	0.000904881
506	0.000917774
507	0.000958758
508	0.000926106
509	0.000941214
510	0.000878036
511	0.000891949
512	0.000930951
513	0.000913883
514	0.000915119
515	0.000870192
516	0.000880076
517	0.00091306
518	0.000898092
519	0.000888754
520	0.000877688
521	0.000868447
522	0.000899942
523	0.00090093
524	0.000874603
525	0.000872654
526	0.000880664
527	0.000886455
528	0.000904766
529	0.000859114
530	0.000859159
531	0.000859011
532	0.00086587
533	0.000890908
534	0.000855626
535	0.000888415
536	0.000830897
537	0.000881058
538	0.000898584
539	0.00086754
540	0.000900946
541	0.00082955
542	0.000887465
543	0.0009132
544	0.000863532
545	0.000900252
546	0.000862345
547	0.000892124
548	0.000941566
549	0.000879715
550	0.000886139
551	0.000887531
552	0.000891416
553	0.000943929
554	0.000877916
555	0.000877774
556	0.000888649
557	0.000887811
558	0.000936457
559	0.000879951
560	0.000862976
561	0.000881783
562	0.000871221
563	0.000915538
564	0.00088008
565	0.000857213
566	0.000872743
567	0.000873141
568	0.000892775
569	0.000893298
570	0.000855369
571	0.000865961
572	0.000893762
573	0.000890487
574	0.000910022
575	0.000856066
576	0.000871792
577	0.000897353
578	0.000895271
579	0.000912989
580	0.000863038
581	0.000895852
582	0.000893944
583	0.000921481
584	0.000957788
585	0.00088967
586	0.000915725
587	0.000923695
588	0.000951242
589	0.000995295
590	0.00091982
591	0.000934111
592	0.000933848
593	0.000974724
594	0.00102509
595	0.000942908
596	0.000946294
597	0.000933391
598	0.000973343
599	0.00100757
600	0.000942378
601	0.000930214
602	0.000912695
603	0.000958816
604	0.000976393
605	0.000931083
606	0.000906086
607	0.000891498
608	0.000937267
609	0.000937014
610	0.000936801
611	0.000873
612	0.000870395
613	0.000921876
614	0.000911547
615	0.000951866
616	0.000871987
617	0.000876075
618	0.000913974
619	0.000929484
620	0.000967665
621	0.000895278
622	0.000915704
623	0.000918455
624	0.000974281
625	0.000991856
626	0.000933254
627	0.000946767
628	0.000937214
629	0.00100406
630	0.00102351
631	0.000958764
632	0.000963368
633	0.000949623
634	0.000994943
635	0.00103449
636	0.000968712
637	0.00095533
638	0.000928187
639	0.000974909
640	0.00100531
641	0.000971181
642	0.000928218
643	0.000899299
644	0.000956131
645	0.000984239
646	0.00097533
647	0.000906183
648	0.000897236
649	0.000945667
650	0.00096628
651	0.000988848
652	0.000912079
653	0.000908141
654	0.000939079
655	0.000967315
656	0.000980442
657	0.000919171
658	0.000916897
659	0.000927664
660	0.000976216
661	0.000993575
662	0.000936482
663	0.000944327
664	0.000929924
665	0.0010028
666	0.00100857
667	0.000962319
668	0.000951876
669	0.00093457
670	0.000994163
671	0.0010335
672	0.000991493
673	0.000960291
674	0.000938517
675	0.000983924
676	0.00104411
677	0.00100704
678	0.000957681
679	0.000936725
680	0.000978395
681	0.00102966
682	0.00100109
683	0.00095385
684	0.000933226
685	0.000962257
686	0.00100545
687	0.00100075
688	0.000930819
689	0.000917528
690	0.000939766
691	0.000975424
692	0.000987475
693	0.000917583
694	0.000906356
695	0.000915109
696	0.000964023
697	0.000983822
698	0.00094788
699	0.000938016
700	0.00092297
701	0.000990725
702	0.0010253
703	0.000986438
704	0.000965763
705	0.000946079
706	0.00101406
707	0.00105976
708	0.0010144
709	0.000986901
710	0.000960772
711	0.000998335
712	0.00107058
713	0.00101168
714	0.000973725
715	0.000952925
716	0.000980422
717	0.00105717
718	0.00101146
719	0.000961668
720	0.000938153
721	0.000962063
722	0.00101471
723	0.00100615
724	0.000947968
725	0.000916007
726	0.000938277
727	0.000976757
728	0.00100516
729	0.000942842
730	0.000916699
731	0.000922265
732	0.000961305
733	0.00101331
734	0.000957236
735	0.000943811
736	0.000926382
737	0.000969043
738	0.00103321
739	0.000993091
740	0.000961633
741	0.00093913
742	0.000988454
743	0.00106184
744	0.00100986
745	0.000973705
746	0.000948479
747	0.000997127
748	0.00107276
749	0.0010063
750	0.00097293
751	0.000942843
752	0.00097281
753	0.00104212
754	0.00100399
755	0.000957031
756	0.000932831
757	0.000950944
758	0.00100175
759	0.000998242
760	0.000948825
761	0.000910293
762	0.000928965
763	0.000950693
764	0.000990273
765	0.000925238
766	0.000883583
767	0.000908809
768	0.000921179
769	0.000985057
770	0.000932671
771	0.000889097
772	0.000900973
773	0.000923064
774	0.00100018
775	0.000962866
776	0.000914988
777	0.000905553
778	0.000940377
779	0.00101189
780	0.000992488
781	0.000933911
782	0.000922697
783	0.00096296
784	0.00102906
785	0.0010038
786	0.000956793
787	0.000917595
788	0.000957143
789	0.00100351
790	0.000977554
791	0.000940209
792	0.000898693
793	0.000932817
794	0.000985128
795	0.000974172
796	0.000929898
797	0.000881607
798	0.000914703
799	0.000955102
800	0.000957266
801	0.000927134
802	0.00086712
803	0.000903799
804	0.000921214
805	0.000939585
806	0.00092243
807	0.000847469
808	0.000889368
809	0.000896993
810	0.000928692
811	0.000909495
812	0.000848639
813	0.000863281
814	0.000864953
815	0.000902107
816	0.000899014
817	0.000855122
818	0.000837989
819	0.000867879
820	0.000922233
821	0.000927927
822	0.00087494
823	0.000848536
824	0.000888129
825	0.000947673
826	0.000940668
827	0.00089753
828	0.000863835
829	0.000910896
830	0.000954202
831	0.000930562
832	0.000919252
833	0.000851531
834	0.000915828
835	0.000937737
836	0.000927209
837	0.000921282
838	0.00085624
839	0.000894243
840	0.000922111
841	0.0008978
842	0.00090426
843	0.000853123
844	0.00086706
845	0.000912516
846	0.000883056
847	0.000893212
848	0.000827544
849	0.000840176
850	0.000888474
851	0.000861845
852	0.000859783
853	0.000825544
854	0.000825363
855	0.000872533
856	0.000847687
857	0.000838941
858	0.000835559
859	0.000817668
860	0.000853446
861	0.000847345
862	0.000827642
863	0.000832404
864	0.000819946
865	0.000837584
866	0.000855165
867	0.000813685
868	0.000829595
869	0.000800876
870	0.000828574
871	0.000861991
872	0.000818248
873	0.0008619
874	0.00079543
875	0.000854065
876	0.000881495
877	0.000834201
878	0.00087491
879	0.000822806
880	0.000860409
881	0.000905806
882	0.000850126
883	0.000884105
884	0.000863402
885	0.000877045
886	0.000933743
887	0.000873873
888	0.0008862
889	0.000885109
890	0.000885321
891	0.000940619
892	0.000879264
893	0.000877109
894	0.000886181
895	0.000881748
896	0.000936337
897	0.000869967
898	0.000859541
899	0.00087721
900	0.000868604
901	0.000918873
902	0.000866517
903	0.000860776
904	0.000873767
905	0.000890052
906	0.00090707
907	0.000881125
908	0.00086815
909	0.000871556
910	0.000903259
911	0.000891981
912	0.000898019
913	0.00085433
914	0.000864282
915	0.000899102
916	0.000884974
917	0.000910527
918	0.000852465
919	0.000853091
920	0.000895762
921	0.00088193
922	0.000925986
923	0.000858692
924	0.000873107
925	0.000894733
926	0.000926961
927	0.000961576
928	0.000890717
929	0.000920812
930	0.000918239
931	0.000978087
932	0.00099647
933	0.000927402
934	0.000947429
935	0.000935243
936	0.000981093
937	0.0010172
938	0.000950134
939	0.000948293
940	0.00093756
941	0.000978119
942	0.00101434
943	0.000952672
944	0.000937463
945	0.000911381
946	0.00096467
947	0.000980905
948	0.000953366
949	0.000909524
950	0.000886688
951	0.000946862
952	0.000966385
953	0.000973463
954	0.000894385
955	0.000895261
956	0.000941739
957	0.000965557
958	0.000991668
959	0.00091275
960	0.000913355
961	0.000939699
962	0.000970583
963	0.000983613
964	0.000922277
965	0.000931465
966	0.000927727
967	0.000990715
968	0.00100539
969	0.000945112
970	0.000950963
971	0.000935943
972	0.00100791
973	0.00102341
974	0.000983065
975	0.000964347
976	0.000941827
977	0.000998839
978	0.00104213
979	0.000996461
980	0.000959515
981	0.000934438
982	0.000977827
983	0.00103408
984	0.00100553
985	0.000951952
986	0.00093158
987	0.000968682
988	0.0010137
989	0.000998009
990	0.000937475
991	0.000922895
992	0.000953326
993	0.000989845
994	0.00100204
995	0.000927193
996	0.000919079
997	0.000936992
998	0.000977334
999	0.000990145
1000	0.000932814
1001	0.000934079
1002	0.00091494
1003	0.000983983
1004	0.000997582
1005	0.000963662
1006	0.000944824
1007	0.000932769
1008	0.000997526
1009	0.00103974
1010	0.000995617
1011	0.000967176
1012	0.000945002
1013	0.000994331
1014	0.00105334
1015	0.00100381
1016	0.00096947
1017	0.000945343
1018	0.000974813
1019	0.00104593
1020	0.00100476
1021	0.000959029
1022	0.000937663
1023	0.000963591
1024	0.00101596
1025	0.00100997
1026	0.00093451
1027	0.000917626
1028	0.000936653
1029	0.000971899
1030	0.000983784
1031	0.0009256
1032	0.000901798
1033	0.000908914
1034	0.000958956
1035	0.000997242
1036	0.000952049
1037	0.000933859
1038	0.000918993
1039	0.000985194
1040	0.00103333
1041	0.000995629
1042	0.000971304
1043	0.000948137
1044	0.00100205
1045	0.00106304
1046	0.00100995
1047	0.000986749
1048	0.00095751
1049	0.000992802
1050	0.00107346
1051	0.00100891
1052	0.000966079
1053	0.000945442
1054	0.000972491
1055	0.00104227
1056	0.000997209
1057	0.000951884
1058	0.000919701
1059	0.000944208
1060	0.000988713
1061	0.00099877
1062	0.000935698
1063	0.000906609
1064	0.000928525
1065	0.000959934
1066	0.00100097
1067	0.000934287
1068	0.000908878
1069	0.000915173
1070	0.000941374
1071	0.00101206
1072	0.000962768
1073	0.00093659
1074	0.000923847
1075	0.000961001
1076	0.00104172
1077	0.000997493
1078	0.000949688
1079	0.000934976
1080	0.000979713
1081	0.00105181
1082	0.0009997
1083	0.000960237
1084	0.000927175
1085	0.000974638
1086	0.00104012
1087	0.000995007
1088	0.000956039
1089	0.000934887
1090	0.00096336
1091	0.00103213
1092	0.000998086
1093	0.000959089
1094	0.000927611
1095	0.000943913
1096	0.000988897
1097	0.000987961
1098	0.000938768
1099	0.00089841
1100	0.000918919
1101	0.000945758
1102	0.000985544
1103	0.000929225
1104	0.00086808
1105	0.000904677
1106	0.000914713
1107	0.000968056
1108	0.000922728
1109	0.000869937
1110	0.000886408
1111	0.000895261
1112	0.000958982
1113	0.000940458
1114	0.000886493
1115	0.000895549
1116	0.000918599
1117	0.000994701
1118	0.000975097
1119	0.000923848
1120	0.000910812
1121	0.000937655
1122	0.00100245
1123	0.000982494
1124	0.000937126
1125	0.000897653
1126	0.00094178
1127	0.000992236
1128	0.000982641
1129	0.000928653
1130	0.000875999
1131	0.00092453
1132	0.000973745
1133	0.000954933
1134	0.00091872
1135	0.000872669
1136	0.000912526
1137	0.000948129
1138	0.000937675
1139	0.000933351
1140	0.00086442
1141	0.000915635
1142	0.000936734
1143	0.000943995
1144	0.0009305
1145	0.00086645
1146	0.000891638
1147	0.000909553
1148	0.000903939
1149	0.000896813
1150	0.000844693
1151	0.000850296
1152	0.000882452
1153	0.000877217
1154	0.000881729
1155	0.000826239
1156	0.000832345
1157	0.000857126
1158	0.000871108
1159	0.000865397
1160	0.000828214
1161	0.000830293
1162	0.000849117
1163	0.000883418
1164	0.000872272
1165	0.000867903
1166	0.000831437
1167	0.000871968
1168	0.000915891
1169	0.000894163
1170	0.000898216
1171	0.00085494
1172	0.000886968
1173	0.000929296
1174	0.000895401
1175	0.000902109
1176	0.000845232
1177	0.00087879
1178	0.000918289
1179	0.000872462
1180	0.000889309
1181	0.000821644
1182	0.000866043
1183	0.000899351
1184	0.000860772
1185	0.000872192
1186	0.000817664
1187	0.000846193
1188	0.000891488
1189	0.000843486
1190	0.000859165
1191	0.00083784
1192	0.000834517
1193	0.000888349
1194	0.000837095
1195	0.000842262
1196	0.000839072
1197	0.0008405
1198	0.000874536
1199	0.000827094
1200	0.000817732
1201	0.000834026
1202	0.000826873
1203	0.000865722
1204	0.000830541
1205	0.000812166
1206	0.000841394
1207	0.000832706
1208	0.000872653
1209	0.000856757
1210	0.000825494
1211	0.000853084
1212	0.000864258
1213	0.000882651
1214	0.000885328
1215	0.000846826
1216	0.000862435
1217	0.000891243
1218	0.000896832
1219	0.000902983
1220	0.000848085
1221	0.000870136
1222	0.000888666
1223	0.000909047
1224	0.000911045
1225	0.000856944
1226	0.0008918
1227	0.000895805
1228	0.000921487
1229	0.000944121
1230	0.000866398
1231	0.00089382
1232	0.000903357
1233	0.000913883
1234	0.000983085
1235	0.000896873
1236	0.000913907
1237	0.000919816
1238	0.000950197
1239	0.00100518
1240	0.000928002
1241	0.000930217
1242	0.00092124
1243	0.000956019
1244	0.000979524
1245	0.000924745
1246	0.000910287
1247	0.000893333
1248	0.000939979
1249	0.000953115
1250	0.000921361
1251	0.000881914
1252	0.0008699
1253	0.000923233
1254	0.000915513
1255	0.000941935
1256	0.000860925
1257	0.000863218
1258	0.000915483
1259	0.000921232
1260	0.000957951
1261	0.000873743
1262	0.000883918
1263	0.000915127
1264	0.0009537
1265	0.000981163
1266	0.00091251
1267	0.000940295
1268	0.00092741
1269	0.000997234
1270	0.00100211
1271	0.000936174
1272	0.000951381
1273	0.000939356
1274	0.00098666
1275	0.00102224
1276	0.000954637
1277	0.000950131
1278	0.000932987
1279	0.000968114
1280	0.00100459
1281	0.000958773
1282	0.000927683
1283	0.000899613
1284	0.000956461
1285	0.000977731
1286	0.000968937
1287	0.000907763
1288	0.000895071
1289	0.000944908
1290	0.000965213
1291	0.000984577
1292	0.000898618
1293	0.000897037
1294	0.000934807
1295	0.000953811
1296	0.000970778
1297	0.000905594
1298	0.000906291
1299	0.000917151
1300	0.000968147
1301	0.00097909
1302	0.000927312
1303	0.000933679
1304	0.000924349
1305	0.0009952
1306	0.00100231
1307	0.000943329
1308	0.000953612
1309	0.000935869
1310	0.000992848
1311	0.00102638
1312	0.000979309
1313	0.000956883
1314	0.000933212
1315	0.000978789
1316	0.00102742
1317	0.000994154
1318	0.000944513
1319	0.000921349
1320	0.000966232
1321	0.00100785
1322	0.000997084
1323	0.000925007
1324	0.000913401
1325	0.000948494
1326	0.00097763
1327	0.000989064
1328	0.00091833
1329	0.00090937
1330	0.00093192
1331	0.000964344
1332	0.000981921
1333	0.000919944
1334	0.000923678
1335	0.000918844
1336	0.000984257
1337	0.00099268
1338	0.000942196
1339	0.000938213
1340	0.000925066
1341	0.00100058
1342	0.00100953
1343	0.000968231
1344	0.000956743
1345	0.000941033
1346	0.000995936
1347	0.00104514
1348	0.000995591
1349	0.000960272
1350	0.000938396
1351	0.000980595
1352	0.00103399
1353	0.00100316
1354	0.000954639
1355	0.000932701
1356	0.000965342
1357	0.00101568
1358	0.00099761
1359	0.000938503
1360	0.000923216
1361	0.000950823
1362	0.000989714
1363	0.0010006
1364	0.000926425
1365	0.000913988
1366	0.000927108
1367	0.000968383
1368	0.000984463
1369	0.000930689
1370	0.000926317
1371	0.000903648
1372	0.000974908
1373	0.000992368
1374	0.000955156
1375	0.000938242
1376	0.000929917
1377	0.000997711
1378	0.00103971
1379	0.000995695
1380	0.00097116
1381	0.000951451
1382	0.00100341
1383	0.00105982
1384	0.00100407
1385	0.000975048
1386	0.000948808
1387	0.000974794
1388	0.00104698
1389	0.00100087
1390	0.000956134
1391	0.000934752
1392	0.000960736
1393	0.00101823
1394	0.000999999
1395	0.000934578
1396	0.00091429
1397	0.000934289
1398	0.000973353
1399	0.000983222
1400	0.000926871
1401	0.000898466
1402	0.00091337
1403	0.000950853
1404	0.000990916
1405	0.000936597
1406	0.000929975
1407	0.000913362
1408	0.00097747
1409	0.00102266
1410	0.000989128
1411	0.000964926
1412	0.000945434
1413	0.000996826
1414	0.00105959
1415	0.00101095
1416	0.000984913
1417	0.000958178
1418	0.001006
1419	0.00108348
1420	0.00101552
1421	0.000974413
1422	0.000954364
1423	0.000982152
1424	0.00105871
1425	0.00100346
1426	0.000967416
1427	0.000935715
1428	0.00095892
1429	0.00101883
1430	0.00100549
1431	0.000956212
1432	0.000925776
1433	0.000941738
1434	0.000980212
1435	0.00100238
1436	0.000941948
1437	0.000903578
1438	0.000924378
1439	0.000937858
1440	0.000990077
1441	0.000927577
1442	0.000890909
1443	0.000906075
1444	0.000925225
1445	0.00100491
1446	0.000959134
1447	0.000911836
1448	0.000910818
1449	0.000945253
1450	0.00101788
1451	0.000987143
1452	0.000936808
1453	0.000925526
1454	0.000968098
1455	0.00103564
1456	0.00101442
1457	0.000957671
1458	0.000933517
1459	0.000978544
1460	0.00104325
1461	0.00101218
1462	0.000968762
1463	0.000935477
1464	0.000967311
1465	0.00101868
1466	0.000999389
1467	0.000957194
1468	0.000909563
1469	0.000938551
1470	0.000985293
1471	0.000981097
1472	0.000938149
1473	0.000877047
1474	0.00090973
1475	0.000942044
1476	0.000948634
1477	0.000931281
1478	0.000860993
1479	0.000897089
1480	0.000915987
1481	0.000934249
1482	0.000919457
1483	0.000852446
1484	0.000878292
1485	0.000886264
1486	0.000918231
1487	0.000902426
1488	0.000854522
1489	0.000856991
1490	0.000861191
1491	0.000907766
1492	0.000911587
1493	0.000859191
1494	0.000841518
1495	0.000875909
1496	0.000931658
1497	0.000930473
1498	0.000877679
1499	0.000851172
1500	0.000893934
1501	0.000951099
1502	0.000941489
1503	0.000903137
1504	0.000859349
1505	0.000917176
1506	0.000953037
1507	0.000934952
1508	0.000929185
1509	0.000854545
1510	0.000915792
1511	0.000936143
1512	0.000925833
1513	0.000923641
1514	0.000861895
1515	0.000890801
1516	0.000923105
1517	0.0008927
1518	0.000904792
1519	0.00084958
1520	0.000855552
1521	0.000900362
1522	0.000874317
1523	0.000880145
1524	0.000817658
1525	0.000827587
1526	0.000872763
1527	0.000853222
1528	0.000848947
1529	0.000825096
1530	0.000818993
1531	0.000861455
1532	0.000850732
1533	0.000836023
1534	0.000834581
1535	0.000823107
1536	0.000843245
1537	0.000850227
1538	0.000822236
1539	0.000827665
1540	0.000812392
1541	0.000825797
1542	0.000855177
1543	0.000810656
1544	0.000845673
1545	0.000792532
1546	0.000834825
1547	0.000861569
1548	0.00081951
1549	0.000860687
1550	0.000797487
1551	0.000854059
1552	0.000888889
1553	0.000829443
1554	0.000875454
1555	0.000827878
1556	0.000860324
1557	0.000913848
1558	0.000854082
1559	0.000877586
1560	0.000868006
1561	0.000873056
1562	0.000932012
1563	0.000873585
1564	0.000874224
1565	0.000881502
1566	0.000873683
1567	0.000923011
1568	0.000863569
1569	0.000847523
1570	0.000867587
1571	0.000857458
1572	0.000906221
1573	0.000860881
1574	0.000842448
1575	0.000864792
1576	0.000858462
1577	0.000887169
1578	0.000866396
1579	0.000849283
1580	0.000863961
1581	0.000885942
1582	0.000876642
1583	0.000893352
1584	0.000856073
1585	0.000857345
1586	0.000891676
1587	0.000864049
1588	0.000890199
1589	0.000843806
1590	0.000846295
1591	0.000875385
1592	0.000869157
1593	0.000899119
1594	0.000855144
1595	0.000870342
1596	0.000871064
1597	0.000895235
1598	0.000933153
1599	0.00087937
1600	0.00089332
1601	0.000894794
1602	0.000932694
1603	0.000971966
1604	0.000899719
1605	0.000918276
1606	0.000910301
1607	0.000959635
1608	0.000998022
1609	0.000929331
1610	0.00093097
1611	0.00091257
1612	0.000963841
1613	0.00098868
1614	0.000928065
1615	0.0009137
1616	0.000899305
1617	0.000944603
1618	0.000959397
1619	0.000918901
1620	0.000894479
1621	0.000875663
1622	0.00092861
1623	0.000921228
1624	0.000934833
1625	0.000869976
1626	0.000866467
1627	0.000917683
1628	0.000919943
1629	0.000959197
1630	0.00087702
1631	0.000882462
1632	0.000917389
1633	0.000938438
1634	0.000970492
1635	0.000905405
1636	0.000924333
1637	0.000918879
1638	0.000980498
1639	0.000992581
1640	0.000934646
1641	0.000945025
1642	0.000935601
1643	0.000999492
1644	0.00101957
1645	0.00095551
1646	0.000957175
1647	0.000939108
1648	0.000987907
1649	0.00102436
1650	0.000972378
1651	0.000946927
1652	0.000920505
1653	0.00097535
1654	0.00101278
1655	0.000980737
1656	0.000933719
1657	0.000908622
1658	0.000960297
1659	0.000998223
1660	0.000989156
1661	0.000919722
1662	0.000909663
1663	0.000948234
1664	0.000974172
1665	0.000985814
1666	0.000913629
1667	0.000905073
1668	0.0009305
1669	0.00096247
1670	0.000977349
1671	0.000911026
1672	0.000912545
1673	0.00092139
1674	0.000976803
1675	0.000990948
1676	0.00093755
1677	0.000940548
1678	0.000923458
1679	0.00099763
1680	0.00100786
1681	0.000975375
1682	0.000957332
1683	0.000941013
1684	0.00099919
1685	0.00104822
1686	0.00100262
1687	0.000966875
1688	0.000943188
1689	0.000989636
1690	0.00104685
1691	0.00100695
1692	0.000963019
1693	0.000939757
1694	0.000971102
1695	0.00103506
1696	0.000997208
1697	0.000953777
1698	0.000933089
1699	0.000962372
1700	0.00101081
1701	0.00100592
1702	0.000934034
1703	0.000919029
1704	0.000939517
1705	0.000977616
1706	0.000988597
1707	0.000933401
1708	0.000908778
1709	0.000918579
1710	0.000964418
1711	0.000999036
1712	0.000954051
1713	0.00093843
1714	0.000922363
1715	0.000985133
1716	0.00102789
1717	0.000990246
1718	0.000966329
1719	0.000943448
1720	0.000997869
1721	0.00105805
1722	0.00100906
1723	0.000983837
1724	0.000958389
1725	0.00100226
1726	0.00108375
1727	0.00101813
1728	0.000975216
1729	0.000955815
1730	0.000982477
1731	0.0010559
1732	0.00100579
1733	0.000967112
1734	0.000932161
1735	0.000955846
1736	0.00100506
1737	0.0010045
1738	0.000947845
1739	0.000916485
1740	0.000935519
1741	0.000968083
1742	0.00100341
1743	0.000938994
1744	0.000904803
1745	0.000919684
1746	0.000937245
1747	0.00100135
1748	0.000942495
1749	0.000926528
1750	0.000914846
1751	0.000950839
1752	0.0010295
1753	0.000990684
1754	0.000944188
1755	0.000933514
1756	0.000973331
1757	0.00105025
1758	0.00100206
1759	0.000959841
1760	0.000924236
1761	0.000977948
1762	0.00103668
1763	0.000997852
1764	0.000954565
1765	0.000930993
1766	0.000966366
1767	0.00103324
1768	0.000993532
1769	0.000956745
1770	0.000926532
1771	0.000946466
1772	0.000995198
1773	0.00098802
1774	0.00094277
1775	0.000899744
1776	0.000924287
1777	0.00095375
1778	0.00098476
1779	0.000931317
1780	0.000868445
1781	0.000902808
1782	0.000917652
1783	0.00096111
1784	0.000919485
1785	0.000860496
1786	0.000884544
1787	0.00088905
1788	0.000937579
1789	0.000919083
1790	0.000869168
1791	0.000878505
1792	0.000893436
1793	0.000967981
1794	0.000949167
1795	0.000901309
1796	0.000891422
1797	0.00091691
1798	0.000982289
1799	0.000966721
1800	0.000921102
1801	0.00088716
1802	0.000932087
1803	0.00098452
1804	0.000976521
1805	0.000921994
1806	0.000869715
1807	0.000920122
1808	0.000967229
1809	0.000945629
1810	0.000909056
1811	0.000863199
1812	0.000905075
1813	0.000935998
1814	0.000925124
1815	0.000922526
1816	0.000855713
1817	0.000906977
1818	0.000928921
1819	0.000938928
1820	0.000924919
1821	0.000860317
1822	0.000888668
1823	0.000910795
1824	0.000906268
1825	0.000903288
1826	0.000847161
1827	0.000850934
1828	0.000886648
1829	0.000881849
1830	0.000883769
1831	0.000828534
1832	0.000830525
1833	0.000857012
1834	0.000866803
1835	0.000861038
1836	0.00082817
1837	0.000826227
1838	0.000845533
1839	0.000879015
1840	0.000867169
1841	0.000864093
1842	0.000824106
1843	0.000866669
1844	0.000905895
1845	0.000884359
1846	0.00089318
1847	0.000843924
1848	0.00088063
1849	0.000925112
1850	0.000886389
1851	0.000899756
1852	0.00083578
1853	0.000877204
1854	0.000913916
1855	0.000863971
1856	0.000887117
1857	0.000817118
1858	0.00085635
1859	0.000894456
1860	0.000844676
1861	0.000859174
1862	0.00080989
1863	0.000824785
1864	0.000885816
1865	0.000833122
1866	0.000847912
1867	0.000835679
1868	0.000817827
1869	0.000890339
1870	0.000843853
1871	0.000840355
1872	0.000844476
1873	0.000838329
1874	0.000868527
1875	0.000839501
1876	0.000814602
1877	0.000831326
1878	0.000829855
1879	0.000846182
1880	0.000832874
1881	0.000800887
1882	0.000826157
1883	0.000829732
1884	0.000840341
1885	0.000847749
1886	0.000806925
1887	0.000825319
1888	0.000848911
1889	0.000838312
1890	0.000861749
1891	0.000827756
1892	0.000832761
1893	0.000869816
1894	0.000862642
1895	0.000884326
1896	0.000850127
1897	0.00086383
1898	0.000872223
1899	0.000887255
1900	0.000906768
1901	0.000873714
1902	0.000881321
1903	0.000873938
1904	0.000904559
1905	0.000932788
1906	0.000874322
1907	0.000885486
1908	0.000886691
1909	0.000906399
1910	0.000963828
1911	0.000880763
1912	0.000898359
1913	0.000900819
1914	0.000935885
1915	0.000989201
1916	0.00091486
1917	0.000923019
1918	0.000913675
1919	0.000952611
1920	0.000980254
1921	0.000921995
1922	0.000914001
1923	0.0009033
1924	0.000945749
1925	0.000964753
1926	0.000925806
1927	0.000896729
1928	0.00088015
1929	0.000933217
1930	0.000937643
1931	0.000943082
1932	0.000876372
1933	0.000872855
1934	0.000925599
1935	0.00094643
1936	0.000974597
1937	0.000879974
1938	0.000889019
1939	0.00092888
1940	0.000955171
1941	0.000975139
1942	0.000903818
1943	0.000912263
1944	0.000924127
1945	0.000976682
1946	0.000988664
1947	0.000929189
1948	0.000942737
1949	0.000931817
1950	0.000999928
1951	0.00100509
1952	0.000952998
1953	0.000950454
1954	0.000934019
1955	0.000995546
1956	0.00101715
1957	0.000985028
1958	0.000956527
1959	0.000938038
1960	0.000987545
1961	0.00103559
1962	0.00100098
1963	0.000955489
1964	0.000929784
1965	0.000974783
1966	0.00102396
1967	0.000996358
1968	0.000950301
1969	0.000931954
1970	0.00096475
1971	0.00100677
1972	0.000999962
1973	0.000929157
1974	0.000919171
1975	0.000946016
1976	0.000982599
1977	0.000994772
1978	0.000922138
1979	0.000914222
1980	0.000922162
1981	0.000970862
1982	0.000988428
1983	0.000948563
1984	0.000938939
1985	0.000919685
1986	0.000989077
1987	0.00101948
1988	0.000986831
1989	0.000959662
1990	0.000942451
1991	0.00100802
1992	0.00105428
1993	0.0010126
1994	0.000986662
1995	0.000960058
1996	0.00099717
1997	0.00107087
1998	0.00101455
1999	0.00097875
2000	0.000954356
2001	0.00098204
2002	0.00105431
2003	0.00100971
2004	0.000957687
2005	0.000934022
2006	0.00095886
2007	0.00100816
2008	0.00100127
2009	0.000938258
2010	0.000908105
2011	0.00093348
2012	0.000969239
2013	0.000996296
2014	0.000936984
2015	0.000913873
2016	0.000919462
2017	0.000962202
2018	0.00101514
2019	0.000964882
2020	0.00094317
2021	0.000926904
2022	0.000971035
2023	0.00103404
2024	0.000995337
2025	0.000964223
2026	0.000938206
2027	0.000989836
2028	0.00106163
2029	0.00100863
2030	0.000972861
2031	0.000946546
2032	0.000990944
2033	0.00106888
2034	0.00100041
2035	0.000965949
2036	0.000934721
2037	0.000963459
2038	0.00103341
2039	0.000999995
2040	0.000955721
2041	0.000929987
2042	0.000949006
2043	0.000997763
2044	0.00100392
2045	0.00095122
2046	0.000913164
2047	0.000931894
2048	0.000951855
2049	0.000993959
2050	0.000928241
2051	0.000891724
2052	0.000909297
2053	0.000922341
2054	0.000990313
2055	0.000939047
2056	0.000900106
2057	0.000900646
2058	0.00092826
2059	0.0010062
2060	0.000969897
2061	0.000922979
2062	0.000912459
2063	0.000950671
2064	0.00102201
2065	0.000999569
2066	0.000942865
2067	0.000922772
2068	0.000969373
2069	0.00102938
2070	0.00100351
2071	0.000959835
2072	0.000921663
2073	0.000958648
2074	0.00100775
2075	0.000980616
2076	0.000944569
2077	0.0009049
2078	0.000933515
2079	0.000981655
2080	0.000978462
2081	0.000931434
2082	0.000879569
2083	0.000911388
2084	0.000947798
2085	0.00095617
2086	0.000925079
2087	0.000866198
2088	0.000900307
2089	0.000919005
2090	0.000942538
2091	0.000922459
2092	0.000851458
2093	0.000892727
2094	0.000897379
2095	0.000936316
2096	0.000916027
2097	0.000858067
2098	0.000871553
2099	0.000871308
2100	0.000921688
2101	0.00091648
2102	0.000864732
2103	0.000850338
2104	0.000880926
2105	0.000939511
2106	0.000940037
2107	0.000885148
2108	0.000857446
2109	0.000898623
2110	0.000958023
2111	0.000949877
2112	0.000904702
2113	0.000864025
2114	0.000914072
2115	0.000954394
2116	0.000933189
2117	0.00092003
2118	0.000852698
2119	0.000915851
2120	0.000938322
2121	0.000928116
2122	0.000924011
2123	0.000862185
2124	0.000897978
2125	0.000925553
2126	0.000901392
2127	0.000906848
2128	0.000856705
2129	0.00086834
2130	0.000911346
2131	0.000881587
2132	0.000891654
2133	0.000826697
2134	0.000838125
2135	0.000885924
2136	0.000863787
2137	0.000863033
2138	0.000826706
2139	0.00082933
2140	0.000875515
2141	0.000855268
2142	0.000847305
2143	0.000841435
2144	0.000825117
2145	0.000859248
2146	0.000854684
2147	0.000835095
2148	0.00083672
2149	0.000826754
2150	0.000835918
2151	0.00085543
2152	0.000814771
2153	0.000828526
2154	0.000799918
2155	0.000821814
2156	0.000856814
2157	0.000817548
2158	0.000852155
2159	0.000787827
2160	0.000845879
2161	0.000871175
2162	0.000830012
2163	0.000866459
2164	0.000806986
2165	0.000851094
2166	0.000892715
2167	0.000839799
2168	0.000869469
2169	0.000845986
2170	0.000867775
2171	0.000919396
2172	0.000858045
2173	0.000872826
2174	0.000875018
2175	0.000877424
2176	0.000929714
2177	0.000864409
2178	0.000866826
2179	0.000880682
2180	0.00087714
2181	0.000930219
2182	0.000860442
2183	0.000859906
2184	0.000876222
2185	0.00086989
2186	0.000921705
2187	0.000861189
2188	0.00086524
2189	0.00087305
2190	0.000895524
2191	0.000916868
2192	0.000882182
2193	0.000870279
2194	0.000868772
2195	0.000903238
2196	0.000898447
2197	0.00089822
2198	0.000849339
2199	0.000861678
2200	0.000896014
2201	0.000888265
2202	0.000909894
2203	0.000843016
2204	0.000851576
2205	0.000898464
2206	0.000889262
2207	0.00092871
2208	0.000855765
2209	0.00087131
2210	0.000900854
2211	0.00093556
2212	0.000965443
2213	0.000890786
2214	0.000925132
2215	0.000922277
2216	0.000983188
2217	0.000996356
2218	0.000929889
2219	0.000947899
2220	0.000938411
2221	0.000982187
2222	0.0010186
2223	0.000954409
2224	0.000951372
2225	0.000938203
2226	0.000979329
2227	0.00101304
2228	0.00095896
2229	0.000934758
2230	0.000903654
2231	0.000963385
2232	0.000981297
2233	0.000961749
2234	0.000909243
2235	0.00089206
2236	0.000950038
2237	0.000974069
2238	0.000984076
2239	0.000901959
2240	0.000901776
2241	0.000943111
2242	0.00096778
2243	0.000988797
2244	0.000916634
2245	0.000913645
2246	0.000933437
2247	0.000969879
2248	0.000982351
2249	0.000920881
2250	0.000933258
2251	0.000920931
2252	0.000989727
2253	0.00100006
2254	0.00094306
2255	0.000947174
2256	0.000930795
2257	0.000997473
2258	0.00101979
2259	0.000981719
2260	0.000961198
2261	0.000938871
2262	0.000988681
2263	0.00103821
2264	0.000996423
2265	0.000953241
2266	0.000927629
2267	0.000973295
2268	0.0010239
2269	0.00100083
2270	0.000945768
2271	0.00092749
2272	0.000961133
2273	0.00100145
2274	0.000996651
2275	0.000927472
2276	0.00091556
2277	0.000942002
2278	0.000975245
2279	0.000988874
2280	0.000918248
2281	0.000913045
2282	0.000923267
2283	0.000975765
2284	0.000989445
2285	0.000943049
2286	0.000936412
2287	0.000916269
2288	0.000991299
2289	0.00100896
2290	0.000972771
2291	0.000954191
2292	0.000941631
2293	0.00100094
2294	0.00105149
2295	0.00100678
2296	0.000971574
2297	0.000947344
2298	0.00098825
2299	0.00104792
2300	0.000997891
2301	0.000960692
2302	0.000936388
2303	0.000965496
2304	0.00102812
2305	0.000996441
2306	0.000943779
2307	0.000923782
2308	0.000951359
2309	0.00100074
2310	0.00100331
2311	0.000929018
2312	0.000909954
2313	0.000926719
2314	0.000960233
2315	0.000979009
2316	0.00092702
2317	0.000908873
2318	0.000908334
2319	0.000965541
2320	0.00100181
2321	0.000956628
2322	0.000936933
2323	0.000920234
2324	0.000988593
2325	0.00103323
2326	0.000994282
2327	0.000972015
2328	0.000947089
2329	0.00099686
2330	0.00106772
2331	0.00101044
2332	0.000983381
2333	0.000958079
2334	0.000988138
2335	0.00107261
2336	0.00101016
2337	0.000965793
2338	0.000945677
2339	0.000970109
2340	0.00103511
2341	0.000998925
2342	0.000952528
2343	0.000919915
2344	0.000942892
2345	0.000983135
2346	0.00100188
2347	0.000932012
2348	0.000903706
2349	0.000921877
2350	0.000950465
2351	0.00099599
2352	0.000930467
2353	0.000910153
2354	0.00091214
2355	0.000940643
2356	0.00101163
2357	0.00096797
2358	0.000936589
2359	0.000926156
2360	0.000965363
2361	0.00104381
2362	0.000999537
2363	0.000953267
2364	0.00093408
2365	0.000983277
2366	0.00105164
2367	0.00100014
2368	0.000965484
2369	0.000929924
2370	0.00097498
2371	0.00104114
2372	0.000994802
2373	0.000952849
2374	0.00093291
2375	0.0009568
2376	0.0010251
2377	0.000995639
2378	0.000954069
2379	0.000924089
2380	0.000940424
2381	0.000983206
2382	0.000991248
2383	0.000937678
2384	0.000896723
2385	0.00092061
2386	0.000946219
2387	0.000991097
2388	0.000933335
2389	0.000871971
2390	0.00090614
2391	0.000913503
2392	0.000968153
2393	0.00092373
2394	0.000876832
2395	0.000888363
2396	0.000896672
2397	0.000964857
2398	0.000946677
2399	0.000887774
2400	0.000896363
2401	0.000919002
2402	0.000996378
2403	0.000976761
2404	0.000925599
2405	0.000908761
2406	0.000941314
2407	0.00100257
2408	0.000985295
2409	0.000938524
2410	0.000893087
2411	0.000943764
2412	0.000989889
2413	0.000979641
2414	0.000925773
2415	0.000875314
2416	0.000920563
2417	0.000969542
2418	0.000945099
2419	0.000918329
2420	0.000870572
2421	0.000910848
2422	0.000943857
2423	0.00093402
2424	0.000933311
2425	0.000862618
2426	0.000909797
2427	0.000932986
2428	0.000938843
2429	0.00092792
2430	0.000866423
2431	0.000889454
2432	0.000913808
2433	0.000907536
2434	0.000905118
2435	0.000850893
2436	0.000855297
2437	0.000890436
2438	0.000884349
2439	0.000886109
2440	0.000830208
2441	0.000836463
2442	0.000856636
2443	0.000866721
2444	0.000857934
2445	0.000826051
2446	0.000824125
2447	0.000846396
2448	0.000877886
2449	0.00086386
2450	0.000865248
2451	0.000828829
2452	0.000866605
2453	0.000907663
2454	0.000885467
2455	0.00089027
2456	0.000850217
2457	0.000878943
2458	0.000922343
2459	0.000884492
2460	0.000891109
2461	0.000840416
2462	0.000873263
2463	0.00091134
2464	0.000864254
2465	0.000884424
2466	0.000813245
2467	0.000859939
2468	0.000892336
2469	0.000848471
2470	0.000861048
2471	0.000814425
2472	0.000833903
2473	0.000883781
2474	0.000833861
2475	0.00085067
2476	0.000835866
2477	0.000840147
2478	0.000886788
2479	0.000837614
2480	0.000839417
2481	0.000842451
2482	0.000844368
2483	0.000879562
2484	0.000831615
2485	0.000822709
2486	0.000842421
2487	0.00083385
2488	0.000876174
2489	0.000843678
2490	0.000822679
2491	0.000851285
2492	0.000846365
2493	0.000874615
2494	0.000867874
2495	0.000831863
2496	0.000854594
2497	0.000875005
2498	0.000890583
2499	0.000895161
2500	0.00084718
2501	0.000862391
2502	0.00089035
2503	0.000895509
2504	0.00089958
2505	0.000847229
2506	0.000885616
2507	0.00088673
2508	0.000916471
2509	0.000923392
2510	0.000859133
2511	0.000890838
2512	0.000898874
2513	0.000908832
2514	0.000952096
2515	0.000872367
2516	0.000889576
2517	0.000899253
2518	0.000906723
2519	0.000976776
2520	0.000894023
2521	0.000907855
2522	0.000909773
2523	0.00094431
2524	0.000989163
2525	0.000924597
2526	0.00091915
2527	0.000903706
2528	0.000946847
2529	0.000963218
2530	0.000914268
2531	0.000894858
2532	0.000883336
2533	0.000929956
2534	0.00093805
2535	0.000919414
2536	0.000870264
2537	0.00086321
2538	0.000916025
2539	0.000903075
2540	0.000938701
2541	0.000855543
2542	0.000855043
2543	0.000902774
2544	0.000910485
2545	0.000948688
2546	0.000866066
2547	0.000886865
2548	0.000903267
2549	0.000953932
2550	0.000979239
2551	0.000910889
2552	0.000934083
2553	0.00092586
2554	0.000991092
2555	0.00100425
2556	0.00093651
2557	0.000948835
2558	0.000937954
2559	0.000981599
2560	0.00101909
2561	0.000951741
2562	0.000945148
2563	0.000925746
2564	0.000961747
2565	0.000994262
2566	0.00095562
2567	0.0009165
2568	0.00089122
2569	0.000949722
2570	0.000966872
2571	0.000964459
2572	0.000897024
2573	0.000888317
2574	0.000936621
2575	0.000958078
2576	0.000985408
2577	0.000900636
2578	0.000898803
2579	0.000933694
2580	0.000955074
2581	0.00097365
2582	0.000912749
2583	0.000920102
2584	0.000919789
2585	0.000980793
2586	0.000987978
2587	0.000931794
2588	0.000937545
2589	0.000929079
2590	0.000997385
2591	0.00100975
2592	0.000945764
2593	0.000950949
2594	0.000931426
2595	0.000983137
2596	0.00101654
2597	0.000975045
2598	0.000947717
2599	0.000923607
2600	0.000971464
2601	0.00101876
2602	0.000992108
2603	0.000938414
2604	0.00091601
2605	0.000962957
2606	0.000996949
2607	0.000996001
2608	0.000920806
2609	0.000911798
2610	0.000947129
2611	0.000975588
2612	0.000987601
2613	0.000921272
2614	0.000911796
2615	0.000929938
2616	0.000968148
2617	0.000983626
2618	0.000926373
2619	0.00093435
2620	0.000919783
2621	0.00099099
2622	0.000999155
2623	0.000948819
2624	0.000948436
2625	0.000934195
2626	0.00100608
2627	0.00102667
2628	0.000984857
2629	0.000965037
2630	0.000947653
2631	0.000997132
2632	0.001048
2633	0.000999742
2634	0.00095868
2635	0.000935254
2636	0.000978983
2637	0.00102746
2638	0.00100097
2639	0.00094444
2640	0.000924486
2641	0.000958107
2642	0.000999126
2643	0.000992688
2644	0.000927419
2645	0.000915534
2646	0.000941889
2647	0.000975466
2648	0.00098959
2649	0.000919692
2650	0.000911937
2651	0.000921169
2652	0.000971312
2653	0.000987033
2654	0.000938192
2655	0.000931259
2656	0.000910737
2657	0.000984034
2658	0.000999782
2659	0.000963219
2660	0.000947667
2661	0.000937783
2662	0.00100147
2663	0.00104811
2664	0.00100346
2665	0.000972226
2666	0.000950851
2667	0.000998356
2668	0.00105669
2669	0.0010033
2670	0.000970937
2671	0.000944335
2672	0.000972559
2673	0.00104396
2674	0.00100265
2675	0.000957242
2676	0.000935106
2677	0.000962723
2678	0.00101801
2679	0.00100641
2680	0.000938223
2681	0.000917222
2682	0.000933859
2683	0.000972294
2684	0.000986214
2685	0.000931703
2686	0.000904297
2687	0.000913995
2688	0.000953265
2689	0.000996473
2690	0.000944935
2691	0.000934918
2692	0.000917316
2693	0.000979348
2694	0.00102662
2695	0.000990216
2696	0.000967343
2697	0.000946727
2698	0.000996412
2699	0.00105963
2700	0.00101214
2701	0.000983128
2702	0.000959302
2703	0.00100682
2704	0.00108344
2705	0.00101484
2706	0.000975054
2707	0.000954491
2708	0.000980068
2709	0.00105414
2710	0.0010046
2711	0.000965349
2712	0.000935683
2713	0.000955779
2714	0.00101077
2715	0.00100324
2716	0.000950862
2717	0.000918674
2718	0.00093504
2719	0.000970849
2720	0.00099911
2721	0.000935118
2722	0.000900639
2723	0.000920678
2724	0.000934335
2725	0.000992648
2726	0.000932735
2727	0.00089535
2728	0.000906808
2729	0.000928498
2730	0.00100857
2731	0.000964074
2732	0.00091408
2733	0.000910753
2734	0.000944517
2735	0.00101539
2736	0.000986758
2737	0.000933339
2738	0.000920136
2739	0.000964147
2740	0.00102772
2741	0.0010077
2742	0.000957415
2743	0.000926458
2744	0.000970145
2745	0.00103043
2746	0.000999815
2747	0.000963086
2748	0.000929266
2749	0.000956259
2750	0.00100909
2751	0.000991547
2752	0.00094991
2753	0.000902547
2754	0.000933122
2755	0.00097286
2756	0.000980153
2757	0.000934942
2758	0.000872562
2759	0.000906582
2760	0.000930627
2761	0.000944595
2762	0.000921945
2763	0.000854848
2764	0.00089182
2765	0.000904316
2766	0.000934868
2767	0.00091807
2768	0.000849657
2769	0.000876617
2770	0.000879457
2771	0.000922199
2772	0.000909078
2773	0.000870165
2774	0.00086239
2775	0.000875818
2776	0.000931801
2777	0.000930594
2778	0.000878195
2779	0.000858802
2780	0.000893741
2781	0.000952193
2782	0.000948673
2783	0.000892036
2784	0.00085709
2785	0.00090403
2786	0.000954448
2787	0.000941069
2788	0.000903613
2789	0.000851861
2790	0.000912005
2791	0.00094207
2792	0.000927432
2793	0.00092051
2794	0.000852316
2795	0.000907534
2796	0.000929163
2797	0.000922461
2798	0.000918585
2799	0.000860764
2800	0.00088807
2801	0.000920076
2802	0.000897458
2803	0.000904257
2804	0.000849074
2805	0.000854983
2806	0.000896956
2807	0.00087547
2808	0.000878155
2809	0.000818716
2810	0.000823311
2811	0.000865854
2812	0.000855374
2813	0.000846805
2814	0.000823227
2815	0.000823805
2816	0.000858799
2817	0.000862924
2818	0.000843737
2819	0.000840029
2820	0.000824563
2821	0.000846239
2822	0.00087098
2823	0.000842798
2824	0.000857923
2825	0.00081907
2826	0.000846386
2827	0.00088721
2828	0.000848125
2829	0.00087369
2830	0.00081496
2831	0.00085786
2832	0.000890549
2833	0.000837201
2834	0.000873142
2835	0.000798766
2836	0.000856537
2837	0.00089645
2838	0.000839528
2839	0.000875052
2840	0.000825013
2841	0.000855415
2842	0.000917361
2843	0.000860072
2844	0.000874817
2845	0.000867454
2846	0.000861829
2847	0.000923378
2848	0.000866913
2849	0.000866837
2850	0.000876501
2851	0.000858084
2852	0.000909017
2853	0.000856993
2854	0.000841475
2855	0.000863434
2856	0.000843996
2857	0.000884828
2858	0.000850839
2859	0.000829082
2860	0.000850687
2861	0.000847241
2862	0.000862984
2863	0.000857032
2864	0.000834589
2865	0.000844437
2866	0.000881913
2867	0.00086026
2868	0.000883934
2869	0.000848871
2870	0.000847687
2871	0.000897705
2872	0.000865251
2873	0.000892003
2874	0.000852123
2875	0.000845423
2876	0.000883681
2877	0.000873374
2878	0.000895586
2879	0.000864623
2880	0.000866939
2881	0.000869103
2882	0.000890281
2883	0.000916746
2884	0.000875369
2885	0.000874543
2886	0.000878789
2887	0.000913736
2888	0.000946127
2889	0.000881494
2890	0.000900605
2891	0.000893213
2892	0.000943573
2893	0.000981176
2894	0.000919528
2895	0.000919334
2896	0.000906005
2897	0.000957317
2898	0.000977221
2899	0.000921181
2900	0.000912411
2901	0.000897124
2902	0.000947223
2903	0.000963411
2904	0.000919996
2905	0.000898025
2906	0.000877974
2907	0.000938806
2908	0.000934539
2909	0.000937021
2910	0.000880322
2911	0.00087317
2912	0.0009261
2913	0.000938807
2914	0.000971188
2915	0.000885139
2916	0.000890414
2917	0.000929308
2918	0.000955284
2919	0.00097913
2920	0.00091323
2921	0.000913745
2922	0.000923229
2923	0.000978099
2924	0.0009916
2925	0.000933756
2926	0.000944749
2927	0.000931396
2928	0.00100558
2929	0.0010089
2930	0.000953029
2931	0.000954342
2932	0.000932517
2933	0.00099442
2934	0.00102239
2935	0.000986919
2936	0.000959546
2937	0.00093842
2938	0.000989807
2939	0.00104072
2940	0.00100318
2941	0.000958183
2942	0.000931311
2943	0.000978634
2944	0.00102984
2945	0.00100067
2946	0.000955151
2947	0.000934557
2948	0.00096763
2949	0.00101314
2950	0.000998624
2951	0.000933823
2952	0.000921996
2953	0.000949487
2954	0.000986953
2955	0.000997205
2956	0.000923387
2957	0.000912478
2958	0.000927013
2959	0.000967667
2960	0.000983342
2961	0.000940288
2962	0.000935491
2963	0.000921226
2964	0.000985898
2965	0.00101579
2966	0.000983186
2967	0.000956452
2968	0.000943482
2969	0.00100791
2970	0.00104609
2971	0.00100492
2972	0.000981466
2973	0.000956878
2974	0.000998688
2975	0.00107067
2976	0.00101115
2977	0.000976195
2978	0.000953441
2979	0.000980927
2980	0.00106177
2981	0.00100699
2982	0.00096192
2983	0.000937934
2984	0.000963334
2985	0.00102267
2986	0.000997629
2987	0.000950938
2988	0.000919498
2989	0.000944727
2990	0.000985313
2991	0.0010078
2992	0.00094378
2993	0.000914715
2994	0.000929424
2995	0.00095763
2996	0.000999692
2997	0.000937262
2998	0.000922842
2999	0.000915906
3000	0.000948909
3001	0.00101222
3002	0.000972839
3003	0.000938158
3004	0.000925071
3005	0.000968659
3006	0.00104586
3007	0.00100342
3008	0.000957684
3009	0.000936117
3010	0.000991145
3011	0.00106134
3012	0.00100909
3013	0.000978373
3014	0.000943615
3015	0.000986517
3016	0.00105609
3017	0.00101229
3018	0.000967853
3019	0.000942516
3020	0.000964528
3021	0.00102743
3022	0.00100387
3023	0.000963127
3024	0.000926112
3025	0.000940053
3026	0.000972202
3027	0.000989249
3028	0.000933588
3029	0.000884599
3030	0.000911436
3031	0.0009324
3032	0.000983166
3033	0.000930071
3034	0.000866459
3035	0.000898557
3036	0.000907455
3037	0.000961989
3038	0.000925421
3039	0.000887961
3040	0.000889524
3041	0.000906962
3042	0.000975861
3043	0.000957127
3044	0.000900673
3045	0.000901993
3046	0.000924128
3047	0.00100144
3048	0.00098066
3049	0.00093171
3050	0.00090352
3051	0.000942827
3052	0.000994958
3053	0.000979695
3054	0.000934006
3055	0.00088526
3056	0.000934364
3057	0.000981619
3058	0.000969832
3059	0.000923597
3060	0.000876539
3061	0.000916881
3062	0.000965761
3063	0.000944
3064	0.000924975
3065	0.00087275
3066	0.000912201
3067	0.000941534
3068	0.000943938
3069	0.000934025
3070	0.000860583
3071	0.000904453
3072	0.00091969
3073	0.00093198
3074	0.000914104
3075	0.000853479
3076	0.000869551
3077	0.000886988
3078	0.000898403
3079	0.000893193
3080	0.000837568
3081	0.000844031
3082	0.000868113
3083	0.000885062
3084	0.000888937
3085	0.000842208
3086	0.000829076
3087	0.000853277
3088	0.000900756
3089	0.000900204
3090	0.000865309
3091	0.000843326
3092	0.000879647
3093	0.000923821
3094	0.000904393
3095	0.00089729
3096	0.000850251
3097	0.000895334
3098	0.000937193
3099	0.000913697
3100	0.000916238
3101	0.000850212
3102	0.000895861
3103	0.000926494
3104	0.000894036
3105	0.000901879
3106	0.000842284
3107	0.000875081
3108	0.000913358
3109	0.000870504
3110	0.000892287
3111	0.000824431
3112	0.000848845
3113	0.000892563
3114	0.0008543
3115	0.000862374
3116	0.000822162
3117	0.000827613
3118	0.000885298
3119	0.000839832
3120	0.000842817
3121	0.000833298
3122	0.000815663
3123	0.000867904
3124	0.000834157
3125	0.000819553
3126	0.000829741
3127	0.000815141
3128	0.00084285
3129	0.000832707
3130	0.000800376
3131	0.000826735
3132	0.000812985
3133	0.000833735
3134	0.00084947
3135	0.000798847
3136	0.00082622
3137	0.000812956
3138	0.000838247
3139	0.00086656
3140	0.00081189
3141	0.000835521
3142	0.00083174
3143	0.000838673
3144	0.00087382
3145	0.000839016
3146	0.000876329
3147	0.000870842
3148	0.000886749
3149	0.000915318
3150	0.000872499
3151	0.000889624
3152	0.000894469
3153	0.000900106
3154	0.00093204
3155	0.000885097
3156	0.000893007
3157	0.00089274
3158	0.000903536
3159	0.000958996
3160	0.000896462
3161	0.000887108
3162	0.000895938
3163	0.000905988
3164	0.000964682
3165	0.000891057
3166	0.000889711
3167	0.000886684
3168	0.000921408
3169	0.000959689
3170	0.000895111
3171	0.000889775
3172	0.000878362
3173	0.000920214
3174	0.000930452
3175	0.000893072
3176	0.000874149
3177	0.000875021
3178	0.00091945
3179	0.00091787
3180	0.000909154
3181	0.000866138
3182	0.000864512
3183	0.00091411
3184	0.000900897
3185	0.00093889
3186	0.000863367
3187	0.000868321
3188	0.000913351
3189	0.000924719
3190	0.000957795
3191	0.000878362
3192	0.000887675
3193	0.000913105
3194	0.000953849
3195	0.000968914
3196	0.000912451
3197	0.00093649
3198	0.000921176
3199	0.000993263
3200	0.000998701
3201	0.000937377
3202	0.000946241
3203	0.000936856
3204	0.000992271
3205	0.00102051
3206	0.000962625
3207	0.000955358
3208	0.00093392
3209	0.000987714
3210	0.00101588
3211	0.00098174
3212	0.000945942
3213	0.000920653
3214	0.000973142
3215	0.00101512
3216	0.000987552
3217	0.000931853
3218	0.000915041
3219	0.000960858
3220	0.00099732
3221	0.000988319
3222	0.000923704
3223	0.000913956
3224	0.00094472
3225	0.00098121
3226	0.00099127
3227	0.000918435
3228	0.000912292
3229	0.000935786
3230	0.000970227
3231	0.000988006
3232	0.000924206
3233	0.000930867
3234	0.000917981
3235	0.00098735
3236	0.000996917
3237	0.000962715
3238	0.000946289
3239	0.000933956
3240	0.0010019
3241	0.00103224
3242	0.000994087
3243	0.000965408
3244	0.000943901
3245	0.000997764
3246	0.00105202
3247	0.00100557
3248	0.000971071
3249	0.000944573
3250	0.000977495
3251	0.00104967
3252	0.00100263
3253	0.0009648
3254	0.000941864
3255	0.000971469
3256	0.00103048
3257	0.00100832
3258	0.000942798
3259	0.000925443
3260	0.000950714
3261	0.00099512
3262	0.00100157
3263	0.000936343
3264	0.000908431
3265	0.000926687
3266	0.000961597
3267	0.000991597
3268	0.000939728
3269	0.000926734
3270	0.000913661
3271	0.000971516
3272	0.00101393
3273	0.000976045
3274	0.000949279
3275	0.000931541
3276	0.000984396
3277	0.00104129
3278	0.000998709
3279	0.00097525
3280	0.000947383
3281	0.000997295
3282	0.00107558
3283	0.00101286
3284	0.000975138
3285	0.00095379
3286	0.000983066
3287	0.00106069
3288	0.00100032
3289	0.000962967
3290	0.000930243
3291	0.000954624
3292	0.00101176
3293	0.000993796
3294	0.000946109
3295	0.000914073
3296	0.000936597
3297	0.000972812
3298	0.00099963
3299	0.000936652
3300	0.000901695
3301	0.000921982
3302	0.000940366
3303	0.00099289
3304	0.000925818
3305	0.000909651
3306	0.0009084
3307	0.000935643
3308	0.00101521
3309	0.0009724
3310	0.00092673
3311	0.000923422
3312	0.000960411
3313	0.00103935
3314	0.000995834
3315	0.000947173
3316	0.000925406
3317	0.000973406
3318	0.0010338
3319	0.00100101
3320	0.000955501
3321	0.000927628
3322	0.00097158
3323	0.00103626
3324	0.000997305
3325	0.000962123
3326	0.000928951
3327	0.00095334
3328	0.00100878
3329	0.000985909
3330	0.000946147
3331	0.00091012
3332	0.000932817
3333	0.000970099
3334	0.00098828
3335	0.000936938
3336	0.000877202
3337	0.000907368
3338	0.000929479
3339	0.00096512
3340	0.000919724
3341	0.000860019
3342	0.000888538
3343	0.000897073
3344	0.00093951
3345	0.000913895
3346	0.000853015
3347	0.00087979
3348	0.000882325
3349	0.000949111
3350	0.000937092
3351	0.000882566
3352	0.000879846
3353	0.000901462
3354	0.000966865
3355	0.000950322
3356	0.000906498
3357	0.000886282
3358	0.000919374
3359	0.000979857
3360	0.000974421
3361	0.000917679
3362	0.000874897
3363	0.000923841
3364	0.00097119
3365	0.000957776
3366	0.000909996
3367	0.000861836
3368	0.000906047
3369	0.000943357
3370	0.000924752
3371	0.000915473
3372	0.000855009
3373	0.000907956
3374	0.000932828
3375	0.000934369
3376	0.0009271
3377	0.000867517
3378	0.000897824
3379	0.000923971
3380	0.000914234
3381	0.000906862
3382	0.000855028
3383	0.000864376
3384	0.000900384
3385	0.000884442
3386	0.00089162
3387	0.00082971
3388	0.000831659
3389	0.000868498
3390	0.000862111
3391	0.000859295
3392	0.000821618
3393	0.000827881
3394	0.0008502
3395	0.00085493
3396	0.000845406
3397	0.000832598
3398	0.000816272
3399	0.000842409
3400	0.000875669
3401	0.000858619
3402	0.000869353
3403	0.000827596
3404	0.000858682
3405	0.000897733
3406	0.00086749
3407	0.00088242
3408	0.000834354
3409	0.000866897
3410	0.000909227
3411	0.000861501
3412	0.000883706
3413	0.000813589
3414	0.000865665
3415	0.000897602
3416	0.000846822
3417	0.000870431
3418	0.000805845
3419	0.000850557
3420	0.000895196
3421	0.000841274
3422	0.000854371
3423	0.000833961
3424	0.000836468
3425	0.000902483
3426	0.0008485
3427	0.000860248
3428	0.000857562
3429	0.000850874
3430	0.00090038
3431	0.00084254
3432	0.000836902
3433	0.000848881
3434	0.000839758
3435	0.000882149
3436	0.000837195
3437	0.00082224
3438	0.000845793
3439	0.000837381
3440	0.000876047
3441	0.000847931
3442	0.00083193
3443	0.00084941
3444	0.000869541
3445	0.000876407
3446	0.000869043
3447	0.000846649
3448	0.000858353
3449	0.000895849
3450	0.000885421
3451	0.0009014
3452	0.000854508
3453	0.00086699
3454	0.000901616
3455	0.000890748
3456	0.00090775
3457	0.000856878
3458	0.000860718
3459	0.000888631
3460	0.000887447
3461	0.000923118
3462	0.000864172
3463	0.00089013
3464	0.000890002
3465	0.000924957
3466	0.000961165
3467	0.000884768
3468	0.00091828
3469	0.000914254
3470	0.000961823
3471	0.00100237
3472	0.000930021
3473	0.00094265
3474	0.000934116
3475	0.000976376
3476	0.00100893
3477	0.000945275
3478	0.000942102
3479	0.000928272
3480	0.000964945
3481	0.000996439
3482	0.000943864
3483	0.000920851
3484	0.000893437
3485	0.000948445
3486	0.000958685
3487	0.00095034
3488	0.000886785
3489	0.000876492
3490	0.000932507
3491	0.000949759
3492	0.000978919
3493	0.000881546
3494	0.000889027
3495	0.000932256
3496	0.000955088
3497	0.000980277
3498	0.000908122
3499	0.000915457
3500	0.000927028
3501	0.000979786
3502	0.000994009
3503	0.000935151
3504	0.000946201
3505	0.000934676
3506	0.00100421
3507	0.00101417
3508	0.000954131
3509	0.000959102
3510	0.000939853
3511	0.000996409
3512	0.00102355
3513	0.000981487
3514	0.000955519
3515	0.000928542
3516	0.000979366
3517	0.00102583
3518	0.000991537
3519	0.000943844
3520	0.000919493
3521	0.000968519
3522	0.00101288
3523	0.00099882
3524	0.000937428
3525	0.00092382
3526	0.000959285
3527	0.000993818
3528	0.000998898
3529	0.000927142
3530	0.000917802
3531	0.000942826
3532	0.000972946
3533	0.000987909
3534	0.000918491
3535	0.000919854
3536	0.000923221
3537	0.000981755
3538	0.00098927
3539	0.000941604
3540	0.000934302
3541	0.000916947
3542	0.00099315
3543	0.00100604
3544	0.000970499
3545	0.00095349
3546	0.000939969
3547	0.000995692
3548	0.00105063
3549	0.00100522
3550	0.000969509
3551	0.000947861
3552	0.000988138
3553	0.00104837
3554	0.0010063
3555	0.000965483
3556	0.000941165
3557	0.000969548
3558	0.00102574
3559	0.00100044
3560	0.000940663
3561	0.000922116
3562	0.000948143
3563	0.000990799
3564	0.000996945
3565	0.000921019
3566	0.000906881
3567	0.000924232
3568	0.000959644
3569	0.000979877
3570	0.000932155
3571	0.000921021
3572	0.000911164
3573	0.000977905
3574	0.00100864
3575	0.000967342
3576	0.000949655
3577	0.000935365
3578	0.00100457
3579	0.00104439
3580	0.00100246
3581	0.000980225
3582	0.000954918
3583	0.000998365
3584	0.001066
3585	0.00100477
3586	0.000975597
3587	0.000950339
3588	0.000975815
3589	0.00105803
3590	0.0010034
3591	0.000956027
3592	0.000935515
3593	0.000962729
3594	0.00102243
3595	0.00100102
3596	0.000941334
3597	0.000912624
3598	0.00093553
3599	0.000975098
3600	0.00099948
3601	0.000935249
3602	0.000907986
3603	0.000921887
3604	0.000953073
3605	0.00100483
3606	0.000946522
3607	0.000935818
3608	0.00091752
3609	0.000963347
3610	0.00102205
3611	0.000982759
3612	0.000955563
3613	0.00093328
3614	0.000979331
3615	0.00105423
3616	0.00100363
3617	0.000967662
3618	0.000943546
3619	0.000992651
3620	0.00106802
3621	0.00100129
3622	0.000965572
3623	0.000940935
3624	0.000968513
3625	0.00104064
3626	0.00099771
3627	0.000954844
3628	0.000929251
3629	0.000953344
3630	0.00100735
3631	0.000998126
3632	0.000951955
3633	0.000912435
3634	0.000931581
3635	0.000960197
3636	0.000989088
3637	0.000924875
3638	0.000889096
3639	0.000911195
3640	0.00092611
3641	0.000984804
3642	0.000928541
3643	0.000883914
3644	0.000904086
3645	0.000922879
3646	0.0010036
3647	0.000959971
3648	0.000911217
3649	0.000908928
3650	0.000940113
3651	0.00101081
3652	0.000986158
3653	0.000931751
3654	0.000925009
3655	0.000963568
3656	0.00103275
3657	0.0010084
3658	0.000957681
3659	0.000919648
3660	0.000963776
3661	0.00101348
3662	0.000987826
3663	0.000950835
3664	0.000908972
3665	0.000945255
3666	0.000996861
3667	0.000984493
3668	0.000940741
3669	0.000893663
3670	0.00092523
3671	0.000975104
3672	0.000968768
3673	0.000931101
3674	0.000876367
3675	0.000906817
3676	0.000937653
3677	0.000942212
3678	0.000926099
3679	0.000853993
3680	0.000896347
3681	0.000910454
3682	0.000925123
3683	0.00090971
3684	0.00085058
3685	0.000869883
3686	0.000878255
3687	0.000901549
3688	0.000888561
3689	0.000837272
3690	0.000843213
3691	0.00086013
3692	0.000894831
3693	0.000901855
3694	0.000854516
3695	0.000838219
3696	0.000868793
3697	0.000925915
3698	0.000919965
3699	0.00087303
3700	0.000853323
3701	0.000886486
3702	0.000943165
3703	0.000921684
3704	0.000901431
3705	0.000854201
3706	0.000908588
3707	0.000947328
3708	0.000929495
3709	0.000923434
3710	0.000859123
3711	0.000903643
3712	0.000929571
3713	0.000903641
3714	0.000907323
3715	0.000853599
3716	0.000877747
3717	0.000915968
3718	0.000878883
3719	0.000895485
3720	0.000830564
3721	0.000847469
3722	0.000892445
3723	0.000858638
3724	0.000864104
3725	0.000822113
3726	0.000829943
3727	0.000881524
3728	0.000846775
3729	0.000845816
3730	0.000833754
3731	0.000825296
3732	0.000865038
3733	0.000837809
3734	0.000828245
3735	0.000833327
3736	0.00082684
3737	0.00084642
3738	0.000837819
3739	0.000808546
3740	0.000825599
3741	0.000817077
3742	0.000837643
3743	0.000844303
3744	0.00079965
3745	0.000821712
3746	0.000798449
3747	0.00084167
3748	0.000853993
3749	0.000809925
3750	0.000842413
3751	0.000811768
3752	0.000854745
3753	0.000872519
3754	0.000839219
3755	0.000877186
3756	0.000865644
3757	0.000893809
3758	0.000908134
3759	0.000846209
3760	0.000881152
3761	0.000889248
3762	0.00089164
3763	0.000935095
3764	0.000865855
3765	0.000885856
3766	0.000901053
3767	0.000892032
3768	0.000955623
3769	0.000887566
3770	0.000879971
3771	0.000898112
3772	0.000890369
3773	0.000950227
3774	0.000887422
3775	0.000875338
3776	0.000877201
3777	0.000906295
3778	0.000932476
3779	0.000886422
3780	0.000867864
3781	0.000868701
3782	0.000908869
3783	0.000903884
3784	0.000906786
3785	0.000854206
3786	0.000864982
3787	0.000901188
3788	0.000887191
3789	0.000909046
3790	0.000849713
3791	0.000857864
3792	0.000889767
3793	0.000885187
3794	0.00092247
3795	0.000862953
3796	0.000890108
3797	0.000894934
3798	0.000925358
3799	0.000963891
3800	0.00089408
3801	0.000918617
3802	0.000916689
3803	0.000971128
3804	0.00100735
3805	0.000922338
3806	0.000935287
3807	0.000926522
3808	0.000968043
3809	0.00100421
3810	0.000934063
3811	0.000932608
3812	0.000917786
3813	0.000960976
3814	0.000987979
3815	0.000932873
3816	0.00091545
3817	0.000897901
3818	0.000941167
3819	0.000952816
3820	0.000931436
3821	0.000884407
3822	0.000872415
3823	0.000924188
3824	0.00090989
3825	0.000945175
3826	0.000864942
3827	0.000865739
3828	0.000911642
3829	0.000913477
3830	0.000949577
3831	0.000874907
3832	0.000890532
3833	0.000907481
3834	0.00095724
3835	0.000976728
3836	0.000916882
3837	0.000933409
3838	0.000927674
3839	0.000997505
3840	0.00100699
3841	0.000941266
3842	0.000957649
3843	0.000947966
3844	0.000989963
3845	0.00102903
3846	0.000962647
3847	0.000955569
3848	0.000935103
3849	0.000970861
3850	0.00100623
3851	0.000968818
3852	0.000924093
3853	0.000899199
3854	0.000951664
3855	0.000964116
3856	0.000967188
3857	0.000894289
3858	0.000880357
3859	0.000929069
3860	0.000945149
3861	0.000974794
3862	0.000890421
3863	0.000888307
3864	0.00092278
3865	0.000941542
3866	0.000969386
3867	0.000911038
3868	0.000923242
3869	0.000916186
3870	0.000979596
3871	0.000984488
3872	0.000935642
3873	0.000939173
3874	0.000931862
3875	0.00099565
3876	0.00101232
3877	0.000943872
3878	0.000948708
3879	0.000934879
3880	0.000980534
3881	0.00101487
3882	0.000966578
3883	0.000937229
3884	0.000915707
3885	0.000966945
3886	0.00100027
3887	0.000979567
3888	0.00092922
3889	0.000904496
3890	0.000953671
3891	0.000982322
3892	0.000986829
3893	0.000907165
3894	0.000900142
3895	0.000938966
3896	0.000958449
3897	0.000979136
3898	0.000908998
3899	0.000901223
3900	0.000920654
3901	0.000957307
3902	0.000968858
3903	0.000917072
3904	0.000926257
3905	0.000912461
3906	0.000976827
3907	0.000987083
3908	0.000933009
3909	0.000938365
3910	0.000927593
3911	0.000995992
3912	0.0010128
3913	0.000962374
3914	0.000947679
3915	0.000934259
3916	0.000984943
3917	0.0010242
3918	0.000983016
3919	0.000946753
3920	0.0009258
3921	0.000969406
3922	0.00101653
3923	0.000991283
3924	0.000933193
3925	0.000915376
3926	0.000956247
3927	0.000990738
3928	0.000983365
3929	0.000919501
3930	0.00090712
3931	0.000933643
3932	0.000970324
3933	0.000980643
3934	0.000913647
3935	0.000903653
3936	0.000921335
3937	0.000964048
3938	0.000980509
3939	0.000924591
3940	0.000930969
3941	0.000913657
3942	0.000985016
3943	0.000994378
3944	0.000958865
3945	0.000946975
3946	0.000938233
3947	0.00100626
3948	0.00104354
3949	0.000994504
3950	0.000969793
3951	0.000952793
3952	0.0010025
3953	0.00105542
3954	0.00100507
3955	0.000968217
3956	0.000946159
3957	0.000975722
3958	0.00104562
3959	0.00100013
3960	0.000958028
3961	0.000938786
3962	0.000965796
3963	0.00102239
3964	0.00100595
3965	0.00093879
3966	0.000920779
3967	0.000943029
3968	0.000982666
3969	0.00099183
3970	0.000931251
3971	0.000901328
3972	0.000915245
3973	0.000953755
3974	0.000986785
3975	0.000937669
3976	0.000926992
3977	0.000910707
3978	0.000974782
3979	0.00101917
3980	0.00098196
3981	0.000957074
3982	0.000938294
3983	0.00099475
3984	0.00105165
3985	0.00100252
3986	0.000983276
3987	0.000954991
3988	0.00100037
3989	0.00108132
3990	0.00101251
3991	0.000974553
3992	0.000955061
3993	0.000982439
3994	0.00106096
3995	0.00100349
3996	0.000961185
3997	0.000931803
3998	0.000954028
3999	0.00100502
4000	0.000996329
4001	0.000940995
4002	0.000909511
4003	0.000932698
4004	0.000965124
4005	0.000998552
4006	0.000933228
4007	0.000899459
4008	0.000917044
4009	0.000935407
4010	0.000994884
4011	0.000932871
4012	0.000919679
4013	0.000910821
4014	0.000943555
4015	0.00102112
4016	0.000981102
4017	0.00093559
4018	0.00092796
4019	0.000967725
4020	0.00104374
4021	0.000996791
4022	0.000951576
4023	0.000922322
4024	0.000973936
4025	0.00103435
4026	0.000998525
4027	0.000956562
4028	0.000929091
4029	0.000970967
4030	0.00103677
4031	0.000995664
4032	0.000960209
4033	0.000928921
4034	0.000951269
4035	0.00100571
4036	0.000988211
4037	0.000944607
4038	0.000909821
4039	0.000930881
4040	0.000965751
4041	0.000993314
4042	0.000936227
4043	0.00087761
4044	0.000910951
4045	0.000928669
4046	0.000975486
4047	0.00092661
4048	0.000864704
4049	0.000890324
4050	0.000895624
4051	0.000944652
4052	0.000919486
4053	0.000871584
4054	0.000883857
4055	0.00089749
4056	0.000971151
4057	0.000954106
4058	0.000903208
4059	0.000894311
4060	0.000917484
4061	0.000985266
4062	0.000966751
4063	0.000922372
4064	0.00089095
4065	0.000932571
4066	0.000984843
4067	0.000975967
4068	0.000923616
4069	0.000871312
4070	0.000922637
4071	0.000965638
4072	0.000949987
4073	0.000908024
4074	0.000865127
4075	0.000904333
4076	0.000939814
4077	0.000927125
4078	0.000917487
4079	0.000859584
4080	0.000909377
4081	0.00093051
4082	0.000944054
4083	0.000929103
4084	0.000863733
4085	0.000899108
4086	0.000915955
4087	0.000920719
4088	0.000908469
4089	0.000852506
4090	0.000862891
4091	0.000892068
4092	0.000896395
4093	0.000899081
4094	0.000835354
4095	0.000838347
4096	0.000863057
4097	0.000878533
4098	0.000874779
4099	0.000833983
4100	0.000825394
4101	0.000845313
4102	0.000890263
4103	0.0008799
4104	0.000864659
4105	0.000828166
4106	0.000872985
4107	0.000916327
4108	0.000893207
4109	0.000897883
4110	0.000848488
4111	0.000884552
4112	0.000928264
4113	0.000890378
4114	0.000901138
4115	0.000837298
4116	0.00088102
4117	0.000914748
4118	0.00086568
4119	0.000884333
4120	0.000822906
4121	0.000857501
4122	0.000895806
4123	0.000845213
4124	0.000863147
4125	0.000809711
4126	0.0008293
4127	0.000887407
4128	0.000838514
4129	0.000848583
4130	0.000830625
4131	0.000817669
4132	0.000889818
4133	0.000846097
4134	0.000844913
4135	0.000845624
4136	0.00083914
4137	0.000869632
4138	0.000845626
4139	0.000818835
4140	0.000833186
4141	0.000830413
4142	0.000844095
4143	0.000831683
4144	0.000799808
4145	0.000824232
4146	0.000824708
4147	0.000833877
4148	0.000844149
4149	0.000803577
4150	0.000825268
4151	0.000838737
4152	0.000835486
4153	0.000862845
4154	0.000825702
4155	0.00083273
4156	0.000867022
4157	0.000863494
4158	0.000886122
4159	0.000855353
4160	0.000876686
4161	0.000872554
4162	0.000894386
4163	0.000912853
4164	0.000876255
4165	0.000888747
4166	0.0008828
4167	0.000909928
4168	0.000933534
4169	0.000873851
4170	0.000881496
4171	0.000886817
4172	0.000893942
4173	0.000960803
4174	0.000874023
4175	0.000884795
4176	0.000891698
4177	0.000914108
4178	0.000974216
4179	0.000897544
4180	0.000910025
4181	0.000903986
4182	0.000943406
4183	0.000971656
4184	0.00091643
4185	0.000907517
4186	0.000900319
4187	0.000941527
4188	0.000956423
4189	0.000918526
4190	0.000890971
4191	0.000878397
4192	0.000927876
4193	0.000930451
4194	0.000933637
4195	0.00087046
4196	0.000867428
4197	0.00091825
4198	0.000934893
4199	0.000962211
4200	0.000870722
4201	0.00088248
4202	0.000923513
4203	0.000950901
4204	0.000970267
4205	0.000899325
4206	0.000907731
4207	0.000921022
4208	0.000969612
4209	0.000977804
4210	0.000919332
4211	0.000935995
4212	0.000925035
4213	0.000993072
4214	0.00099651
4215	0.000943133
4216	0.000941475
4217	0.000927437
4218	0.000989473
4219	0.00100884
4220	0.000978135
4221	0.000951662
4222	0.000934721
4223	0.000985382
4224	0.0010319
4225	0.000996578
4226	0.000952972
4227	0.000928534
4228	0.000973466
4229	0.00102357
4230	0.000997208
4231	0.00095083
4232	0.000931593
4233	0.000964329
4234	0.00100835
4235	0.000999077
4236	0.000930152
4237	0.000918828
4238	0.000945066
4239	0.000982318
4240	0.000994617
4241	0.000920532
4242	0.000912346
4243	0.00091973
4244	0.000966371
4245	0.000983743
4246	0.000941787
4247	0.000934486
4248	0.000914178
4249	0.000984116
4250	0.00101386
4251	0.000980557
4252	0.000954412
4253	0.000938343
4254	0.00100361
4255	0.0010489
4256	0.00100804
4257	0.000981256
4258	0.000954753
4259	0.000993842
4260	0.00106436
4261	0.00100978
4262	0.000974785
4263	0.000950746
4264	0.000979005
4265	0.00105153
4266	0.00100705
4267	0.000957737
4268	0.000933965
4269	0.000960985
4270	0.00101351
4271	0.00100293
4272	0.000939609
4273	0.000910197
4274	0.000934358
4275	0.000973306
4276	0.000997188
4277	0.00093701
4278	0.000913615
4279	0.000922564
4280	0.000963734
4281	0.00101445
4282	0.000961358
4283	0.000945083
4284	0.000927725
4285	0.000974894
4286	0.00103428
4287	0.000995547
4288	0.000966215
4289	0.000940701
4290	0.000991017
4291	0.00106264
4292	0.0010105
4293	0.000973131
4294	0.000947601
4295	0.000994185
4296	0.00107069
4297	0.00100292
4298	0.00096736
4299	0.000939078
4300	0.000966229
4301	0.00103794
4302	0.00100136
4303	0.000959152
4304	0.000930694
4305	0.000951753
4306	0.00100253
4307	0.00100164
4308	0.000953067
4309	0.000912561
4310	0.000933534
4311	0.000955319
4312	0.000992134
4313	0.000927292
4314	0.00089237
4315	0.000911286
4316	0.000924262
4317	0.000986966
4318	0.000933224
4319	0.000896865
4320	0.000901124
4321	0.000926023
4322	0.00100712
4323	0.000968131
4324	0.000918838
4325	0.000912632
4326	0.000947061
4327	0.00101891
4328	0.00099585
4329	0.000940757
4330	0.000924288
4331	0.000971707
4332	0.00103425
4333	0.00100938
4334	0.000965928
4335	0.000925745
4336	0.000965007
4337	0.00101637
4338	0.000984528
4339	0.000950007
4340	0.000911642
4341	0.000939035
4342	0.000989899
4343	0.000982766
4344	0.000936306
4345	0.000885925
4346	0.000918677
4347	0.000957047
4348	0.000965371
4349	0.00092972
4350	0.00087205
4351	0.000904202
4352	0.000923429
4353	0.000946185
4354	0.00092299
4355	0.000852768
4356	0.000893507
4357	0.000897363
4358	0.000934656
4359	0.000914463
4360	0.000854413
4361	0.000869796
4362	0.000868551
4363	0.00091714
4364	0.000910598
4365	0.000862657
4366	0.000849463
4367	0.000874896
4368	0.000932198
4369	0.000932959
4370	0.000878787
4371	0.000855009
4372	0.000893802
4373	0.000952515
4374	0.000948097
4375	0.000898253
4376	0.000863776
4377	0.000908025
4378	0.000955744
4379	0.00093372
4380	0.000913298
4381	0.000852811
4382	0.000914025
4383	0.000941853
4384	0.000929638
4385	0.000923602
4386	0.000863637
4387	0.000898979
4388	0.000926477
4389	0.000904275
4390	0.000905801
4391	0.000858755
4392	0.000871101
4393	0.000914184
4394	0.000887285
4395	0.00089708
4396	0.000831395
4397	0.000844582
4398	0.000890126
4399	0.00086911
4400	0.00086648
4401	0.000825958
4402	0.000830782
4403	0.000878402
4404	0.00085402
4405	0.000846731
4406	0.000840143
4407	0.000823942
4408	0.00086139
4409	0.000852183
4410	0.000834593
4411	0.00083744
4412	0.000829859
4413	0.000840998
4414	0.00085459
4415	0.00081906
4416	0.00082601
4417	0.000809603
4418	0.000828303
4419	0.00085477
4420	0.00081507
4421	0.00085542
4422	0.00079001
4423	0.000848889
4424	0.000867317
4425	0.000833685
4426	0.000870766
4427	0.000811436
4428	0.000862721
4429	0.000896472
4430	0.00084528
4431	0.000881468
4432	0.000850913
4433	0.000876459
4434	0.000922329
4435	0.000858304
4436	0.000870389
4437	0.000873175
4438	0.000874487
4439	0.00092726
4440	0.00085622
4441	0.000859768
4442	0.000877068
4443	0.000871955
4444	0.000929563
4445	0.000856389
4446	0.000857398
4447	0.000876868
4448	0.000868226
4449	0.000923111
4450	0.000862187
4451	0.000866001
4452	0.000874507
4453	0.000892056
4454	0.000914848
4455	0.000884419
4456	0.000867323
4457	0.000866198
4458	0.000898451
4459	0.000895611
4460	0.000898206
4461	0.00084461
4462	0.000857557
4463	0.000891901
4464	0.000889132
4465	0.00090739
4466	0.000840201
4467	0.000849449
4468	0.000893045
4469	0.000886064
4470	0.000924512
4471	0.000852916
4472	0.000881932
4473	0.000897862
4474	0.000939705
4475	0.000973396
4476	0.000893562
4477	0.000928382
4478	0.000926815
4479	0.000982253
4480	0.00100898
4481	0.000938467
4482	0.000950467
4483	0.00093912
4484	0.000982117
4485	0.00101856
4486	0.000952448
4487	0.000945879
4488	0.000929544
4489	0.000966403
4490	0.00100078
4491	0.000945316
4492	0.000922064
4493	0.000892298
4494	0.000951309
4495	0.000962336
4496	0.000953636
4497	0.00089341
4498	0.000881923
4499	0.000939142
4500	0.000954547
4501	0.000979869
4502	0.000890123
4503	0.000893003
4504	0.000933685
4505	0.000954506
4506	0.000978729
4507	0.000908656
4508	0.000911213
4509	0.000925197
4510	0.000974043
4511	0.000986773
4512	0.000930353
4513	0.000941053
4514	0.000928968
4515	0.00100214
4516	0.00100749
4517	0.000948954
4518	0.000956822
4519	0.000936799
4520	0.000995368
4521	0.00102868
4522	0.000984272
4523	0.000962
4524	0.000933741
4525	0.000983472
4526	0.00103266
4527	0.000996679
4528	0.000949355
4529	0.000923558
4530	0.000970981
4531	0.00101472
4532	0.00100086
4533	0.000933974
4534	0.000920927
4535	0.000955864
4536	0.000986559
4537	0.000994087
4538	0.000921547
4539	0.00091322
4540	0.00093742
4541	0.00096875
4542	0.000984987
4543	0.000918536
4544	0.000920548
4545	0.000923366
4546	0.000984474
4547	0.000993245
4548	0.000943484
4549	0.000940721
4550	0.00092553
4551	0.00100095
4552	0.00100989
4553	0.000972774
4554	0.000959176
4555	0.000942723
4556	0.000997573
4557	0.00104867
4558	0.000999839
4559	0.000964157
4560	0.000940141
4561	0.000982786
4562	0.00103769
4563	0.00100379
4564	0.000956807
4565	0.000934569
4566	0.000964446
4567	0.00101932
4568	0.000999012
4569	0.000938587
4570	0.00092402
4571	0.000952507
4572	0.000994236
4573	0.00100436
4574	0.000929392
4575	0.000916828
4576	0.000930802
4577	0.000971389
4578	0.000987337
4579	0.000935415
4580	0.000926428
4581	0.000909816
4582	0.000979502
4583	0.00100021
4584	0.000959947
4585	0.000943193
4586	0.000933429
4587	0.00100161
4588	0.00104584
4589	0.00100099
4590	0.000976675
4591	0.000955643
4592	0.00100033
4593	0.00106269
4594	0.00100475
4595	0.000976722
4596	0.000950293
4597	0.000976692
4598	0.00105097
4599	0.00100536
4600	0.000956029
4601	0.000935123
4602	0.000962318
4603	0.00101597
4604	0.00100523
4605	0.000935774
4606	0.000912735
4607	0.000930932
4608	0.000965635
4609	0.000983605
4610	0.000926804
4611	0.000901646
4612	0.000913139
4613	0.000954849
4614	0.0010053
4615	0.00095527
4616	0.000936864
4617	0.000921193
4618	0.000983725
4619	0.00103551
4620	0.000997293
4621	0.00097366
4622	0.000950362
4623	0.000998464
4624	0.00106631
4625	0.00101321
4626	0.000986427
4627	0.000960669
4628	0.000999152
4629	0.00108116
4630	0.00101202
4631	0.000968969
4632	0.000947793
4633	0.000969381
4634	0.00104298
4635	0.000995983
4636	0.000955852
4637	0.00092682
4638	0.000949588
4639	0.000997525
4640	0.000998994
4641	0.000940657
4642	0.000913726
4643	0.000932677
4644	0.000965493
4645	0.000998889
4646	0.000933351
4647	0.000901231
4648	0.000916929
4649	0.000931173
4650	0.000994486
4651	0.000938479
4652	0.000914861
4653	0.000909507
4654	0.000939795
4655	0.00101819
4656	0.000979193
4657	0.000929399
4658	0.000923034
4659	0.000959595
4660	0.00103541
4661	0.000996176
4662	0.000951213
4663	0.000923385
4664	0.0009757
4665	0.00103521
4666	0.00100872
4667	0.000961115
4668	0.00093587
4669	0.000973393
4670	0.0010375
4671	0.00100194
4672	0.000964835
4673	0.000934454
4674	0.000953516
4675	0.00100679
4676	0.000994699
4677	0.000948311
4678	0.000901955
4679	0.00092965
4680	0.000968049
4681	0.000982193
4682	0.000934065
4683	0.000870884
4684	0.000902471
4685	0.000927863
4686	0.00094748
4687	0.00092241
4688	0.000857385
4689	0.000893611
4690	0.000905981
4691	0.000940502
4692	0.000922405
4693	0.000856983
4694	0.000880518
4695	0.000884152
4696	0.000933796
4697	0.000920991
4698	0.000876008
4699	0.000869709
4700	0.00088648
4701	0.000941939
4702	0.000936696
4703	0.000884594
4704	0.000864101
4705	0.000899401
4706	0.000957231
4707	0.000954039
4708	0.000895112
4709	0.000861375
4710	0.00090966
4711	0.000962067
4712	0.000947308
4713	0.00091509
4714	0.000858872
4715	0.000921216
4716	0.000951253
4717	0.000939015
4718	0.00093421
4719	0.000863133
4720	0.000911509
4721	0.000938441
4722	0.000923776
4723	0.000926167
4724	0.000869156
4725	0.000886857
4726	0.000927719
4727	0.000896919
4728	0.000910637
4729	0.00085029
4730	0.00085648
4731	0.000901812
4732	0.000877305
4733	0.000878767
4734	0.000827106
4735	0.000836999
4736	0.000875338
4737	0.00086023
4738	0.000858028
4739	0.00084051
4740	0.000831832
4741	0.000869713
4742	0.000863572
4743	0.000850485
4744	0.000847599
4745	0.000842325
4746	0.000854573
4747	0.000860759
4748	0.000831377
4749	0.000832539
4750	0.000822595
4751	0.00083169
4752	0.000861429
4753	0.000825069
4754	0.000854804
4755	0.000803376
4756	0.000848295
4757	0.00086462
4758	0.000832265
4759	0.000862496
4760	0.000795301
4761	0.000853474
4762	0.000887868
4763	0.000836256
4764	0.000873724
4765	0.00083089
4766	0.000864282
4767	0.000914768
4768	0.000856839
4769	0.000875162
4770	0.000870463
4771	0.000877057
4772	0.000929659
4773	0.000863433
4774	0.000870448
4775	0.00087787
4776	0.00087245
4777	0.000920457
4778	0.000853782
4779	0.000847982
4780	0.000863012
4781	0.00085056
4782	0.000903676
4783	0.000852625
4784	0.000845394
4785	0.000858589
4786	0.000867132
4787	0.000889674
4788	0.000866927
4789	0.000851665
4790	0.000862947
4791	0.000895467
4792	0.000893063
4793	0.000906269
4794	0.000857736
4795	0.000870228
4796	0.000902842
4797	0.000890914
4798	0.000909351
4799	0.000853886
4800	0.000865154
4801	0.000889958
4802	0.000892725
4803	0.000916737
4804	0.000859458
4805	0.000888733
4806	0.000888127
4807	0.000915264
4808	0.000956908
4809	0.000882411
4810	0.000910938
4811	0.00091069
4812	0.0009566
4813	0.00100292
4814	0.000919144
4815	0.000936403
4816	0.000931272
4817	0.000971485
4818	0.00100915
4819	0.00094128
4820	0.000940061
4821	0.000925146
4822	0.00096561
4823	0.000989843
4824	0.000933583
4825	0.000916282
4826	0.000896763
4827	0.000940889
4828	0.00095269
4829	0.000930416
4830	0.000880204
4831	0.000869983
4832	0.000924437
4833	0.000913904
4834	0.000950085
4835	0.000866158
4836	0.000868487
4837	0.000915846
4838	0.000925451
4839	0.00096051
4840	0.000881777
4841	0.000896295
4842	0.00091542
4843	0.000960816
4844	0.00098339
4845	0.000920823
4846	0.000938444
4847	0.000930899
4848	0.000997358
4849	0.00100643
4850	0.00093948
4851	0.000952727
4852	0.000941841
4853	0.000985693
4854	0.00102424
4855	0.000958131
4856	0.000949858
4857	0.00092798
4858	0.000966508
4859	0.00100299
4860	0.000966998
4861	0.000926636
4862	0.000900213
4863	0.000959264
4864	0.000980632
4865	0.000975447
4866	0.000908415
4867	0.00089509
4868	0.000942797
4869	0.000962067
4870	0.000987961
4871	0.000902358
4872	0.000899122
4873	0.000932306
4874	0.000950779
4875	0.000971719
4876	0.000908428
4877	0.000913555
4878	0.000914738
4879	0.000973177
4880	0.000982701
4881	0.000929844
4882	0.000934616
4883	0.00092784
4884	0.000996588
4885	0.00100719
4886	0.000945548
4887	0.000953962
4888	0.0009362
4889	0.00099008
4890	0.00102203
4891	0.000978458
4892	0.00095379
4893	0.00092791
4894	0.000974526
4895	0.0010197
4896	0.00098728
4897	0.000937735
4898	0.000915141
4899	0.000961389
4900	0.000999279
4901	0.000987662
4902	0.000919833
4903	0.000908408
4904	0.000945273
4905	0.000974002
4906	0.000985095
4907	0.000916715
4908	0.00090612
4909	0.000929872
4910	0.000963007
4911	0.000980075
4912	0.00091651
4913	0.000918634
4914	0.000918177
4915	0.000981501
4916	0.000990287
4917	0.000940177
4918	0.0009376
4919	0.000922923
4920	0.000998498
4921	0.00100783
4922	0.000971991
4923	0.000957303
4924	0.000942908
4925	0.000998457
4926	0.00104968
4927	0.00100006
4928	0.000962151
4929	0.000941041
4930	0.000986096
4931	0.00104233
4932	0.00100386
4933	0.000960493
4934	0.000937273
4935	0.000968427
4936	0.001027
4937	0.000995512
4938	0.000946944
4939	0.000929059
4940	0.000956745
4941	0.00100045
4942	0.00100298
4943	0.000928519
4944	0.000912012
4945	0.000930821
4946	0.000965215
4947	0.000979701
4948	0.000925339
4949	0.000905682
4950	0.000906945
4951	0.000964273
4952	0.000992613
4953	0.00095292
4954	0.000933579
4955	0.000920157
4956	0.000988712
4957	0.00103248
4958	0.000993842
4959	0.000973239
4960	0.000950102
4961	0.00100393
4962	0.00106994
4963	0.00101504
4964	0.000988733
4965	0.000962832
4966	0.000998086
4967	0.00108108
4968	0.0010153
4969	0.000971492
4970	0.000951707
4971	0.000977307
4972	0.00104558
4973	0.00100179
4974	0.000957972
4975	0.00092318
4976	0.000945988
4977	0.000989329
4978	0.00100084
4979	0.000940727
4980	0.000909475
4981	0.000928997
4982	0.000959148
4983	0.00099904
4984	0.000935269
4985	0.000904063
4986	0.000914201
4987	0.000934635
4988	0.00100614
4989	0.000954129
4990	0.000928376
4991	0.000917805
4992	0.0009556
4993	0.0010317
4994	0.000990964
4995	0.00094378
4996	0.000930504
4997	0.000974462
4998	0.00104809
4999	0.000998346
5000	0.000959591
