1	0
2	0.0535093
3	0.0580394
4	0.0533776
5	0.0333772
6	0.0226041
7	0.0416449
8	0.0425531
9	0.0439452
10	0.0307415
11	0.0291223
12	0.0205492
13	0.0191476
14	0.0238583
15	0.0209448
16	0.0195026
17	0.0192545
18	0.0143271
19	0.0146488
20	0.0154927
21	0.0162559
22	0.0164143
23	0.0159013
24	0.0148969
25	0.0136732
26	0.0125323
27	0.0117773
28	0.0114719
29	0.0115496
30	0.011926
31	0.0123506
32	0.0128001
33	0.0133175
34	0.013846
35	0.0107407
36	0.0105046
37	0.0133854
38	0.013026
39	0.0126324
40	0.0122422
41	0.011925
42	0.0117541
43	0.011682
44	0.0117808
45	0.0119613
46	0.0121176
47	0.012071
48	0.0119827
49	0.0118119
50	0.0116268
51	0.0114432
52	0.0112422
53	0.0110602
54	0.010921
55	0.0108883
56	0.0109402
57	0.0110256
58	0.011046
59	0.0110107
60	0.0109082
61	0.010775
62	0.0106186
63	0.0103951
64	0.0101439
65	0.00986774
66	0.0096032
67	0.00939184
68	0.00926406
69	0.00917432
70	0.00908014
71	0.00896297
72	0.00882513
73	0.00864152
74	0.00844701
75	0.00822585
76	0.00802341
77	0.0077958
78	0.00759409
79	0.00735863
80	0.00714265
81	0.00690419
82	0.00668926
83	0.00643923
84	0.00623575
85	0.0060297
86	0.00587128
87	0.00567103
88	0.00549562
89	0.00529461
90	0.00511515
91	0.00491157
92	0.00668489
93	0.00651599
94	0.00460531
95	0.00620352
96	0.00604965
97	0.00594665
98	0.00580611
99	0.00563492
100	0.00546716
101	0.0052826
102	0.00511707
103	0.00495178
104	0.00478738
105	0.0046229
106	0.00447069
107	0.00432055
108	0.00417627
109	0.00403499
110	0.00389822
111	0.00377001
112	0.00365001
113	0.00353745
114	0.00342546
115	0.00331617
116	0.00320699
117	0.00310039
118	0.00300252
119	0.00290723
120	0.00281571
121	0.00273124
122	0.00265445
123	0.00258193
124	0.00251579
125	0.00245863
126	0.00240713
127	0.00236018
128	0.00231662
129	0.00227585
130	0.0022406
131	0.00220644
132	0.00217386
133	0.0021428
134	0.00211541
135	0.00208975
136	0.00205922
137	0.0020304
138	0.00199996
139	0.00197452
140	0.00194354
141	0.00191456
142	0.00188648
143	0.00186358
144	0.0018409
145	0.00181424
146	0.00179169
147	0.00176402
148	0.00175033
149	0.00172428
150	0.0016977
151	0.00167378
152	0.00165006
153	0.00163592
154	0.00161059
155	0.00158831
156	0.00156034
157	0.00154252
158	0.00152505
159	0.00149888
160	0.00148141
161	0.00145377
162	0.00143916
163	0.00142054
164	0.00139244
165	0.00137291
166	0.00134632
167	0.00133449
168	0.00131423
169	0.00128392
170	0.00126219
171	0.00123875
172	0.00122966
173	0.00121248
174	0.00118489
175	0.0011614
176	0.00113717
177	0.00112685
178	0.0011104
179	0.00108529
180	0.00106628
181	0.00104476
182	0.00103464
183	0.00101874
184	0.000989528
185	0.000969996
186	0.000954402
187	0.000939349
188	0.000922623
189	0.000895127
190	0.000875755
191	0.000861551
192	0.000848664
193	0.000830818
194	0.000810857
195	0.000791724
196	0.000779234
197	0.000764107
198	0.000749824
199	0.000735279
200	0.000718511
201	0.000704807
202	0.000690695
203	0.000675611
204	0.000663339
205	0.000648633
206	0.000633888
207	0.000623349
208	0.000612389
209	0.000599921
210	0.000588835
211	0.000571193
212	0.000562908
213	0.000556052
214	0.000545553
215	0.00053888
216	0.000523068
217	0.000517288
218	0.000513916
219	0.000501887
220	0.00049803
221	0.000484391
222	0.000477123
223	0.000478079
224	0.000465078
225	0.000459988
226	0.000451823
227	0.000442263
228	0.000447865
229	0.000433773
230	0.000426589
231	0.000420492
232	0.000409616
233	0.000418694
234	0.000402003
235	0.000393394
236	0.000391302
237	0.000382546
238	0.000392246
239	0.000375973
240	0.000366998
241	0.000366215
242	0.000356999
243	0.000368114
244	0.00035686
245	0.000346024
246	0.00034697
247	0.000334395
248	0.000342752
249	0.000339838
250	0.000326205
251	0.000328132
252	0.000318613
253	0.000315642
254	0.000323487
255	0.000306447
256	0.000307096
257	0.000303229
258	0.000294134
259	0.000310147
260	0.000292684
261	0.000291703
262	0.000291802
263	0.000280595
264	0.000298694
265	0.000282775
266	0.000281744
267	0.000281903
268	0.000267786
269	0.000285415
270	0.00027536
271	0.000265881
272	0.000267103
273	0.000254762
274	0.000267864
275	0.000262242
276	0.000251628
277	0.000250563
278	0.000243403
279	0.000252579
280	0.000248384
281	0.000240595
282	0.000241112
283	0.000231975
284	0.00024127
285	0.000233021
286	0.000230127
287	0.000228828
288	0.000220911
289	0.000232984
290	0.00022048
291	0.000222703
292	0.000217726
293	0.00021022
294	0.000223162
295	0.000212872
296	0.000211463
297	0.00021091
298	0.000201077
299	0.000209176
300	0.000206025
301	0.000201478
302	0.000142638
303	0.000189326
304	0.000191394
305	0.000137965
306	0.00018368
307	0.000134669
308	0.000178643
309	0.000171917
310	0.000132522
311	0.000170737
312	0.000126167
313	0.000173923
314	0.000160531
315	0.000125704
316	0.00016142
317	0.000116813
318	0.000115504
319	0.000153992
320	0.000119152
321	0.000159083
322	0.000161201
323	0.000115924
324	0.000148508
325	0.000113031
326	0.000157105
327	0.000152409
328	0.000113907
329	0.000143651
330	0.000106354
331	0.000104488
332	0.000145337
333	0.000109638
334	0.000142608
335	0.000104305
336	0.000101358
337	0.000141826
338	0.000104506
339	0.000142102
340	0.000101391
341	0.00010092
342	0.000143609
343	0.000100778
344	9.89418e-05
345	9.65962e-05
346	0.000102415
347	0.000141951
348	9.87433e-05
349	0.000100424
350	9.36247e-05
351	0.000100446
352	9.39099e-05
353	9.53067e-05
354	0.00010094
355	9.36568e-05
356	9.8492e-05
357	9.5233e-05
358	9.45135e-05
359	9.78417e-05
360	9.48143e-05
361	9.80944e-05
362	9.6837e-05
363	9.70631e-05
364	9.53178e-05
365	9.78406e-05
366	9.75255e-05
367	9.5591e-05
368	9.66781e-05
369	9.35334e-05
370	9.63206e-05
371	9.83887e-05
372	9.26869e-05
373	9.61089e-05
374	9.32353e-05
375	9.36061e-05
376	0.000100222
377	9.1689e-05
378	9.55137e-05
379	9.54746e-05
380	8.75473e-05
381	0.000102389
382	9.12196e-05
383	9.41378e-05
384	9.84354e-05
385	8.44913e-05
386	0.00010351
387	9.31841e-05
388	9.12874e-05
389	9.87777e-05
390	8.2065e-05
391	0.00010139
392	9.50208e-05
393	8.80671e-05
394	9.6921e-05
395	8.1936e-05
396	9.78882e-05
397	9.51166e-05
398	8.80856e-05
399	9.6187e-05
400	8.64657e-05
401	9.39572e-05
402	0.000101158
403	8.93425e-05
404	9.67092e-05
405	9.2468e-05
406	9.18004e-05
407	0.000105296
408	9.03956e-05
409	9.53703e-05
410	9.70128e-05
411	8.70697e-05
412	0.000106263
413	9.04868e-05
414	9.34417e-05
415	9.87346e-05
416	8.09738e-05
417	0.000104179
418	8.98022e-05
419	9.0354e-05
420	9.75658e-05
421	7.81963e-05
422	9.94502e-05
423	9.19771e-05
424	8.66876e-05
425	9.76712e-05
426	7.77155e-05
427	9.34969e-05
428	9.79714e-05
429	8.28363e-05
430	9.61459e-05
431	8.03955e-05
432	8.95112e-05
433	9.89458e-05
434	8.17293e-05
435	9.25483e-05
436	8.51139e-05
437	8.72065e-05
438	9.87982e-05
439	8.47509e-05
440	9.11647e-05
441	8.95537e-05
442	8.52425e-05
443	9.87519e-05
444	8.95999e-05
445	9.04753e-05
446	9.30213e-05
447	8.23678e-05
448	9.49595e-05
449	9.3825e-05
450	8.68131e-05
451	9.39615e-05
452	8.11137e-05
453	9.24273e-05
454	9.29696e-05
455	8.59841e-05
456	9.25695e-05
457	8.09733e-05
458	9.00376e-05
459	9.01243e-05
460	8.50499e-05
461	9.0693e-05
462	7.82785e-05
463	8.94224e-05
464	8.82844e-05
465	8.08826e-05
466	8.72186e-05
467	7.48526e-05
468	8.58338e-05
469	8.49108e-05
470	7.94038e-05
471	8.22085e-05
472	7.26529e-05
473	8.28857e-05
474	8.14995e-05
475	7.97344e-05
476	7.86875e-05
477	7.28085e-05
478	8.14876e-05
479	8.01429e-05
480	7.96194e-05
481	8.03693e-05
482	7.60805e-05
483	8.1522e-05
484	8.0252e-05
485	8.06957e-05
486	8.28154e-05
487	7.93772e-05
488	7.96299e-05
489	8.25207e-05
490	8.14072e-05
491	8.27945e-05
492	8.16022e-05
493	7.56376e-05
494	8.4514e-05
495	7.97519e-05
496	8.33088e-05
497	8.06169e-05
498	7.24224e-05
499	8.58324e-05
500	7.72971e-05
501	8.33818e-05
502	8.02286e-05
503	6.87178e-05
504	8.57361e-05
505	7.49596e-05
506	8.20499e-05
507	8.00802e-05
508	6.72205e-05
509	8.43342e-05
510	7.27003e-05
511	8.00625e-05
512	7.97692e-05
513	6.57452e-05
514	8.22399e-05
515	7.24932e-05
516	7.86796e-05
517	7.89041e-05
518	6.39749e-05
519	8.03729e-05
520	7.50945e-05
521	7.49545e-05
522	8.23735e-05
523	6.3126e-05
524	7.81819e-05
525	7.88747e-05
526	7.06169e-05
527	8.46541e-05
528	6.41089e-05
529	7.41566e-05
530	8.05418e-05
531	6.67009e-05
532	8.37469e-05
533	6.69922e-05
534	7.15376e-05
535	8.05013e-05
536	6.41923e-05
537	8.16159e-05
538	7.21664e-05
539	6.90485e-05
540	8.01834e-05
541	6.59822e-05
542	7.94757e-05
543	7.59393e-05
544	6.59839e-05
545	8.06807e-05
546	7.16055e-05
547	7.64115e-05
548	8.23516e-05
549	6.53166e-05
550	8.05469e-05
551	7.51331e-05
552	7.26467e-05
553	8.37039e-05
554	6.45137e-05
555	7.77459e-05
556	7.62338e-05
557	7.09517e-05
558	8.38328e-05
559	6.55915e-05
560	7.58931e-05
561	7.58134e-05
562	6.84424e-05
563	8.27846e-05
564	6.66312e-05
565	7.50682e-05
566	7.68265e-05
567	6.85987e-05
568	8.01842e-05
569	6.92274e-05
570	7.41098e-05
571	7.83726e-05
572	7.13067e-05
573	7.73076e-05
574	7.29255e-05
575	7.26947e-05
576	7.71971e-05
577	7.15037e-05
578	7.475e-05
579	7.35298e-05
580	7.29177e-05
581	7.48422e-05
582	7.29001e-05
583	7.32916e-05
584	7.73026e-05
585	7.4689e-05
586	7.74402e-05
587	7.52197e-05
588	7.63692e-05
589	7.97352e-05
590	7.6536e-05
591	7.95596e-05
592	7.79578e-05
593	7.83218e-05
594	8.03869e-05
595	8.02933e-05
596	8.05304e-05
597	7.97098e-05
598	7.96504e-05
599	7.96557e-05
600	8.00542e-05
601	8.04051e-05
602	7.76567e-05
603	7.94884e-05
604	7.74604e-05
605	7.67943e-05
606	8.05364e-05
607	7.4462e-05
608	7.79424e-05
609	7.61294e-05
610	7.42223e-05
611	8.05266e-05
612	7.36629e-05
613	7.49597e-05
614	7.63724e-05
615	7.12317e-05
616	8.05646e-05
617	7.52646e-05
618	7.40334e-05
619	7.87566e-05
620	6.91754e-05
621	8.21816e-05
622	7.57368e-05
623	7.52426e-05
624	8.01843e-05
625	7.27493e-05
626	8.36158e-05
627	7.89767e-05
628	7.75648e-05
629	8.33919e-05
630	7.61451e-05
631	8.45278e-05
632	8.26346e-05
633	7.91853e-05
634	8.24265e-05
635	7.95271e-05
636	8.28236e-05
637	8.41867e-05
638	7.8336e-05
639	8.1561e-05
640	8.00132e-05
641	7.96125e-05
642	8.5163e-05
643	7.47761e-05
644	8.0474e-05
645	7.93861e-05
646	7.38324e-05
647	8.73647e-05
648	7.43821e-05
649	7.93532e-05
650	8.11551e-05
651	7.03793e-05
652	8.78648e-05
653	7.66747e-05
654	7.74039e-05
655	8.26204e-05
656	6.75038e-05
657	8.72604e-05
658	7.82633e-05
659	7.47042e-05
660	8.26521e-05
661	6.98466e-05
662	8.61467e-05
663	8.04732e-05
664	7.52979e-05
665	8.46751e-05
666	7.43342e-05
667	8.5557e-05
668	8.41719e-05
669	7.76195e-05
670	8.39329e-05
671	7.9538e-05
672	8.20421e-05
673	8.77148e-05
674	7.75055e-05
675	8.34478e-05
676	8.14994e-05
677	7.69721e-05
678	9.16608e-05
679	7.64097e-05
680	8.37725e-05
681	8.30078e-05
682	7.19125e-05
683	9.24135e-05
684	7.6241e-05
685	8.09945e-05
686	8.45222e-05
687	6.7966e-05
688	9.18037e-05
689	7.83962e-05
690	7.6621e-05
691	8.4966e-05
692	6.60049e-05
693	8.91879e-05
694	8.12474e-05
695	7.39663e-05
696	8.44377e-05
697	6.93729e-05
698	8.74081e-05
699	8.35766e-05
700	7.40047e-05
701	8.48139e-05
702	7.51003e-05
703	8.282e-05
704	9.04083e-05
705	7.69385e-05
706	8.69582e-05
707	8.16347e-05
708	7.76991e-05
709	9.30818e-05
710	7.8079e-05
711	8.37258e-05
712	8.56469e-05
713	7.224e-05
714	9.36414e-05
715	7.9271e-05
716	8.19958e-05
717	8.74504e-05
718	6.98307e-05
719	9.41061e-05
720	7.96268e-05
721	7.99593e-05
722	8.76499e-05
723	6.87161e-05
724	9.25971e-05
725	8.18896e-05
726	7.65989e-05
727	8.70948e-05
728	6.77768e-05
729	8.74027e-05
730	8.70237e-05
731	7.30259e-05
732	8.6547e-05
733	7.10546e-05
734	8.21513e-05
735	8.98302e-05
736	7.27985e-05
737	8.52248e-05
738	7.79888e-05
739	7.84171e-05
740	9.27191e-05
741	7.73536e-05
742	8.36744e-05
743	8.41444e-05
744	7.34641e-05
745	9.4416e-05
746	8.14236e-05
747	8.27936e-05
748	8.75897e-05
749	7.10617e-05
750	9.37429e-05
751	8.21725e-05
752	8.03328e-05
753	8.76247e-05
754	6.88404e-05
755	8.92475e-05
756	8.34518e-05
757	7.69577e-05
758	8.70812e-05
759	6.93302e-05
760	8.46145e-05
761	8.51008e-05
762	7.42034e-05
763	8.52709e-05
764	7.05646e-05
765	8.08016e-05
766	8.65866e-05
767	7.30522e-05
768	8.28334e-05
769	7.23844e-05
770	7.84035e-05
771	8.77215e-05
772	7.35563e-05
773	8.18877e-05
774	7.67869e-05
775	7.80592e-05
776	8.97122e-05
777	7.57797e-05
778	8.17702e-05
779	8.01951e-05
780	7.5618e-05
781	8.85773e-05
782	8.19943e-05
783	7.9579e-05
784	8.34593e-05
785	7.41674e-05
786	8.59494e-05
787	8.54082e-05
788	7.89135e-05
789	8.41696e-05
790	7.25946e-05
791	8.31888e-05
792	8.45964e-05
793	7.9028e-05
794	8.29427e-05
795	7.2266e-05
796	8.05701e-05
797	8.32669e-05
798	7.80419e-05
799	8.18356e-05
800	7.14757e-05
801	8.05991e-05
802	8.19597e-05
803	7.60581e-05
804	7.9492e-05
805	7.00949e-05
806	8.02003e-05
807	7.89983e-05
808	7.58376e-05
809	7.60245e-05
810	6.81315e-05
811	7.92808e-05
812	7.68428e-05
813	7.56249e-05
814	7.3633e-05
815	6.83713e-05
816	7.81402e-05
817	7.56544e-05
818	7.60291e-05
819	7.6097e-05
820	7.22689e-05
821	7.82715e-05
822	7.64307e-05
823	7.79649e-05
824	7.90137e-05
825	7.51401e-05
826	7.59031e-05
827	7.88156e-05
828	7.90368e-05
829	7.99193e-05
830	7.71052e-05
831	7.19548e-05
832	8.09706e-05
833	7.68653e-05
834	8.17287e-05
835	7.7043e-05
836	6.95403e-05
837	8.3046e-05
838	7.45161e-05
839	8.09431e-05
840	7.81907e-05
841	6.66675e-05
842	8.34583e-05
843	7.23114e-05
844	7.88812e-05
845	7.90218e-05
846	6.50946e-05
847	8.23835e-05
848	7.05341e-05
849	7.68357e-05
850	7.78573e-05
851	6.29644e-05
852	7.96601e-05
853	7.02546e-05
854	7.53132e-05
855	7.68918e-05
856	6.09716e-05
857	7.74965e-05
858	7.34581e-05
859	7.09757e-05
860	7.95985e-05
861	5.99161e-05
862	7.51473e-05
863	7.61356e-05
864	6.66564e-05
865	8.21344e-05
866	6.13025e-05
867	7.16846e-05
868	7.75547e-05
869	6.33824e-05
870	8.14139e-05
871	6.62414e-05
872	6.92011e-05
873	7.844e-05
874	6.27814e-05
875	7.98804e-05
876	7.13226e-05
877	6.73439e-05
878	7.83589e-05
879	6.5254e-05
880	7.70412e-05
881	7.4618e-05
882	6.58093e-05
883	7.91726e-05
884	7.12673e-05
885	7.50684e-05
886	8.05499e-05
887	6.582e-05
888	7.93082e-05
889	7.40359e-05
890	7.25323e-05
891	8.24866e-05
892	6.67583e-05
893	7.69843e-05
894	7.47576e-05
895	7.09116e-05
896	8.21603e-05
897	6.7236e-05
898	7.6432e-05
899	7.36101e-05
900	6.9679e-05
901	8.02494e-05
902	6.6628e-05
903	7.61842e-05
904	7.40994e-05
905	7.25001e-05
906	7.76723e-05
907	7.01187e-05
908	7.58426e-05
909	7.52955e-05
910	7.43852e-05
911	7.73373e-05
912	7.26816e-05
913	7.60549e-05
914	7.47561e-05
915	7.36345e-05
916	7.60904e-05
917	7.26253e-05
918	7.70096e-05
919	7.52762e-05
920	7.2081e-05
921	7.47254e-05
922	7.24555e-05
923	7.70387e-05
924	7.53684e-05
925	7.26797e-05
926	7.56177e-05
927	7.34784e-05
928	7.92525e-05
929	7.69506e-05
930	7.64799e-05
931	8.03844e-05
932	7.53635e-05
933	8.24172e-05
934	7.93834e-05
935	7.94092e-05
936	8.1017e-05
937	7.75897e-05
938	8.30573e-05
939	8.0875e-05
940	7.89782e-05
941	8.10913e-05
942	7.88234e-05
943	8.12326e-05
944	8.31194e-05
945	7.70753e-05
946	8.11128e-05
947	7.8303e-05
948	7.73839e-05
949	8.33819e-05
950	7.42712e-05
951	7.89898e-05
952	7.90453e-05
953	7.20865e-05
954	8.54419e-05
955	7.50757e-05
956	7.76257e-05
957	8.16647e-05
958	6.95127e-05
959	8.6755e-05
960	7.79015e-05
961	7.62691e-05
962	8.27631e-05
963	6.79476e-05
964	8.62412e-05
965	7.84504e-05
966	7.48591e-05
967	8.26164e-05
968	7.18913e-05
969	8.58758e-05
970	8.19963e-05
971	7.68985e-05
972	8.51355e-05
973	7.70835e-05
974	8.53931e-05
975	8.57877e-05
976	7.80774e-05
977	8.33269e-05
978	8.05263e-05
979	8.03024e-05
980	8.93653e-05
981	7.70934e-05
982	8.35853e-05
983	8.20479e-05
984	7.45131e-05
985	9.12646e-05
986	7.59513e-05
987	8.22415e-05
988	8.37833e-05
989	6.98566e-05
990	9.14816e-05
991	7.72154e-05
992	7.86411e-05
993	8.52649e-05
994	6.71576e-05
995	9.04049e-05
996	8.07464e-05
997	7.54532e-05
998	8.53867e-05
999	6.77587e-05
1000	8.76682e-05
1001	8.12706e-05
1002	7.38017e-05
1003	8.41002e-05
1004	7.28119e-05
1005	8.49241e-05
1006	8.56562e-05
1007	7.60055e-05
1008	8.56702e-05
1009	7.8548e-05
1010	7.92252e-05
1011	9.12113e-05
1012	7.69583e-05
1013	8.45031e-05
1014	8.24054e-05
1015	7.45179e-05
1016	9.22836e-05
1017	7.74011e-05
1018	8.27807e-05
1019	8.57372e-05
1020	7.01544e-05
1021	9.3576e-05
1022	7.83099e-05
1023	7.99723e-05
1024	8.66406e-05
1025	6.79857e-05
1026	9.21738e-05
1027	8.00619e-05
1028	7.63639e-05
1029	8.5679e-05
1030	6.67887e-05
1031	8.94164e-05
1032	8.27243e-05
1033	7.31447e-05
1034	8.48532e-05
1035	7.02242e-05
1036	8.488e-05
1037	8.72305e-05
1038	7.31163e-05
1039	8.54963e-05
1040	7.61045e-05
1041	8.01054e-05
1042	9.20329e-05
1043	7.66324e-05
1044	8.56786e-05
1045	8.37388e-05
1046	7.46952e-05
1047	9.39361e-05
1048	7.93651e-05
1049	8.23335e-05
1050	8.70226e-05
1051	7.04809e-05
1052	9.35788e-05
1053	8.0187e-05
1054	8.0668e-05
1055	8.76411e-05
1056	6.83911e-05
1057	9.26894e-05
1058	8.01332e-05
1059	7.80184e-05
1060	8.70474e-05
1061	6.73962e-05
1062	8.85617e-05
1063	8.40582e-05
1064	7.398e-05
1065	8.67489e-05
1066	6.82792e-05
1067	8.29926e-05
1068	8.83293e-05
1069	7.17069e-05
1070	8.50156e-05
1071	7.39527e-05
1072	7.97267e-05
1073	9.00152e-05
1074	7.34789e-05
1075	8.34594e-05
1076	7.95883e-05
1077	7.63406e-05
1078	9.26102e-05
1079	7.82885e-05
1080	8.20014e-05
1081	8.40679e-05
1082	7.27374e-05
1083	9.33711e-05
1084	8.10329e-05
1085	8.1239e-05
1086	8.63709e-05
1087	6.98473e-05
1088	9.03035e-05
1089	8.40426e-05
1090	7.8461e-05
1091	8.70847e-05
1092	6.98613e-05
1093	8.54843e-05
1094	8.54642e-05
1095	7.62112e-05
1096	8.56815e-05
1097	7.12873e-05
1098	8.26611e-05
1099	8.4397e-05
1100	7.52117e-05
1101	8.36036e-05
1102	7.14632e-05
1103	7.95672e-05
1104	8.54304e-05
1105	7.39622e-05
1106	8.12465e-05
1107	7.16266e-05
1108	7.86739e-05
1109	8.64238e-05
1110	7.28613e-05
1111	7.87803e-05
1112	7.43789e-05
1113	7.69237e-05
1114	8.50483e-05
1115	7.70888e-05
1116	7.94845e-05
1117	7.81911e-05
1118	7.80154e-05
1119	8.35781e-05
1120	8.09956e-05
1121	7.92335e-05
1122	7.95051e-05
1123	7.7317e-05
1124	8.35045e-05
1125	8.24049e-05
1126	7.98153e-05
1127	8.08871e-05
1128	7.42344e-05
1129	8.18114e-05
1130	8.28182e-05
1131	8.0476e-05
1132	8.15016e-05
1133	7.18298e-05
1134	8.08948e-05
1135	8.19676e-05
1136	7.83793e-05
1137	8.00468e-05
1138	7.13789e-05
1139	8.11347e-05
1140	7.88833e-05
1141	7.83679e-05
1142	7.86933e-05
1143	6.94191e-05
1144	8.27834e-05
1145	7.5196e-05
1146	7.84349e-05
1147	7.65174e-05
1148	6.57145e-05
1149	8.18767e-05
1150	7.32616e-05
1151	7.69421e-05
1152	7.61266e-05
1153	6.39986e-05
1154	8.03834e-05
1155	7.33852e-05
1156	7.62505e-05
1157	7.64404e-05
1158	6.39375e-05
1159	7.7743e-05
1160	7.42157e-05
1161	7.54422e-05
1162	7.59584e-05
1163	6.70461e-05
1164	7.6008e-05
1165	7.57508e-05
1166	7.20347e-05
1167	8.13441e-05
1168	7.05244e-05
1169	7.45767e-05
1170	8.02136e-05
1171	6.93334e-05
1172	8.36266e-05
1173	7.28779e-05
1174	7.03434e-05
1175	8.25732e-05
1176	6.9056e-05
1177	8.11253e-05
1178	7.60157e-05
1179	6.57494e-05
1180	8.223e-05
1181	6.83515e-05
1182	7.90905e-05
1183	7.75689e-05
1184	6.48209e-05
1185	7.99598e-05
1186	6.79241e-05
1187	7.56862e-05
1188	7.75606e-05
1189	6.33635e-05
1190	7.92918e-05
1191	7.07527e-05
1192	7.23844e-05
1193	7.91664e-05
1194	6.0543e-05
1195	7.70908e-05
1196	7.30312e-05
1197	6.96697e-05
1198	8.00929e-05
1199	6.00851e-05
1200	7.43141e-05
1201	7.37911e-05
1202	6.73375e-05
1203	8.03083e-05
1204	6.23098e-05
1205	7.35738e-05
1206	7.45464e-05
1207	6.6121e-05
1208	8.16223e-05
1209	6.44916e-05
1210	7.38951e-05
1211	7.69642e-05
1212	6.74138e-05
1213	8.03397e-05
1214	6.95811e-05
1215	7.32265e-05
1216	7.99858e-05
1217	7.00145e-05
1218	7.7792e-05
1219	7.39804e-05
1220	7.10207e-05
1221	7.84492e-05
1222	7.14272e-05
1223	7.33706e-05
1224	7.69483e-05
1225	7.08923e-05
1226	7.55759e-05
1227	7.37184e-05
1228	7.35035e-05
1229	7.89234e-05
1230	7.22881e-05
1231	7.60056e-05
1232	7.54692e-05
1233	7.34483e-05
1234	7.97032e-05
1235	7.52628e-05
1236	7.7737e-05
1237	7.77201e-05
1238	7.66609e-05
1239	7.8761e-05
1240	7.90147e-05
1241	7.9172e-05
1242	7.81617e-05
1243	7.89616e-05
1244	7.78135e-05
1245	7.74864e-05
1246	7.87593e-05
1247	7.53722e-05
1248	7.84034e-05
1249	7.65183e-05
1250	7.48762e-05
1251	7.92885e-05
1252	7.37297e-05
1253	7.65237e-05
1254	7.66913e-05
1255	7.36141e-05
1256	7.9741e-05
1257	7.46872e-05
1258	7.4443e-05
1259	7.79023e-05
1260	7.09196e-05
1261	8.13272e-05
1262	7.60551e-05
1263	7.47034e-05
1264	7.89981e-05
1265	7.1659e-05
1266	8.28952e-05
1267	7.72584e-05
1268	7.73686e-05
1269	8.24208e-05
1270	7.43254e-05
1271	8.4022e-05
1272	8.01224e-05
1273	7.88742e-05
1274	8.18318e-05
1275	7.75483e-05
1276	8.31231e-05
1277	8.22825e-05
1278	7.85024e-05
1279	8.12543e-05
1280	7.90135e-05
1281	8.10295e-05
1282	8.3859e-05
1283	7.58867e-05
1284	8.07507e-05
1285	7.89901e-05
1286	7.59479e-05
1287	8.48468e-05
1288	7.38774e-05
1289	7.89132e-05
1290	8.02051e-05
1291	7.13821e-05
1292	8.65568e-05
1293	7.53353e-05
1294	7.73391e-05
1295	8.11739e-05
1296	6.83178e-05
1297	8.60997e-05
1298	7.6877e-05
1299	7.52693e-05
1300	8.15592e-05
1301	6.95521e-05
1302	8.579e-05
1303	7.89351e-05
1304	7.51266e-05
1305	8.37187e-05
1306	7.39669e-05
1307	8.49301e-05
1308	8.33902e-05
1309	7.79205e-05
1310	8.35817e-05
1311	7.92669e-05
1312	8.25854e-05
1313	8.56781e-05
1314	7.78854e-05
1315	8.21027e-05
1316	8.15399e-05
1317	7.84004e-05
1318	8.87709e-05
1319	7.57503e-05
1320	8.18733e-05
1321	8.18844e-05
1322	7.26049e-05
1323	9.01665e-05
1324	7.5727e-05
1325	7.99201e-05
1326	8.3003e-05
1327	6.92501e-05
1328	9.01556e-05
1329	7.81857e-05
1330	7.73711e-05
1331	8.37737e-05
1332	6.76462e-05
1333	8.86543e-05
1334	7.97356e-05
1335	7.42828e-05
1336	8.39343e-05
1337	7.10074e-05
1338	8.64683e-05
1339	8.26877e-05
1340	7.58296e-05
1341	8.52071e-05
1342	7.60832e-05
1343	8.38899e-05
1344	8.61458e-05
1345	7.74369e-05
1346	8.38022e-05
1347	8.05263e-05
1348	7.81763e-05
1349	9.01407e-05
1350	7.63516e-05
1351	8.36305e-05
1352	8.28674e-05
1353	7.3628e-05
1354	9.19968e-05
1355	7.59473e-05
1356	8.20512e-05
1357	8.49472e-05
1358	6.97685e-05
1359	9.2694e-05
1360	7.81241e-05
1361	7.88158e-05
1362	8.56321e-05
1363	6.74822e-05
1364	9.15128e-05
1365	8.10747e-05
1366	7.51203e-05
1367	8.49928e-05
1368	6.79798e-05
1369	8.82871e-05
1370	8.16328e-05
1371	7.34295e-05
1372	8.39129e-05
1373	7.23109e-05
1374	8.46348e-05
1375	8.64621e-05
1376	7.60342e-05
1377	8.57287e-05
1378	7.82074e-05
1379	7.88967e-05
1380	9.16206e-05
1381	7.70883e-05
1382	8.46785e-05
1383	8.31022e-05
1384	7.43889e-05
1385	9.22116e-05
1386	7.75092e-05
1387	8.24822e-05
1388	8.62376e-05
1389	6.98855e-05
1390	9.32476e-05
1391	7.79749e-05
1392	8.0143e-05
1393	8.68612e-05
1394	6.80639e-05
1395	9.28854e-05
1396	7.93579e-05
1397	7.70119e-05
1398	8.63262e-05
1399	6.68758e-05
1400	9.05283e-05
1401	8.29582e-05
1402	7.36917e-05
1403	8.52204e-05
1404	6.84309e-05
1405	8.45309e-05
1406	8.71667e-05
1407	7.23202e-05
1408	8.61327e-05
1409	7.4676e-05
1410	8.11533e-05
1411	9.21573e-05
1412	7.61378e-05
1413	8.55689e-05
1414	8.22722e-05
1415	7.58878e-05
1416	9.42433e-05
1417	8.0026e-05
1418	8.35063e-05
1419	8.71003e-05
1420	7.18657e-05
1421	9.47646e-05
1422	8.16783e-05
1423	8.15013e-05
1424	8.79189e-05
1425	7.00746e-05
1426	9.34608e-05
1427	8.13512e-05
1428	7.96275e-05
1429	8.7553e-05
1430	6.86878e-05
1431	8.90712e-05
1432	8.37971e-05
1433	7.57605e-05
1434	8.75734e-05
1435	6.96123e-05
1436	8.42211e-05
1437	8.68572e-05
1438	7.32427e-05
1439	8.52901e-05
1440	7.15349e-05
1441	7.93142e-05
1442	8.80617e-05
1443	7.27212e-05
1444	8.28671e-05
1445	7.5542e-05
1446	7.79835e-05
1447	8.96416e-05
1448	7.51566e-05
1449	8.27556e-05
1450	7.96033e-05
1451	7.72632e-05
1452	9.12764e-05
1453	7.91264e-05
1454	8.22707e-05
1455	8.29273e-05
1456	7.52314e-05
1457	8.87426e-05
1458	8.50291e-05
1459	8.00604e-05
1460	8.61248e-05
1461	7.34723e-05
1462	8.65117e-05
1463	8.64697e-05
1464	7.98439e-05
1465	8.5281e-05
1466	7.34931e-05
1467	8.28902e-05
1468	8.45844e-05
1469	7.92021e-05
1470	8.36903e-05
1471	7.28319e-05
1472	8.1842e-05
1473	8.30223e-05
1474	7.7056e-05
1475	8.16823e-05
1476	7.14792e-05
1477	8.12284e-05
1478	8.14396e-05
1479	7.50499e-05
1480	7.87314e-05
1481	6.89189e-05
1482	7.97918e-05
1483	7.85673e-05
1484	7.55939e-05
1485	7.49779e-05
1486	6.80352e-05
1487	7.80648e-05
1488	7.63565e-05
1489	7.52603e-05
1490	7.38868e-05
1491	7.01638e-05
1492	7.75854e-05
1493	7.56189e-05
1494	7.63357e-05
1495	7.73137e-05
1496	7.32127e-05
1497	7.74255e-05
1498	7.7052e-05
1499	7.78406e-05
1500	7.96057e-05
1501	7.61457e-05
1502	7.43065e-05
1503	7.96226e-05
1504	7.92228e-05
1505	8.0032e-05
1506	7.74921e-05
1507	7.10219e-05
1508	8.22016e-05
1509	7.65577e-05
1510	8.17368e-05
1511	7.78407e-05
1512	6.888e-05
1513	8.28457e-05
1514	7.43566e-05
1515	8.0274e-05
1516	7.82591e-05
1517	6.54683e-05
1518	8.30964e-05
1519	7.1413e-05
1520	7.83929e-05
1521	7.84185e-05
1522	6.44368e-05
1523	8.12452e-05
1524	7.01877e-05
1525	7.63633e-05
1526	7.66976e-05
1527	6.22812e-05
1528	7.88696e-05
1529	7.10568e-05
1530	7.43549e-05
1531	7.72749e-05
1532	6.07675e-05
1533	7.66898e-05
1534	7.47207e-05
1535	6.92527e-05
1536	8.07199e-05
1537	6.0127e-05
1538	7.37231e-05
1539	7.63877e-05
1540	6.4891e-05
1541	8.13749e-05
1542	6.28437e-05
1543	6.92595e-05
1544	7.75396e-05
1545	6.22822e-05
1546	8.03011e-05
1547	6.89729e-05
1548	6.69773e-05
1549	7.8844e-05
1550	6.4174e-05
1551	7.88454e-05
1552	7.31596e-05
1553	6.53725e-05
1554	7.86561e-05
1555	6.7368e-05
1556	7.64293e-05
1557	7.75387e-05
1558	6.48006e-05
1559	7.94544e-05
1560	7.29647e-05
1561	7.28108e-05
1562	8.13844e-05
1563	6.40929e-05
1564	7.77717e-05
1565	7.43884e-05
1566	7.08228e-05
1567	8.21126e-05
1568	6.43879e-05
1569	7.54685e-05
1570	7.41297e-05
1571	6.94827e-05
1572	8.17196e-05
1573	6.5234e-05
1574	7.53612e-05
1575	7.41416e-05
1576	6.88289e-05
1577	8.03513e-05
1578	6.67233e-05
1579	7.51324e-05
1580	7.58118e-05
1581	7.20147e-05
1582	7.8745e-05
1583	7.15006e-05
1584	7.46283e-05
1585	7.70005e-05
1586	7.18682e-05
1587	7.67633e-05
1588	7.25373e-05
1589	7.34706e-05
1590	7.51448e-05
1591	7.07301e-05
1592	7.39286e-05
1593	7.40112e-05
1594	7.42003e-05
1595	7.48577e-05
1596	7.14824e-05
1597	7.295e-05
1598	7.71267e-05
1599	7.50317e-05
1600	7.75463e-05
1601	7.48711e-05
1602	7.66218e-05
1603	7.88181e-05
1604	7.7139e-05
1605	7.97849e-05
1606	7.8074e-05
1607	7.87782e-05
1608	7.95872e-05
1609	7.97134e-05
1610	8.03358e-05
1611	7.8974e-05
1612	7.96631e-05
1613	7.8253e-05
1614	7.88166e-05
1615	8.02783e-05
1616	7.61204e-05
1617	7.9557e-05
1618	7.67136e-05
1619	7.5781e-05
1620	8.11928e-05
1621	7.368e-05
1622	7.78603e-05
1623	7.64925e-05
1624	7.40147e-05
1625	8.14813e-05
1626	7.37998e-05
1627	7.54476e-05
1628	7.81666e-05
1629	7.06515e-05
1630	8.26507e-05
1631	7.62064e-05
1632	7.49034e-05
1633	8.04486e-05
1634	6.96188e-05
1635	8.35334e-05
1636	7.66536e-05
1637	7.56706e-05
1638	8.12522e-05
1639	7.25546e-05
1640	8.42489e-05
1641	7.95269e-05
1642	7.72639e-05
1643	8.37149e-05
1644	7.62481e-05
1645	8.43184e-05
1646	8.3067e-05
1647	7.86094e-05
1648	8.24503e-05
1649	7.92521e-05
1650	8.28702e-05
1651	8.46792e-05
1652	7.77134e-05
1653	8.18473e-05
1654	8.03075e-05
1655	7.86462e-05
1656	8.71844e-05
1657	7.49829e-05
1658	8.11734e-05
1659	8.03982e-05
1660	7.23012e-05
1661	8.88036e-05
1662	7.52715e-05
1663	7.93044e-05
1664	8.18897e-05
1665	6.86971e-05
1666	8.83932e-05
1667	7.68047e-05
1668	7.63342e-05
1669	8.27407e-05
1670	6.63301e-05
1671	8.71466e-05
1672	7.89745e-05
1673	7.39132e-05
1674	8.31576e-05
1675	6.96704e-05
1676	8.61956e-05
1677	8.14712e-05
1678	7.52219e-05
1679	8.45624e-05
1680	7.53502e-05
1681	8.52336e-05
1682	8.56981e-05
1683	7.72325e-05
1684	8.4639e-05
1685	8.0009e-05
1686	8.00035e-05
1687	9.08645e-05
1688	7.72711e-05
1689	8.41377e-05
1690	8.22888e-05
1691	7.48683e-05
1692	9.20573e-05
1693	7.65584e-05
1694	8.28886e-05
1695	8.44917e-05
1696	6.97244e-05
1697	9.31054e-05
1698	7.75432e-05
1699	7.99555e-05
1700	8.59301e-05
1701	6.76484e-05
1702	9.20533e-05
1703	7.99249e-05
1704	7.66829e-05
1705	8.58122e-05
1706	6.68041e-05
1707	8.94e-05
1708	8.26331e-05
1709	7.35487e-05
1710	8.50098e-05
1711	6.99132e-05
1712	8.46901e-05
1713	8.70272e-05
1714	7.33366e-05
1715	8.56307e-05
1716	7.57399e-05
1717	8.04509e-05
1718	9.17643e-05
1719	7.65873e-05
1720	8.57995e-05
1721	8.33535e-05
1722	7.53959e-05
1723	9.40064e-05
1724	7.98386e-05
1725	8.29413e-05
1726	8.72981e-05
1727	7.1648e-05
1728	9.39892e-05
1729	8.10965e-05
1730	8.14677e-05
1731	8.80673e-05
1732	6.94429e-05
1733	9.32034e-05
1734	8.04841e-05
1735	7.89285e-05
1736	8.72832e-05
1737	6.80944e-05
1738	8.8777e-05
1739	8.36614e-05
1740	7.48805e-05
1741	8.71769e-05
1742	6.83779e-05
1743	8.3664e-05
1744	8.80596e-05
1745	7.25108e-05
1746	8.53546e-05
1747	7.2265e-05
1748	7.97946e-05
1749	8.9059e-05
1750	7.28323e-05
1751	8.37052e-05
1752	7.80516e-05
1753	7.76241e-05
1754	9.19464e-05
1755	7.71077e-05
1756	8.22553e-05
1757	8.26581e-05
1758	7.44992e-05
1759	9.31e-05
1760	8.06692e-05
1761	8.1704e-05
1762	8.54248e-05
1763	7.06542e-05
1764	8.97895e-05
1765	8.43236e-05
1766	7.90374e-05
1767	8.66557e-05
1768	7.04397e-05
1769	8.55007e-05
1770	8.56094e-05
1771	7.7035e-05
1772	8.53407e-05
1773	7.1914e-05
1774	8.24602e-05
1775	8.43601e-05
1776	7.64518e-05
1777	8.3605e-05
1778	7.21128e-05
1779	8.04075e-05
1780	8.42853e-05
1781	7.46649e-05
1782	8.12422e-05
1783	7.0835e-05
1784	7.92023e-05
1785	8.49773e-05
1786	7.24278e-05
1787	7.78639e-05
1788	7.1307e-05
1789	7.66577e-05
1790	8.21244e-05
1791	7.56685e-05
1792	7.7336e-05
1793	7.59166e-05
1794	7.76007e-05
1795	8.14467e-05
1796	7.95588e-05
1797	7.82555e-05
1798	7.76899e-05
1799	7.7519e-05
1800	8.21242e-05
1801	8.12715e-05
1802	7.96142e-05
1803	7.94741e-05
1804	7.45087e-05
1805	8.09385e-05
1806	8.21082e-05
1807	8.01544e-05
1808	8.05465e-05
1809	7.09031e-05
1810	8.01954e-05
1811	8.10798e-05
1812	7.83346e-05
1813	7.87125e-05
1814	7.05342e-05
1815	8.05989e-05
1816	7.7867e-05
1817	7.8848e-05
1818	7.80906e-05
1819	6.94112e-05
1820	8.26083e-05
1821	7.48322e-05
1822	7.91713e-05
1823	7.73262e-05
1824	6.61186e-05
1825	8.23882e-05
1826	7.32004e-05
1827	7.74804e-05
1828	7.69604e-05
1829	6.41022e-05
1830	8.04208e-05
1831	7.33057e-05
1832	7.61034e-05
1833	7.59886e-05
1834	6.36228e-05
1835	7.68726e-05
1836	7.41805e-05
1837	7.47988e-05
1838	7.58865e-05
1839	6.67993e-05
1840	7.52547e-05
1841	7.57018e-05
1842	7.1179e-05
1843	8.13126e-05
1844	6.9892e-05
1845	7.36925e-05
1846	7.99513e-05
1847	6.90109e-05
1848	8.33716e-05
1849	7.27661e-05
1850	6.92065e-05
1851	8.21175e-05
1852	6.94252e-05
1853	8.10728e-05
1854	7.62104e-05
1855	6.45301e-05
1856	8.18772e-05
1857	6.8624e-05
1858	7.80666e-05
1859	7.75937e-05
1860	6.36519e-05
1861	7.92179e-05
1862	6.75547e-05
1863	7.43818e-05
1864	7.75148e-05
1865	6.26872e-05
1866	7.93189e-05
1867	7.04886e-05
1868	7.21277e-05
1869	7.91999e-05
1870	6.06555e-05
1871	7.74114e-05
1872	7.32531e-05
1873	7.00243e-05
1874	7.99168e-05
1875	6.00183e-05
1876	7.42675e-05
1877	7.34981e-05
1878	6.7828e-05
1879	7.99025e-05
1880	6.159e-05
1881	7.36881e-05
1882	7.37011e-05
1883	6.61697e-05
1884	8.08732e-05
1885	6.31325e-05
1886	7.34233e-05
1887	7.52708e-05
1888	6.66596e-05
1889	8.04411e-05
1890	6.72203e-05
1891	7.32249e-05
1892	7.80458e-05
1893	6.87788e-05
1894	7.82634e-05
1895	7.30734e-05
1896	7.21649e-05
1897	7.84802e-05
1898	6.92073e-05
1899	7.53045e-05
1900	7.75553e-05
1901	7.23163e-05
1902	7.7257e-05
1903	7.18595e-05
1904	7.30495e-05
1905	7.91271e-05
1906	7.25603e-05
1907	7.6953e-05
1908	7.43204e-05
1909	7.35601e-05
1910	7.96832e-05
1911	7.4023e-05
1912	7.77297e-05
1913	7.61937e-05
1914	7.60087e-05
1915	7.76807e-05
1916	7.73514e-05
1917	7.84572e-05
1918	7.73287e-05
1919	7.75455e-05
1920	7.7035e-05
1921	7.6994e-05
1922	7.83802e-05
1923	7.54119e-05
1924	7.80366e-05
1925	7.68961e-05
1926	7.5242e-05
1927	7.97401e-05
1928	7.45879e-05
1929	7.68519e-05
1930	7.74985e-05
1931	7.36711e-05
1932	8.06872e-05
1933	7.49694e-05
1934	7.5236e-05
1935	7.94394e-05
1936	7.04987e-05
1937	8.29828e-05
1938	7.65013e-05
1939	7.55899e-05
1940	8.00151e-05
1941	6.8926e-05
1942	8.45383e-05
1943	7.69904e-05
1944	7.5944e-05
1945	8.01805e-05
1946	7.01998e-05
1947	8.52313e-05
1948	7.85829e-05
1949	7.61963e-05
1950	8.33218e-05
1951	7.31135e-05
1952	8.48414e-05
1953	8.31844e-05
1954	7.78277e-05
1955	8.29787e-05
1956	7.71946e-05
1957	8.34021e-05
1958	8.59977e-05
1959	7.76262e-05
1960	8.28285e-05
1961	8.03024e-05
1962	7.73088e-05
1963	8.99115e-05
1964	7.56328e-05
1965	8.32001e-05
1966	8.24858e-05
1967	7.17735e-05
1968	9.05977e-05
1969	7.52822e-05
1970	8.02957e-05
1971	8.47135e-05
1972	6.79011e-05
1973	9.02419e-05
1974	7.78453e-05
1975	7.60737e-05
1976	8.49406e-05
1977	6.65899e-05
1978	8.84159e-05
1979	8.07656e-05
1980	7.37973e-05
1981	8.40853e-05
1982	6.99342e-05
1983	8.71156e-05
1984	8.26864e-05
1985	7.37315e-05
1986	8.42458e-05
1987	7.49924e-05
1988	8.31359e-05
1989	9.02097e-05
1990	7.69909e-05
1991	8.65189e-05
1992	8.08245e-05
1993	7.81906e-05
1994	9.31675e-05
1995	7.82846e-05
1996	8.37569e-05
1997	8.47434e-05
1998	7.2604e-05
1999	9.35111e-05
2000	7.90011e-05
2001	8.17532e-05
2002	8.66894e-05
2003	6.89756e-05
2004	9.30325e-05
2005	7.91163e-05
2006	7.90953e-05
2007	8.69333e-05
2008	6.75674e-05
2009	9.15775e-05
2010	8.09255e-05
2011	7.61759e-05
2012	8.64096e-05
2013	6.74305e-05
2014	8.69574e-05
2015	8.58864e-05
2016	7.26912e-05
2017	8.62133e-05
2018	7.16804e-05
2019	8.23899e-05
2020	8.95012e-05
2021	7.28321e-05
2022	8.49014e-05
2023	7.82304e-05
2024	7.81236e-05
2025	9.22791e-05
2026	7.72433e-05
2027	8.36938e-05
2028	8.43351e-05
2029	7.28315e-05
2030	9.40437e-05
2031	8.07705e-05
2032	8.19485e-05
2033	8.71308e-05
2034	7.0219e-05
2035	9.32e-05
2036	8.14547e-05
2037	7.99297e-05
2038	8.69853e-05
2039	6.82185e-05
2040	8.95006e-05
2041	8.3081e-05
2042	7.70275e-05
2043	8.70532e-05
2044	6.90395e-05
2045	8.47604e-05
2046	8.56654e-05
2047	7.39232e-05
2048	8.52151e-05
2049	7.04595e-05
2050	8.06701e-05
2051	8.69815e-05
2052	7.2774e-05
2053	8.24964e-05
2054	7.27546e-05
2055	7.74921e-05
2056	8.73361e-05
2057	7.33494e-05
2058	8.17292e-05
2059	7.79775e-05
2060	7.75568e-05
2061	9.0549e-05
2062	7.61935e-05
2063	8.20636e-05
2064	8.14709e-05
2065	7.48885e-05
2066	8.92502e-05
2067	8.25762e-05
2068	7.98775e-05
2069	8.46724e-05
2070	7.2901e-05
2071	8.60375e-05
2072	8.57069e-05
2073	7.8393e-05
2074	8.48174e-05
2075	7.20357e-05
2076	8.30437e-05
2077	8.4676e-05
2078	7.80622e-05
2079	8.30164e-05
2080	7.20855e-05
2081	8.02719e-05
2082	8.36466e-05
2083	7.72982e-05
2084	8.20097e-05
2085	7.10451e-05
2086	8.09542e-05
2087	8.26261e-05
2088	7.58269e-05
2089	7.98113e-05
2090	7.01085e-05
2091	7.98356e-05
2092	8.03711e-05
2093	7.59209e-05
2094	7.65181e-05
2095	6.92284e-05
2096	7.88969e-05
2097	7.75952e-05
2098	7.61285e-05
2099	7.42549e-05
2100	7.07604e-05
2101	7.8491e-05
2102	7.6743e-05
2103	7.68588e-05
2104	7.75231e-05
2105	7.36816e-05
2106	7.85862e-05
2107	7.76724e-05
2108	7.84908e-05
2109	7.97364e-05
2110	7.63069e-05
2111	7.54836e-05
2112	7.94042e-05
2113	7.96554e-05
2114	7.93406e-05
2115	7.76942e-05
2116	7.13864e-05
2117	8.09571e-05
2118	7.74641e-05
2119	8.08415e-05
2120	7.74933e-05
2121	6.92971e-05
2122	8.26875e-05
2123	7.4934e-05
2124	8.04904e-05
2125	7.78439e-05
2126	6.66091e-05
2127	8.32254e-05
2128	7.25012e-05
2129	7.87423e-05
2130	7.83874e-05
2131	6.47571e-05
2132	8.22236e-05
2133	7.07244e-05
2134	7.70335e-05
2135	7.7415e-05
2136	6.31161e-05
2137	7.97219e-05
2138	7.04639e-05
2139	7.61077e-05
2140	7.68811e-05
2141	6.15898e-05
2142	7.79153e-05
2143	7.33584e-05
2144	7.18017e-05
2145	7.95424e-05
2146	6.05356e-05
2147	7.56672e-05
2148	7.58177e-05
2149	6.69384e-05
2150	8.14364e-05
2151	6.13929e-05
2152	7.14419e-05
2153	7.65915e-05
2154	6.29223e-05
2155	8.04457e-05
2156	6.64528e-05
2157	6.87922e-05
2158	7.81579e-05
2159	6.22212e-05
2160	7.92257e-05
2161	7.12659e-05
2162	6.66797e-05
2163	7.82625e-05
2164	6.44986e-05
2165	7.63743e-05
2166	7.45587e-05
2167	6.53284e-05
2168	7.84774e-05
2169	7.04019e-05
2170	7.41448e-05
2171	7.95036e-05
2172	6.45563e-05
2173	7.8145e-05
2174	7.34287e-05
2175	7.12936e-05
2176	8.12653e-05
2177	6.53434e-05
2178	7.60552e-05
2179	7.42836e-05
2180	6.99238e-05
2181	8.15376e-05
2182	6.70546e-05
2183	7.63616e-05
2184	7.36478e-05
2185	6.9461e-05
2186	8.00867e-05
2187	6.72651e-05
2188	7.63486e-05
2189	7.48336e-05
2190	7.2867e-05
2191	7.75217e-05
2192	7.09689e-05
2193	7.57489e-05
2194	7.57165e-05
2195	7.38265e-05
2196	7.65766e-05
2197	7.23321e-05
2198	7.5456e-05
2199	7.42974e-05
2200	7.28263e-05
2201	7.50696e-05
2202	7.19038e-05
2203	7.6388e-05
2204	7.48062e-05
2205	7.18874e-05
2206	7.45051e-05
2207	7.15605e-05
2208	7.65022e-05
2209	7.49719e-05
2210	7.32777e-05
2211	7.59221e-05
2212	7.18125e-05
2213	7.94526e-05
2214	7.59661e-05
2215	7.68993e-05
2216	8.07191e-05
2217	7.42906e-05
2218	8.25249e-05
2219	7.88691e-05
2220	7.88864e-05
2221	8.09734e-05
2222	7.71998e-05
2223	8.33439e-05
2224	8.13259e-05
2225	7.8578e-05
2226	8.13066e-05
2227	7.88591e-05
2228	8.14664e-05
2229	8.3487e-05
2230	7.65002e-05
2231	8.1114e-05
2232	7.86201e-05
2233	7.67108e-05
2234	8.4255e-05
2235	7.42368e-05
2236	7.94358e-05
2237	7.97982e-05
2238	7.169e-05
2239	8.6933e-05
2240	7.54888e-05
2241	7.77564e-05
2242	8.17706e-05
2243	6.88266e-05
2244	8.71287e-05
2245	7.79182e-05
2246	7.54851e-05
2247	8.24267e-05
2248	6.78461e-05
2249	8.58278e-05
2250	7.82077e-05
2251	7.43657e-05
2252	8.29403e-05
2253	7.2383e-05
2254	8.51507e-05
2255	8.25114e-05
2256	7.70933e-05
2257	8.43986e-05
2258	7.7906e-05
2259	8.35878e-05
2260	8.57041e-05
2261	7.78422e-05
2262	8.27488e-05
2263	8.10943e-05
2264	7.8765e-05
2265	8.96948e-05
2266	7.64135e-05
2267	8.32824e-05
2268	8.23083e-05
2269	7.31858e-05
2270	9.07868e-05
2271	7.56468e-05
2272	8.12848e-05
2273	8.38616e-05
2274	6.90447e-05
2275	9.08817e-05
2276	7.74879e-05
2277	7.75032e-05
2278	8.43271e-05
2279	6.65618e-05
2280	8.94059e-05
2281	8.07388e-05
2282	7.45364e-05
2283	8.42891e-05
2284	6.91333e-05
2285	8.76319e-05
2286	8.21353e-05
2287	7.44389e-05
2288	8.43852e-05
2289	7.43242e-05
2290	8.41241e-05
2291	8.72275e-05
2292	7.69995e-05
2293	8.53333e-05
2294	7.99627e-05
2295	7.77547e-05
2296	9.16564e-05
2297	7.6771e-05
2298	8.36544e-05
2299	8.3084e-05
2300	7.32018e-05
2301	9.18876e-05
2302	7.6614e-05
2303	8.15955e-05
2304	8.55412e-05
2305	6.88574e-05
2306	9.26774e-05
2307	7.79244e-05
2308	7.84853e-05
2309	8.6479e-05
2310	6.74239e-05
2311	9.15796e-05
2312	8.07097e-05
2313	7.54268e-05
2314	8.53437e-05
2315	6.72545e-05
2316	8.81331e-05
2317	8.28578e-05
2318	7.22915e-05
2319	8.48125e-05
2320	7.08505e-05
2321	8.30156e-05
2322	8.8163e-05
2323	7.33621e-05
2324	8.52545e-05
2325	7.72038e-05
2326	7.84896e-05
2327	9.212e-05
2328	7.70931e-05
2329	8.48456e-05
2330	8.46142e-05
2331	7.33115e-05
2332	9.42348e-05
2333	7.98509e-05
2334	8.19482e-05
2335	8.73804e-05
2336	7.02085e-05
2337	9.40251e-05
2338	8.05019e-05
2339	8.0526e-05
2340	8.76383e-05
2341	6.84074e-05
2342	9.2656e-05
2343	8.07209e-05
2344	7.7249e-05
2345	8.72323e-05
2346	6.7481e-05
2347	8.74545e-05
2348	8.51856e-05
2349	7.29066e-05
2350	8.66017e-05
2351	6.9003e-05
2352	8.20216e-05
2353	8.84132e-05
2354	7.14286e-05
2355	8.48613e-05
2356	7.50351e-05
2357	7.88607e-05
2358	9.05057e-05
2359	7.37868e-05
2360	8.31451e-05
2361	8.06259e-05
2362	7.57878e-05
2363	9.31009e-05
2364	7.90758e-05
2365	8.23205e-05
2366	8.47854e-05
2367	7.22055e-05
2368	9.35566e-05
2369	8.14091e-05
2370	8.09333e-05
2371	8.65766e-05
2372	6.92575e-05
2373	8.95678e-05
2374	8.4307e-05
2375	7.78892e-05
2376	8.69084e-05
2377	6.98311e-05
2378	8.53615e-05
2379	8.53892e-05
2380	7.63694e-05
2381	8.55711e-05
2382	7.15111e-05
2383	8.26656e-05
2384	8.48421e-05
2385	7.56662e-05
2386	8.36947e-05
2387	7.17164e-05
2388	7.96202e-05
2389	8.60395e-05
2390	7.38855e-05
2391	8.11434e-05
2392	7.19911e-05
2393	7.83069e-05
2394	8.64566e-05
2395	7.28862e-05
2396	7.92944e-05
2397	7.52249e-05
2398	7.70093e-05
2399	8.48739e-05
2400	7.77246e-05
2401	7.97053e-05
2402	7.86108e-05
2403	7.8145e-05
2404	8.39083e-05
2405	8.11072e-05
2406	7.97317e-05
2407	8.00154e-05
2408	7.71925e-05
2409	8.34658e-05
2410	8.26393e-05
2411	8.02207e-05
2412	8.12444e-05
2413	7.35014e-05
2414	8.13119e-05
2415	8.25249e-05
2416	7.9734e-05
2417	8.11718e-05
2418	7.09177e-05
2419	8.05307e-05
2420	8.14361e-05
2421	7.77717e-05
2422	7.94654e-05
2423	7.07015e-05
2424	8.16026e-05
2425	7.7671e-05
2426	7.87637e-05
2427	7.81344e-05
2428	6.87871e-05
2429	8.29548e-05
2430	7.46761e-05
2431	7.89816e-05
2432	7.70444e-05
2433	6.59671e-05
2434	8.24818e-05
2435	7.30342e-05
2436	7.74631e-05
2437	7.69735e-05
2438	6.4178e-05
2439	8.05381e-05
2440	7.29476e-05
2441	7.55671e-05
2442	7.57983e-05
2443	6.30928e-05
2444	7.69026e-05
2445	7.31613e-05
2446	7.35562e-05
2447	7.58448e-05
2448	6.59822e-05
2449	7.49675e-05
2450	7.5794e-05
2451	6.99978e-05
2452	8.13225e-05
2453	6.94379e-05
2454	7.32397e-05
2455	7.97412e-05
2456	6.79608e-05
2457	8.23899e-05
2458	7.24137e-05
2459	6.82909e-05
2460	8.16467e-05
2461	6.78556e-05
2462	7.99494e-05
2463	7.54838e-05
2464	6.50728e-05
2465	8.07716e-05
2466	6.72366e-05
2467	7.79755e-05
2468	7.62433e-05
2469	6.34577e-05
2470	7.82255e-05
2471	6.75e-05
2472	7.40486e-05
2473	7.69879e-05
2474	6.17041e-05
2475	7.80869e-05
2476	7.16373e-05
2477	7.12187e-05
2478	7.98684e-05
2479	6.06738e-05
2480	7.63016e-05
2481	7.34953e-05
2482	6.94056e-05
2483	8.05811e-05
2484	6.13049e-05
2485	7.43841e-05
2486	7.40806e-05
2487	6.69909e-05
2488	8.11256e-05
2489	6.34667e-05
2490	7.40706e-05
2491	7.51416e-05
2492	6.62131e-05
2493	8.15305e-05
2494	6.55821e-05
2495	7.35558e-05
2496	7.81077e-05
2497	6.86426e-05
2498	7.95128e-05
2499	7.16918e-05
2500	7.20271e-05
2501	8.00971e-05
2502	7.01173e-05
2503	7.62762e-05
2504	7.45777e-05
2505	6.98061e-05
2506	7.67275e-05
2507	7.25958e-05
2508	7.30271e-05
2509	7.76548e-05
2510	7.02462e-05
2511	7.52229e-05
2512	7.37521e-05
2513	7.24557e-05
2514	7.88133e-05
2515	7.22116e-05
2516	7.59785e-05
2517	7.5169e-05
2518	7.26813e-05
2519	7.87967e-05
2520	7.55788e-05
2521	7.80232e-05
2522	7.73918e-05
2523	7.70081e-05
2524	7.8078e-05
2525	7.85772e-05
2526	7.90582e-05
2527	7.70605e-05
2528	7.87163e-05
2529	7.69164e-05
2530	7.61541e-05
2531	7.86232e-05
2532	7.43935e-05
2533	7.77934e-05
2534	7.62325e-05
2535	7.39952e-05
2536	7.92694e-05
2537	7.36249e-05
2538	7.5296e-05
2539	7.64611e-05
2540	7.27016e-05
2541	7.91683e-05
2542	7.46297e-05
2543	7.34559e-05
2544	7.73993e-05
2545	7.01693e-05
2546	8.05407e-05
2547	7.51892e-05
2548	7.45337e-05
2549	7.85766e-05
2550	7.27724e-05
2551	8.19411e-05
2552	7.75182e-05
2553	7.75188e-05
2554	8.23981e-05
2555	7.54087e-05
2556	8.31679e-05
2557	8.05292e-05
2558	7.87342e-05
2559	8.12744e-05
2560	7.80326e-05
2561	8.18928e-05
2562	8.21105e-05
2563	7.79266e-05
2564	8.10081e-05
2565	7.87786e-05
2566	7.96465e-05
2567	8.33324e-05
2568	7.50989e-05
2569	7.97518e-05
2570	7.88094e-05
2571	7.48434e-05
2572	8.48807e-05
2573	7.39504e-05
2574	7.81787e-05
2575	8.0415e-05
2576	7.07928e-05
2577	8.67375e-05
2578	7.67084e-05
2579	7.7165e-05
2580	8.13915e-05
2581	6.89045e-05
2582	8.60098e-05
2583	7.72708e-05
2584	7.53264e-05
2585	8.17295e-05
2586	7.08522e-05
2587	8.50692e-05
2588	7.99694e-05
2589	7.58976e-05
2590	8.41216e-05
2591	7.53509e-05
2592	8.38568e-05
2593	8.38396e-05
2594	7.79716e-05
2595	8.26107e-05
2596	7.98203e-05
2597	8.17135e-05
2598	8.54923e-05
2599	7.69775e-05
2600	8.21233e-05
2601	8.20712e-05
2602	7.77387e-05
2603	8.88884e-05
2604	7.53483e-05
2605	8.16057e-05
2606	8.21638e-05
2607	7.2295e-05
2608	8.97902e-05
2609	7.61704e-05
2610	7.95302e-05
2611	8.32246e-05
2612	6.90913e-05
2613	8.99203e-05
2614	7.87591e-05
2615	7.69776e-05
2616	8.35939e-05
2617	6.83667e-05
2618	8.83434e-05
2619	7.9954e-05
2620	7.48077e-05
2621	8.3564e-05
2622	7.25017e-05
2623	8.63213e-05
2624	8.40641e-05
2625	7.75124e-05
2626	8.52247e-05
2627	7.79311e-05
2628	8.35358e-05
2629	8.69103e-05
2630	7.8005e-05
2631	8.359e-05
2632	8.12615e-05
2633	7.83075e-05
2634	9.04066e-05
2635	7.63671e-05
2636	8.35495e-05
2637	8.30595e-05
2638	7.34085e-05
2639	9.16031e-05
2640	7.56914e-05
2641	8.14442e-05
2642	8.44273e-05
2643	6.97774e-05
2644	9.18434e-05
2645	7.79545e-05
2646	7.80314e-05
2647	8.48149e-05
2648	6.73493e-05
2649	9.03477e-05
2650	8.07517e-05
2651	7.46335e-05
2652	8.47709e-05
2653	6.93455e-05
2654	8.7814e-05
2655	8.21507e-05
2656	7.41564e-05
2657	8.38007e-05
2658	7.35426e-05
2659	8.44478e-05
2660	8.66456e-05
2661	7.68713e-05
2662	8.55569e-05
2663	7.91543e-05
2664	7.86431e-05
2665	9.16412e-05
2666	7.71039e-05
2667	8.44867e-05
2668	8.29561e-05
2669	7.41262e-05
2670	9.24572e-05
2671	7.74596e-05
2672	8.26552e-05
2673	8.60927e-05
2674	6.97558e-05
2675	9.38578e-05
2676	7.84715e-05
2677	8.02157e-05
2678	8.70763e-05
2679	6.82395e-05
2680	9.30245e-05
2681	8.00757e-05
2682	7.6719e-05
2683	8.61158e-05
2684	6.72468e-05
2685	8.98651e-05
2686	8.36461e-05
2687	7.34692e-05
2688	8.55007e-05
2689	6.94731e-05
2690	8.39439e-05
2691	8.82524e-05
2692	7.28217e-05
2693	8.63103e-05
2694	7.58081e-05
2695	8.05109e-05
2696	9.21137e-05
2697	7.66749e-05
2698	8.53167e-05
2699	8.33659e-05
2700	7.49334e-05
2701	9.43633e-05
2702	8.04046e-05
2703	8.30894e-05
2704	8.7415e-05
2705	7.1374e-05
2706	9.42347e-05
2707	8.15642e-05
2708	8.11789e-05
2709	8.76784e-05
2710	6.9415e-05
2711	9.25213e-05
2712	8.14272e-05
2713	7.88452e-05
2714	8.70748e-05
2715	6.82825e-05
2716	8.76203e-05
2717	8.42116e-05
2718	7.49774e-05
2719	8.71652e-05
2720	6.94032e-05
2721	8.35525e-05
2722	8.71764e-05
2723	7.31154e-05
2724	8.49031e-05
2725	7.1921e-05
2726	7.87984e-05
2727	8.81548e-05
2728	7.26473e-05
2729	8.22361e-05
2730	7.591e-05
2731	7.7512e-05
2732	8.97402e-05
2733	7.50641e-05
2734	8.22393e-05
2735	7.99311e-05
2736	7.61341e-05
2737	9.10093e-05
2738	7.97298e-05
2739	8.12553e-05
2740	8.34278e-05
2741	7.39054e-05
2742	8.80724e-05
2743	8.51089e-05
2744	7.95167e-05
2745	8.60069e-05
2746	7.26865e-05
2747	8.5786e-05
2748	8.60943e-05
2749	7.90354e-05
2750	8.49528e-05
2751	7.28773e-05
2752	8.20246e-05
2753	8.42137e-05
2754	7.82823e-05
2755	8.31098e-05
2756	7.22619e-05
2757	8.11163e-05
2758	8.2929e-05
2759	7.61064e-05
2760	8.11328e-05
2761	7.06073e-05
2762	8.04985e-05
2763	8.22147e-05
2764	7.47298e-05
2765	7.82671e-05
2766	6.92473e-05
2767	7.8899e-05
2768	7.95092e-05
2769	7.56321e-05
2770	7.47045e-05
2771	6.94049e-05
2772	7.78393e-05
2773	7.7225e-05
2774	7.65204e-05
2775	7.5579e-05
2776	7.29053e-05
2777	7.83835e-05
2778	7.74258e-05
2779	7.79266e-05
2780	7.86271e-05
2781	7.52511e-05
2782	7.67571e-05
2783	7.8561e-05
2784	7.87984e-05
2785	7.98136e-05
2786	7.76886e-05
2787	7.26629e-05
2788	8.01195e-05
2789	7.98291e-05
2790	8.0066e-05
2791	7.78075e-05
2792	7.01698e-05
2793	8.18332e-05
2794	7.65396e-05
2795	8.07587e-05
2796	7.79673e-05
2797	6.87141e-05
2798	8.27161e-05
2799	7.44676e-05
2800	7.9876e-05
2801	7.83558e-05
2802	6.54132e-05
2803	8.28407e-05
2804	7.16751e-05
2805	7.79387e-05
2806	7.79537e-05
2807	6.3936e-05
2808	8.08263e-05
2809	7.06632e-05
2810	7.61056e-05
2811	7.66178e-05
2812	6.24476e-05
2813	7.85388e-05
2814	7.32839e-05
2815	7.46598e-05
2816	7.8156e-05
2817	6.19515e-05
2818	7.65344e-05
2819	7.62193e-05
2820	6.93855e-05
2821	8.16313e-05
2822	6.30174e-05
2823	7.41927e-05
2824	7.78193e-05
2825	6.56152e-05
2826	8.22479e-05
2827	6.75641e-05
2828	6.97817e-05
2829	7.98943e-05
2830	6.48534e-05
2831	8.08839e-05
2832	7.2146e-05
2833	6.62326e-05
2834	8.01061e-05
2835	6.62046e-05
2836	7.93444e-05
2837	7.53921e-05
2838	6.47231e-05
2839	7.92881e-05
2840	6.77845e-05
2841	7.56954e-05
2842	7.847e-05
2843	6.472e-05
2844	7.91646e-05
2845	7.25028e-05
2846	7.17914e-05
2847	8.12234e-05
2848	6.33631e-05
2849	7.70363e-05
2850	7.3969e-05
2851	7.01851e-05
2852	8.15182e-05
2853	6.33913e-05
2854	7.5092e-05
2855	7.39553e-05
2856	6.90018e-05
2857	8.04343e-05
2858	6.36233e-05
2859	7.51444e-05
2860	7.32403e-05
2861	6.76399e-05
2862	7.92997e-05
2863	6.52251e-05
2864	7.47788e-05
2865	7.49693e-05
2866	7.10838e-05
2867	7.86999e-05
2868	7.04607e-05
2869	7.48166e-05
2870	7.77954e-05
2871	7.145e-05
2872	7.81521e-05
2873	7.28739e-05
2874	7.39665e-05
2875	7.6949e-05
2876	7.02226e-05
2877	7.51152e-05
2878	7.46875e-05
2879	7.44861e-05
2880	7.59258e-05
2881	7.06121e-05
2882	7.29945e-05
2883	7.74028e-05
2884	7.44035e-05
2885	7.68695e-05
2886	7.37692e-05
2887	7.57662e-05
2888	7.82497e-05
2889	7.62244e-05
2890	7.89352e-05
2891	7.69843e-05
2892	7.84571e-05
2893	7.85146e-05
2894	7.90905e-05
2895	7.97569e-05
2896	7.76554e-05
2897	7.93319e-05
2898	7.72153e-05
2899	7.80347e-05
2900	8.00111e-05
2901	7.52326e-05
2902	7.97155e-05
2903	7.64001e-05
2904	7.54331e-05
2905	8.13954e-05
2906	7.36275e-05
2907	7.8529e-05
2908	7.68319e-05
2909	7.35281e-05
2910	8.21938e-05
2911	7.38212e-05
2912	7.67652e-05
2913	7.96677e-05
2914	7.02328e-05
2915	8.49501e-05
2916	7.64064e-05
2917	7.62923e-05
2918	8.15999e-05
2919	6.8881e-05
2920	8.6062e-05
2921	7.80495e-05
2922	7.54827e-05
2923	8.17386e-05
2924	7.01428e-05
2925	8.58155e-05
2926	7.93134e-05
2927	7.60426e-05
2928	8.43103e-05
2929	7.40538e-05
2930	8.5366e-05
2931	8.3478e-05
2932	7.81393e-05
2933	8.34508e-05
2934	7.8288e-05
2935	8.3602e-05
2936	8.62562e-05
2937	7.79026e-05
2938	8.2904e-05
2939	8.08793e-05
2940	7.84448e-05
2941	9.04662e-05
2942	7.64827e-05
2943	8.36973e-05
2944	8.2575e-05
2945	7.24499e-05
2946	9.10785e-05
2947	7.57332e-05
2948	8.09385e-05
2949	8.4313e-05
2950	6.79618e-05
2951	9.07532e-05
2952	7.76802e-05
2953	7.67687e-05
2954	8.50469e-05
2955	6.60853e-05
2956	8.90793e-05
2957	8.08303e-05
2958	7.43523e-05
2959	8.44426e-05
2960	6.81478e-05
2961	8.71251e-05
2962	8.2292e-05
2963	7.33963e-05
2964	8.4347e-05
2965	7.35457e-05
2966	8.33064e-05
2967	8.95261e-05
2968	7.61105e-05
2969	8.66868e-05
2970	7.96789e-05
2971	7.892e-05
2972	9.28277e-05
2973	7.8019e-05
2974	8.38422e-05
2975	8.47058e-05
2976	7.29535e-05
2977	9.35564e-05
2978	7.9417e-05
2979	8.16343e-05
2980	8.67169e-05
2981	6.98699e-05
2982	9.32521e-05
2983	7.93268e-05
2984	7.98098e-05
2985	8.69221e-05
2986	6.80709e-05
2987	9.19713e-05
2988	8.0466e-05
2989	7.70607e-05
2990	8.71856e-05
2991	6.75782e-05
2992	8.71757e-05
2993	8.61278e-05
2994	7.35901e-05
2995	8.69192e-05
2996	6.94901e-05
2997	8.20684e-05
2998	8.8239e-05
2999	7.16785e-05
3000	8.4796e-05
3001	7.54042e-05
3002	7.8679e-05
3003	9.06974e-05
3004	7.43585e-05
3005	8.2819e-05
3006	8.10769e-05
3007	7.55142e-05
3008	9.31686e-05
3009	8.00511e-05
3010	8.29787e-05
3011	8.55312e-05
3012	7.24437e-05
3013	9.38229e-05
3014	8.25406e-05
3015	8.1513e-05
3016	8.72377e-05
3017	6.99668e-05
3018	8.91254e-05
3019	8.49288e-05
3020	7.80244e-05
3021	8.68742e-05
3022	7.06287e-05
3023	8.51682e-05
3024	8.51565e-05
3025	7.61101e-05
3026	8.52987e-05
3027	7.15441e-05
3028	8.1645e-05
3029	8.45204e-05
3030	7.50193e-05
3031	8.29551e-05
3032	7.15279e-05
3033	7.96831e-05
3034	8.60063e-05
3035	7.33394e-05
3036	8.05323e-05
3037	7.22053e-05
3038	7.81233e-05
3039	8.58443e-05
3040	7.35891e-05
3041	7.97965e-05
3042	7.63732e-05
3043	7.6833e-05
3044	8.44329e-05
3045	7.87078e-05
3046	7.93704e-05
3047	7.92414e-05
3048	7.68587e-05
3049	8.40904e-05
3050	8.21359e-05
3051	7.87826e-05
3052	8.07758e-05
3053	7.46929e-05
3054	8.27591e-05
3055	8.30997e-05
3056	8.00215e-05
3057	8.15294e-05
3058	7.24014e-05
3059	8.10524e-05
3060	8.28146e-05
3061	7.94776e-05
3062	8.10872e-05
3063	7.10416e-05
3064	8.0436e-05
3065	8.18243e-05
3066	7.7448e-05
3067	7.93766e-05
3068	7.04068e-05
3069	8.10497e-05
3070	7.74178e-05
3071	7.78126e-05
3072	7.71634e-05
3073	6.77623e-05
3074	8.17686e-05
3075	7.47501e-05
3076	7.74408e-05
3077	7.6166e-05
3078	6.5518e-05
3079	8.08491e-05
3080	7.46342e-05
3081	7.65144e-05
3082	7.58935e-05
3083	6.5948e-05
3084	7.87183e-05
3085	7.44703e-05
3086	7.58501e-05
3087	7.63016e-05
3088	6.9703e-05
3089	7.7083e-05
3090	7.57517e-05
3091	7.61811e-05
3092	7.8834e-05
3093	7.22307e-05
3094	7.49186e-05
3095	7.81195e-05
3096	7.27314e-05
3097	8.26432e-05
3098	7.34313e-05
3099	7.17392e-05
3100	8.22731e-05
3101	7.17374e-05
3102	8.27063e-05
3103	7.60389e-05
3104	6.65406e-05
3105	8.33293e-05
3106	7.11076e-05
3107	8.04766e-05
3108	7.8303e-05
3109	6.45132e-05
3110	8.20783e-05
3111	6.95364e-05
3112	7.70155e-05
3113	7.81728e-05
3114	6.36967e-05
3115	7.98746e-05
3116	6.90215e-05
3117	7.47635e-05
3118	7.77267e-05
3119	6.11838e-05
3120	7.89817e-05
3121	7.13427e-05
3122	7.13435e-05
3123	7.91776e-05
3124	5.89993e-05
3125	7.59728e-05
3126	7.39439e-05
3127	6.80959e-05
3128	8.09806e-05
3129	6.01465e-05
3130	7.30499e-05
3131	7.5692e-05
3132	6.56641e-05
3133	8.22042e-05
3134	6.3131e-05
3135	7.23255e-05
3136	7.64359e-05
3137	6.37789e-05
3138	8.1942e-05
3139	6.52371e-05
3140	7.10717e-05
3141	7.65595e-05
3142	6.45127e-05
3143	7.79536e-05
3144	6.97996e-05
3145	6.99434e-05
3146	7.78403e-05
3147	7.01084e-05
3148	7.55539e-05
3149	7.7242e-05
3150	6.84768e-05
3151	7.893e-05
3152	7.24724e-05
3153	7.4857e-05
3154	8.05942e-05
3155	6.94938e-05
3156	7.8565e-05
3157	7.41325e-05
3158	7.27383e-05
3159	8.28246e-05
3160	7.16353e-05
3161	7.86424e-05
3162	7.43337e-05
3163	7.24351e-05
3164	8.15523e-05
3165	7.27092e-05
3166	7.89259e-05
3167	7.50767e-05
3168	7.52718e-05
3169	7.80876e-05
3170	7.43324e-05
3171	7.82199e-05
3172	7.50386e-05
3173	7.66874e-05
3174	7.6081e-05
3175	7.33164e-05
3176	7.77269e-05
3177	7.33653e-05
3178	7.65528e-05
3179	7.55088e-05
3180	7.28171e-05
3181	7.94058e-05
3182	7.33521e-05
3183	7.49726e-05
3184	7.63962e-05
3185	7.21841e-05
3186	8.00669e-05
3187	7.53822e-05
3188	7.39037e-05
3189	7.8577e-05
3190	6.92205e-05
3191	8.16338e-05
3192	7.60998e-05
3193	7.46418e-05
3194	7.94232e-05
3195	6.97043e-05
3196	8.33596e-05
3197	7.67177e-05
3198	7.66748e-05
3199	8.21469e-05
3200	7.32253e-05
3201	8.45181e-05
3202	8.02952e-05
3203	7.78992e-05
3204	8.27184e-05
3205	7.62799e-05
3206	8.36119e-05
3207	8.36479e-05
3208	7.8295e-05
3209	8.18193e-05
3210	7.88622e-05
3211	8.12468e-05
3212	8.58773e-05
3213	7.65208e-05
3214	8.1989e-05
3215	8.00085e-05
3216	7.44965e-05
3217	8.85535e-05
3218	7.46476e-05
3219	8.09754e-05
3220	8.15782e-05
3221	7.00189e-05
3222	8.92338e-05
3223	7.57816e-05
3224	7.79447e-05
3225	8.37382e-05
3226	6.69351e-05
3227	8.89774e-05
3228	7.91149e-05
3229	7.47487e-05
3230	8.40787e-05
3231	6.7301e-05
3232	8.68951e-05
3233	8.02628e-05
3234	7.38157e-05
3235	8.37215e-05
3236	7.24683e-05
3237	8.60884e-05
3238	8.41576e-05
3239	7.56288e-05
3240	8.52778e-05
3241	7.78279e-05
3242	8.16791e-05
3243	9.03055e-05
3244	7.72561e-05
3245	8.45421e-05
3246	8.15536e-05
3247	7.60673e-05
3248	9.20252e-05
3249	7.71783e-05
3250	8.3236e-05
3251	8.4677e-05
3252	7.13202e-05
3253	9.32214e-05
3254	7.78139e-05
3255	8.09582e-05
3256	8.62813e-05
3257	6.81179e-05
3258	9.25222e-05
3259	7.93942e-05
3260	7.77917e-05
3261	8.66056e-05
3262	6.6867e-05
3263	9.04937e-05
3264	8.23416e-05
3265	7.46796e-05
3266	8.54033e-05
3267	6.7867e-05
3268	8.54313e-05
3269	8.52289e-05
3270	7.22217e-05
3271	8.54645e-05
3272	7.32715e-05
3273	8.10835e-05
3274	9.06045e-05
3275	7.45966e-05
3276	8.51043e-05
3277	8.06426e-05
3278	7.63221e-05
3279	9.30216e-05
3280	7.86543e-05
3281	8.34106e-05
3282	8.63067e-05
3283	7.18113e-05
3284	9.39233e-05
3285	8.07594e-05
3286	8.12184e-05
3287	8.75197e-05
3288	6.94728e-05
3289	9.28521e-05
3290	8.00306e-05
3291	7.92138e-05
3292	8.66467e-05
3293	6.75964e-05
3294	8.94146e-05
3295	8.21794e-05
3296	7.59742e-05
3297	8.68411e-05
3298	6.76754e-05
3299	8.41435e-05
3300	8.70535e-05
3301	7.27249e-05
3302	8.5613e-05
3303	7.0614e-05
3304	8.0204e-05
3305	8.80638e-05
3306	7.22549e-05
3307	8.33017e-05
3308	7.55867e-05
3309	7.74492e-05
3310	9.01283e-05
3311	7.50501e-05
3312	8.22496e-05
3313	8.07207e-05
3314	7.56895e-05
3315	9.23979e-05
3316	7.92806e-05
3317	8.15822e-05
3318	8.4033e-05
3319	7.19556e-05
3320	9.03302e-05
3321	8.33381e-05
3322	7.98524e-05
3323	8.63072e-05
3324	7.07245e-05
3325	8.60364e-05
3326	8.58958e-05
3327	7.72824e-05
3328	8.55026e-05
3329	7.16118e-05
3330	8.2978e-05
3331	8.45471e-05
3332	7.67802e-05
3333	8.3854e-05
3334	7.22205e-05
3335	8.05421e-05
3336	8.37418e-05
3337	7.57871e-05
3338	8.18947e-05
3339	7.0864e-05
3340	7.9854e-05
3341	8.44527e-05
3342	7.32521e-05
3343	7.90388e-05
3344	7.04441e-05
3345	7.72777e-05
3346	8.22949e-05
3347	7.43743e-05
3348	7.61474e-05
3349	7.34923e-05
3350	7.74763e-05
3351	8.00287e-05
3352	7.8366e-05
3353	7.71885e-05
3354	7.59086e-05
3355	7.84408e-05
3356	8.05444e-05
3357	7.94994e-05
3358	7.93158e-05
3359	7.77602e-05
3360	7.65404e-05
3361	8.05371e-05
3362	8.12202e-05
3363	7.97332e-05
3364	7.95547e-05
3365	7.22876e-05
3366	8.01812e-05
3367	8.13092e-05
3368	7.88141e-05
3369	7.8994e-05
3370	7.0535e-05
3371	8.01668e-05
3372	7.84665e-05
3373	7.8888e-05
3374	7.80662e-05
3375	6.98426e-05
3376	8.27627e-05
3377	7.54511e-05
3378	7.97944e-05
3379	7.80977e-05
3380	6.66786e-05
3381	8.29134e-05
3382	7.3092e-05
3383	7.7954e-05
3384	7.7267e-05
3385	6.42933e-05
3386	8.16194e-05
3387	7.19014e-05
3388	7.6409e-05
3389	7.64612e-05
3390	6.25602e-05
3391	7.85583e-05
3392	7.27595e-05
3393	7.52142e-05
3394	7.56121e-05
3395	6.22796e-05
3396	7.58101e-05
3397	7.40788e-05
3398	7.10584e-05
3399	7.87341e-05
3400	6.53352e-05
3401	7.448e-05
3402	7.72952e-05
3403	6.75254e-05
3404	8.23277e-05
3405	6.89209e-05
3406	7.11089e-05
3407	8.04655e-05
3408	6.66435e-05
3409	8.14363e-05
3410	7.32202e-05
3411	6.69162e-05
3412	8.14828e-05
3413	6.75002e-05
3414	7.9682e-05
3415	7.59957e-05
3416	6.44681e-05
3417	7.99775e-05
3418	6.67044e-05
3419	7.59578e-05
3420	7.72258e-05
3421	6.42453e-05
3422	7.86343e-05
3423	6.97607e-05
3424	7.20826e-05
3425	7.95955e-05
3426	6.30186e-05
3427	7.81078e-05
3428	7.34352e-05
3429	7.05361e-05
3430	8.038e-05
3431	6.26055e-05
3432	7.5099e-05
3433	7.36415e-05
3434	6.86966e-05
3435	7.96875e-05
3436	6.27989e-05
3437	7.45718e-05
3438	7.27113e-05
3439	6.73998e-05
3440	7.92405e-05
3441	6.38122e-05
3442	7.48395e-05
3443	7.39274e-05
3444	7.0332e-05
3445	7.84419e-05
3446	6.87802e-05
3447	7.47824e-05
3448	7.67683e-05
3449	7.23564e-05
3450	7.85568e-05
3451	7.29945e-05
3452	7.47323e-05
3453	7.75632e-05
3454	7.22293e-05
3455	7.66497e-05
3456	7.37852e-05
3457	7.55061e-05
3458	7.55408e-05
3459	7.11797e-05
3460	7.34715e-05
3461	7.43687e-05
3462	7.55632e-05
3463	7.48325e-05
3464	7.32423e-05
3465	7.48846e-05
3466	7.52852e-05
3467	7.76093e-05
3468	7.73147e-05
3469	7.71361e-05
3470	7.9168e-05
3471	7.63767e-05
3472	8.05694e-05
3473	7.91278e-05
3474	7.90893e-05
3475	7.98125e-05
3476	7.76204e-05
3477	8.08545e-05
3478	8.02193e-05
3479	7.79594e-05
3480	8.05775e-05
3481	7.84811e-05
3482	7.8604e-05
3483	8.18095e-05
3484	7.57604e-05
3485	7.90568e-05
3486	7.7895e-05
3487	7.50512e-05
3488	8.17885e-05
3489	7.4306e-05
3490	7.66932e-05
3491	7.91876e-05
3492	7.11261e-05
3493	8.40157e-05
3494	7.58615e-05
3495	7.61732e-05
3496	8.06262e-05
3497	6.90344e-05
3498	8.52955e-05
3499	7.74792e-05
3500	7.59618e-05
3501	8.12601e-05
3502	7.05623e-05
3503	8.56467e-05
3504	7.90191e-05
3505	7.64113e-05
3506	8.40106e-05
3507	7.45125e-05
3508	8.51827e-05
3509	8.34758e-05
3510	7.81511e-05
3511	8.32747e-05
3512	7.84319e-05
3513	8.33391e-05
3514	8.53538e-05
3515	7.74926e-05
3516	8.23454e-05
3517	8.06933e-05
3518	7.83181e-05
3519	8.8997e-05
3520	7.55965e-05
3521	8.25757e-05
3522	8.20235e-05
3523	7.23046e-05
3524	9.02483e-05
3525	7.56147e-05
3526	8.04202e-05
3527	8.39424e-05
3528	6.8862e-05
3529	9.0093e-05
3530	7.79541e-05
3531	7.68221e-05
3532	8.41255e-05
3533	6.69579e-05
3534	8.81225e-05
3535	8.01192e-05
3536	7.41446e-05
3537	8.39297e-05
3538	7.01807e-05
3539	8.64713e-05
3540	8.20581e-05
3541	7.49911e-05
3542	8.4886e-05
3543	7.54875e-05
3544	8.37609e-05
3545	8.71678e-05
3546	7.74851e-05
3547	8.47121e-05
3548	8.03408e-05
3549	7.78248e-05
3550	9.15691e-05
3551	7.73247e-05
3552	8.41371e-05
3553	8.3267e-05
3554	7.36374e-05
3555	9.22511e-05
3556	7.66695e-05
3557	8.17169e-05
3558	8.52285e-05
3559	6.87648e-05
3560	9.24554e-05
3561	7.80621e-05
3562	7.80913e-05
3563	8.58737e-05
3564	6.67163e-05
3565	9.10721e-05
3566	8.10708e-05
3567	7.5178e-05
3568	8.50921e-05
3569	6.78969e-05
3570	8.84251e-05
3571	8.26213e-05
3572	7.29314e-05
3573	8.49349e-05
3574	7.24452e-05
3575	8.38948e-05
3576	8.86343e-05
3577	7.51509e-05
3578	8.63863e-05
3579	7.87812e-05
3580	7.8109e-05
3581	9.24322e-05
3582	7.71878e-05
3583	8.419e-05
3584	8.44886e-05
3585	7.25127e-05
3586	9.32586e-05
3587	7.89066e-05
3588	8.18102e-05
3589	8.69669e-05
3590	6.95573e-05
3591	9.36281e-05
3592	7.94685e-05
3593	7.98665e-05
3594	8.76326e-05
3595	6.80958e-05
3596	9.25094e-05
3597	8.08497e-05
3598	7.67396e-05
3599	8.68693e-05
3600	6.71708e-05
3601	8.82974e-05
3602	8.54066e-05
3603	7.30096e-05
3604	8.60021e-05
3605	6.93674e-05
3606	8.20916e-05
3607	8.85994e-05
3608	7.1539e-05
3609	8.51763e-05
3610	7.64101e-05
3611	7.86789e-05
3612	9.18296e-05
3613	7.59181e-05
3614	8.33503e-05
3615	8.30354e-05
3616	7.34793e-05
3617	9.39644e-05
3618	8.03536e-05
3619	8.24798e-05
3620	8.71096e-05
3621	7.06756e-05
3622	9.3913e-05
3623	8.1466e-05
3624	8.02364e-05
3625	8.71991e-05
3626	6.8676e-05
3627	9.0655e-05
3628	8.25917e-05
3629	7.78449e-05
3630	8.70302e-05
3631	6.85488e-05
3632	8.57362e-05
3633	8.4685e-05
3634	7.45212e-05
3635	8.58446e-05
3636	7.00724e-05
3637	8.19098e-05
3638	8.60779e-05
3639	7.30844e-05
3640	8.35428e-05
3641	7.17706e-05
3642	7.78189e-05
3643	8.75951e-05
3644	7.32113e-05
3645	8.19637e-05
3646	7.59834e-05
3647	7.7894e-05
3648	8.95179e-05
3649	7.53148e-05
3650	8.22938e-05
3651	7.9516e-05
3652	7.6271e-05
3653	8.97852e-05
3654	7.96224e-05
3655	8.12777e-05
3656	8.26256e-05
3657	7.54601e-05
3658	8.6741e-05
3659	8.48378e-05
3660	7.90867e-05
3661	8.39864e-05
3662	7.33859e-05
3663	8.47881e-05
3664	8.47351e-05
3665	7.92468e-05
3666	8.36768e-05
3667	7.29022e-05
3668	8.16476e-05
3669	8.35902e-05
3670	7.87462e-05
3671	8.29329e-05
3672	7.20852e-05
3673	8.12411e-05
3674	8.22924e-05
3675	7.65208e-05
3676	8.07733e-05
3677	7.04472e-05
3678	8.06455e-05
3679	7.90148e-05
3680	7.56601e-05
3681	7.72461e-05
3682	6.76386e-05
3683	8.0651e-05
3684	7.60466e-05
3685	7.63467e-05
3686	7.48394e-05
3687	6.58042e-05
3688	7.91933e-05
3689	7.51877e-05
3690	7.51347e-05
3691	7.46893e-05
3692	6.80079e-05
3693	7.84521e-05
3694	7.47961e-05
3695	7.60917e-05
3696	7.76712e-05
3697	7.20709e-05
3698	7.76833e-05
3699	7.57549e-05
3700	7.68016e-05
3701	7.87205e-05
3702	7.4111e-05
3703	7.42083e-05
3704	7.87535e-05
3705	7.43323e-05
3706	8.16619e-05
3707	7.50981e-05
3708	7.1145e-05
3709	8.26994e-05
3710	7.28943e-05
3711	8.2022e-05
3712	7.69634e-05
3713	6.64013e-05
3714	8.35429e-05
3715	7.15521e-05
3716	7.95452e-05
3717	7.80917e-05
3718	6.46877e-05
3719	8.22355e-05
3720	6.9291e-05
3721	7.7067e-05
3722	7.72596e-05
3723	6.36999e-05
3724	7.92844e-05
3725	6.83612e-05
3726	7.51891e-05
3727	7.65617e-05
3728	6.13723e-05
3729	7.78486e-05
3730	7.12359e-05
3731	7.1704e-05
3732	7.87493e-05
3733	5.89363e-05
3734	7.58995e-05
3735	7.39229e-05
3736	6.84237e-05
3737	8.15095e-05
3738	5.9868e-05
3739	7.30663e-05
3740	7.61947e-05
3741	6.51233e-05
3742	8.23838e-05
3743	6.27388e-05
3744	7.13019e-05
3745	7.7102e-05
3746	6.20166e-05
3747	8.16838e-05
3748	6.5333e-05
3749	6.94649e-05
3750	7.71833e-05
3751	6.28994e-05
3752	7.68397e-05
3753	7.1269e-05
3754	6.79452e-05
3755	7.82181e-05
3756	7.13822e-05
3757	7.51613e-05
3758	7.77176e-05
3759	6.5526e-05
3760	7.80627e-05
3761	7.40497e-05
3762	7.33972e-05
3763	8.06098e-05
3764	6.64432e-05
3765	7.691e-05
3766	7.52207e-05
3767	7.10017e-05
3768	8.2614e-05
3769	6.8896e-05
3770	7.73902e-05
3771	7.49844e-05
3772	7.13841e-05
3773	8.23989e-05
3774	6.95252e-05
3775	7.75034e-05
3776	7.5259e-05
3777	7.35524e-05
3778	7.90789e-05
3779	7.17794e-05
3780	7.64686e-05
3781	7.64873e-05
3782	7.48546e-05
3783	7.77039e-05
3784	7.34398e-05
3785	7.55489e-05
3786	7.60192e-05
3787	7.34886e-05
3788	7.56955e-05
3789	7.28351e-05
3790	7.55363e-05
3791	7.50721e-05
3792	7.20274e-05
3793	7.34422e-05
3794	7.35666e-05
3795	7.55872e-05
3796	7.50558e-05
3797	7.28753e-05
3798	7.49594e-05
3799	7.68186e-05
3800	7.64811e-05
3801	7.83388e-05
3802	7.67187e-05
3803	7.96052e-05
3804	7.84717e-05
3805	7.96786e-05
3806	8.01329e-05
3807	7.93968e-05
3808	7.95323e-05
3809	7.94583e-05
3810	8.05531e-05
3811	8.04199e-05
3812	7.95572e-05
3813	8.01187e-05
3814	7.87113e-05
3815	7.91583e-05
3816	8.0795e-05
3817	7.62543e-05
3818	7.92622e-05
3819	7.70677e-05
3820	7.56899e-05
3821	8.06428e-05
3822	7.41551e-05
3823	7.63351e-05
3824	7.64715e-05
3825	7.3231e-05
3826	8.0317e-05
3827	7.49153e-05
3828	7.45667e-05
3829	7.73435e-05
3830	6.98087e-05
3831	8.1438e-05
3832	7.54104e-05
3833	7.48851e-05
3834	7.94374e-05
3835	7.24034e-05
3836	8.28123e-05
3837	7.79031e-05
3838	7.76447e-05
3839	8.3352e-05
3840	7.6104e-05
3841	8.36438e-05
3842	8.19118e-05
3843	7.93804e-05
3844	8.22067e-05
3845	7.9479e-05
3846	8.24457e-05
3847	8.35122e-05
3848	7.89157e-05
3849	8.15024e-05
3850	8.07254e-05
3851	8.02822e-05
3852	8.38993e-05
3853	7.61705e-05
3854	7.9604e-05
3855	8.0006e-05
3856	7.59253e-05
3857	8.45573e-05
3858	7.3935e-05
3859	7.76579e-05
3860	7.99241e-05
3861	7.16975e-05
3862	8.62167e-05
3863	7.66887e-05
3864	7.67835e-05
3865	8.07711e-05
3866	6.99431e-05
3867	8.55361e-05
3868	7.71259e-05
3869	7.59239e-05
3870	8.16647e-05
3871	7.23648e-05
3872	8.48576e-05
3873	8.01193e-05
3874	7.68879e-05
3875	8.36858e-05
3876	7.57698e-05
3877	8.27775e-05
3878	8.32164e-05
3879	7.78928e-05
3880	8.19687e-05
3881	7.90223e-05
3882	8.10032e-05
3883	8.45134e-05
3884	7.70608e-05
3885	8.13529e-05
3886	8.14021e-05
3887	7.8399e-05
3888	8.65373e-05
3889	7.50194e-05
3890	8.06243e-05
3891	8.13128e-05
3892	7.37252e-05
3893	8.87481e-05
3894	7.58052e-05
3895	7.89653e-05
3896	8.156e-05
3897	7.00125e-05
3898	8.79978e-05
3899	7.76059e-05
3900	7.66935e-05
3901	8.16077e-05
3902	6.87994e-05
3903	8.6758e-05
3904	7.82668e-05
3905	7.47899e-05
3906	8.17888e-05
3907	7.19677e-05
3908	8.50781e-05
3909	8.25622e-05
3910	7.70666e-05
3911	8.43242e-05
3912	7.65244e-05
3913	8.27845e-05
3914	8.49613e-05
3915	7.77441e-05
3916	8.22553e-05
3917	8.00172e-05
3918	7.91765e-05
3919	8.7163e-05
3920	7.57894e-05
3921	8.2418e-05
3922	8.17882e-05
3923	7.41493e-05
3924	9.02557e-05
3925	7.48705e-05
3926	8.16005e-05
3927	8.28357e-05
3928	7.04591e-05
3929	9.07844e-05
3930	7.62795e-05
3931	7.8762e-05
3932	8.37869e-05
3933	6.72471e-05
3934	9.04828e-05
3935	7.98061e-05
3936	7.5358e-05
3937	8.4053e-05
3938	6.77263e-05
3939	8.81044e-05
3940	8.14322e-05
3941	7.42616e-05
3942	8.389e-05
3943	7.27019e-05
3944	8.59357e-05
3945	8.55956e-05
3946	7.6912e-05
3947	8.56899e-05
3948	7.86346e-05
3949	8.06772e-05
3950	9.07135e-05
3951	7.76646e-05
3952	8.4739e-05
3953	8.22457e-05
3954	7.52247e-05
3955	9.21747e-05
3956	7.70868e-05
3957	8.31141e-05
3958	8.57511e-05
3959	7.07657e-05
3960	9.3405e-05
3961	7.77661e-05
3962	8.07072e-05
3963	8.6942e-05
3964	6.83764e-05
3965	9.30396e-05
3966	7.94364e-05
3967	7.72585e-05
3968	8.67756e-05
3969	6.71984e-05
3970	9.07703e-05
3971	8.25308e-05
3972	7.41778e-05
3973	8.53848e-05
3974	6.82723e-05
3975	8.52267e-05
3976	8.57038e-05
3977	7.21969e-05
3978	8.56779e-05
3979	7.38375e-05
3980	8.06146e-05
3981	9.16687e-05
3982	7.56325e-05
3983	8.58203e-05
3984	8.16373e-05
3985	7.57201e-05
3986	9.393e-05
3987	7.94492e-05
3988	8.3408e-05
3989	8.68686e-05
3990	7.11275e-05
3991	9.44457e-05
3992	8.12693e-05
3993	8.13528e-05
3994	8.80012e-05
3995	6.9121e-05
3996	9.33388e-05
3997	8.05271e-05
3998	7.90648e-05
3999	8.72091e-05
4000	6.77041e-05
4001	8.95912e-05
4002	8.26656e-05
4003	7.52672e-05
4004	8.70978e-05
4005	6.79044e-05
4006	8.40045e-05
4007	8.74308e-05
4008	7.21986e-05
4009	8.54755e-05
4010	7.16555e-05
4011	7.99508e-05
4012	8.83703e-05
4013	7.23345e-05
4014	8.38288e-05
4015	7.73686e-05
4016	7.74755e-05
4017	9.13072e-05
4018	7.5837e-05
4019	8.23667e-05
4020	8.21079e-05
4021	7.48129e-05
4022	9.29121e-05
4023	8.00159e-05
4024	8.18732e-05
4025	8.49357e-05
4026	7.12207e-05
4027	9.08648e-05
4028	8.38748e-05
4029	7.99969e-05
4030	8.68105e-05
4031	7.02991e-05
4032	8.62565e-05
4033	8.62609e-05
4034	7.73111e-05
4035	8.59011e-05
4036	7.14883e-05
4037	8.34127e-05
4038	8.50345e-05
4039	7.69314e-05
4040	8.42859e-05
4041	7.24664e-05
4042	8.06393e-05
4043	8.48307e-05
4044	7.57684e-05
4045	8.21761e-05
4046	7.15854e-05
4047	7.99508e-05
4048	8.56283e-05
4049	7.31528e-05
4050	7.89202e-05
4051	7.18218e-05
4052	7.73581e-05
4053	8.33529e-05
4054	7.51619e-05
4055	7.8087e-05
4056	7.62028e-05
4057	7.80008e-05
4058	8.21292e-05
4059	7.97243e-05
4060	7.85099e-05
4061	7.81543e-05
4062	7.79344e-05
4063	8.27416e-05
4064	8.13911e-05
4065	7.93544e-05
4066	7.9931e-05
4067	7.48155e-05
4068	8.1088e-05
4069	8.25747e-05
4070	7.97884e-05
4071	8.04748e-05
4072	7.12797e-05
4073	8.01323e-05
4074	8.18447e-05
4075	7.85126e-05
4076	7.90455e-05
4077	7.05923e-05
4078	8.01539e-05
4079	7.94044e-05
4080	7.85947e-05
4081	7.81586e-05
4082	7.00323e-05
4083	8.25137e-05
4084	7.60162e-05
4085	7.96562e-05
4086	7.76989e-05
4087	6.70992e-05
4088	8.2783e-05
4089	7.46179e-05
4090	7.80458e-05
4091	7.73404e-05
4092	6.50975e-05
4093	8.10968e-05
4094	7.42812e-05
4095	7.65227e-05
4096	7.68264e-05
4097	6.5207e-05
4098	7.78923e-05
4099	7.46579e-05
4100	7.52388e-05
4101	7.63553e-05
4102	6.87043e-05
4103	7.62448e-05
4104	7.59214e-05
4105	7.30682e-05
4106	8.07693e-05
4107	7.09194e-05
4108	7.40922e-05
4109	7.99906e-05
4110	7.02917e-05
4111	8.36488e-05
4112	7.26478e-05
4113	6.99009e-05
4114	8.23435e-05
4115	7.0436e-05
4116	8.19038e-05
4117	7.58052e-05
4118	6.45164e-05
4119	8.22919e-05
4120	6.92877e-05
4121	7.87464e-05
4122	7.76636e-05
4123	6.3526e-05
4124	8.00738e-05
4125	6.81498e-05
4126	7.54128e-05
4127	7.77672e-05
4128	6.28924e-05
4129	7.94556e-05
4130	6.96424e-05
4131	7.28871e-05
4132	7.92312e-05
4133	6.08422e-05
4134	7.84361e-05
4135	7.30639e-05
4136	7.08447e-05
4137	8.01057e-05
4138	6.00523e-05
4139	7.48048e-05
4140	7.38888e-05
4141	6.81179e-05
4142	8.01601e-05
4143	6.13971e-05
4144	7.36956e-05
4145	7.43448e-05
4146	6.59267e-05
4147	8.08139e-05
4148	6.30296e-05
4149	7.3572e-05
4150	7.56175e-05
4151	6.54547e-05
4152	8.09612e-05
4153	6.62051e-05
4154	7.2708e-05
4155	7.78453e-05
4156	6.8307e-05
4157	7.85139e-05
4158	7.29876e-05
4159	7.15286e-05
4160	7.8966e-05
4161	6.94247e-05
4162	7.56259e-05
4163	7.83111e-05
4164	7.05388e-05
4165	7.7906e-05
4166	7.22365e-05
4167	7.33649e-05
4168	7.96185e-05
4169	7.10192e-05
4170	7.67934e-05
4171	7.38072e-05
4172	7.19896e-05
4173	8.01025e-05
4174	7.24103e-05
4175	7.70242e-05
4176	7.50248e-05
4177	7.34075e-05
4178	7.75307e-05
4179	7.54867e-05
4180	7.8198e-05
4181	7.66221e-05
4182	7.64752e-05
4183	7.64473e-05
4184	7.63293e-05
4185	7.809e-05
4186	7.51709e-05
4187	7.72652e-05
4188	7.59612e-05
4189	7.44254e-05
4190	7.91288e-05
4191	7.3819e-05
4192	7.61724e-05
4193	7.67556e-05
4194	7.29388e-05
4195	8.03727e-05
4196	7.42973e-05
4197	7.46401e-05
4198	7.86176e-05
4199	7.01416e-05
4200	8.23793e-05
4201	7.60184e-05
4202	7.51092e-05
4203	7.99371e-05
4204	6.85338e-05
4205	8.40438e-05
4206	7.65464e-05
4207	7.54816e-05
4208	8.00301e-05
4209	6.92549e-05
4210	8.4306e-05
4211	7.74926e-05
4212	7.54822e-05
4213	8.2707e-05
4214	7.23081e-05
4215	8.38663e-05
4216	8.20368e-05
4217	7.7033e-05
4218	8.23276e-05
4219	7.61754e-05
4220	8.2987e-05
4221	8.50788e-05
4222	7.72026e-05
4223	8.23176e-05
4224	7.95966e-05
4225	7.75499e-05
4226	8.9379e-05
4227	7.54903e-05
4228	8.30763e-05
4229	8.21294e-05
4230	7.1882e-05
4231	9.06554e-05
4232	7.51012e-05
4233	8.05521e-05
4234	8.43767e-05
4235	6.79254e-05
4236	9.03408e-05
4237	7.75918e-05
4238	7.6128e-05
4239	8.46189e-05
4240	6.64298e-05
4241	8.85665e-05
4242	8.05405e-05
4243	7.36966e-05
4244	8.37646e-05
4245	6.94981e-05
4246	8.70147e-05
4247	8.22308e-05
4248	7.33521e-05
4249	8.38554e-05
4250	7.47181e-05
4251	8.30654e-05
4252	8.95818e-05
4253	7.66322e-05
4254	8.62069e-05
4255	8.05889e-05
4256	7.8093e-05
4257	9.2733e-05
4258	7.77331e-05
4259	8.35816e-05
4260	8.45266e-05
4261	7.27634e-05
4262	9.31858e-05
4263	7.86694e-05
4264	8.18629e-05
4265	8.66595e-05
4266	6.91977e-05
4267	9.30804e-05
4268	7.8931e-05
4269	7.94692e-05
4270	8.71345e-05
4271	6.76652e-05
4272	9.17093e-05
4273	8.07846e-05
4274	7.64429e-05
4275	8.64516e-05
4276	6.71204e-05
4277	8.74797e-05
4278	8.57113e-05
4279	7.3016e-05
4280	8.62654e-05
4281	7.08248e-05
4282	8.25998e-05
4283	8.94939e-05
4284	7.28283e-05
4285	8.52353e-05
4286	7.75705e-05
4287	7.8851e-05
4288	9.24365e-05
4289	7.72574e-05
4290	8.40046e-05
4291	8.40477e-05
4292	7.34925e-05
4293	9.41427e-05
4294	8.07506e-05
4295	8.22187e-05
4296	8.71804e-05
4297	7.07486e-05
4298	9.34111e-05
4299	8.14335e-05
4300	8.01643e-05
4301	8.72197e-05
4302	6.87407e-05
4303	9.00127e-05
4304	8.27122e-05
4305	7.76277e-05
4306	8.70423e-05
4307	6.886e-05
4308	8.51701e-05
4309	8.52104e-05
4310	7.42877e-05
4311	8.56376e-05
4312	7.01644e-05
4313	8.12695e-05
4314	8.669e-05
4315	7.29554e-05
4316	8.30682e-05
4317	7.2186e-05
4318	7.75735e-05
4319	8.71429e-05
4320	7.30975e-05
4321	8.1792e-05
4322	7.70299e-05
4323	7.78381e-05
4324	9.00294e-05
4325	7.58432e-05
4326	8.20893e-05
4327	8.0599e-05
4328	7.54308e-05
4329	8.97843e-05
4330	8.18735e-05
4331	8.03774e-05
4332	8.4184e-05
4333	7.35678e-05
4334	8.66189e-05
4335	8.58724e-05
4336	7.88067e-05
4337	8.50867e-05
4338	7.22393e-05
4339	8.39717e-05
4340	8.50946e-05
4341	7.83074e-05
4342	8.3503e-05
4343	7.24769e-05
4344	8.07517e-05
4345	8.40577e-05
4346	7.79048e-05
4347	8.25225e-05
4348	7.17672e-05
4349	8.11897e-05
4350	8.30169e-05
4351	7.60158e-05
4352	8.04567e-05
4353	7.04977e-05
4354	7.98568e-05
4355	8.06061e-05
4356	7.51541e-05
4357	7.66661e-05
4358	6.90096e-05
4359	7.87817e-05
4360	7.75045e-05
4361	7.56414e-05
4362	7.38253e-05
4363	7.00794e-05
4364	7.81111e-05
4365	7.66671e-05
4366	7.64149e-05
4367	7.67075e-05
4368	7.32435e-05
4369	7.84478e-05
4370	7.71566e-05
4371	7.83218e-05
4372	7.92878e-05
4373	7.59196e-05
4374	7.59768e-05
4375	7.89215e-05
4376	7.95212e-05
4377	7.93103e-05
4378	7.76263e-05
4379	7.15368e-05
4380	8.03797e-05
4381	7.78215e-05
4382	8.06035e-05
4383	7.73193e-05
4384	6.95322e-05
4385	8.27042e-05
4386	7.49907e-05
4387	8.04065e-05
4388	7.78281e-05
4389	6.66237e-05
4390	8.32377e-05
4391	7.26973e-05
4392	7.88593e-05
4393	7.87544e-05
4394	6.50733e-05
4395	8.27812e-05
4396	7.05573e-05
4397	7.71242e-05
4398	7.79904e-05
4399	6.35247e-05
4400	7.98781e-05
4401	7.00378e-05
4402	7.58912e-05
4403	7.66583e-05
4404	6.17987e-05
4405	7.80954e-05
4406	7.30766e-05
4407	7.21478e-05
4408	7.91646e-05
4409	6.031e-05
4410	7.55682e-05
4411	7.61122e-05
4412	6.73651e-05
4413	8.20968e-05
4414	6.07802e-05
4415	7.23156e-05
4416	7.73319e-05
4417	6.35948e-05
4418	8.17135e-05
4419	6.48883e-05
4420	6.95396e-05
4421	7.80732e-05
4422	6.18754e-05
4423	7.97836e-05
4424	7.08679e-05
4425	6.74161e-05
4426	7.85375e-05
4427	6.45739e-05
4428	7.71754e-05
4429	7.48013e-05
4430	6.58104e-05
4431	7.91172e-05
4432	7.05741e-05
4433	7.47476e-05
4434	8.02858e-05
4435	6.46783e-05
4436	7.83359e-05
4437	7.3425e-05
4438	7.10404e-05
4439	8.12257e-05
4440	6.46476e-05
4441	7.55494e-05
4442	7.44424e-05
4443	6.91673e-05
4444	8.15454e-05
4445	6.65269e-05
4446	7.56159e-05
4447	7.38494e-05
4448	6.8856e-05
4449	8.00228e-05
4450	6.7179e-05
4451	7.57686e-05
4452	7.50227e-05
4453	7.20638e-05
4454	7.77054e-05
4455	7.08544e-05
4456	7.4998e-05
4457	7.63438e-05
4458	7.28858e-05
4459	7.66858e-05
4460	7.22342e-05
4461	7.43889e-05
4462	7.51062e-05
4463	7.20495e-05
4464	7.45355e-05
4465	7.18059e-05
4466	7.47824e-05
4467	7.44834e-05
4468	7.12054e-05
4469	7.32658e-05
4470	7.16218e-05
4471	7.51774e-05
4472	7.4438e-05
4473	7.34156e-05
4474	7.52223e-05
4475	7.32875e-05
4476	7.89254e-05
4477	7.69548e-05
4478	7.75464e-05
4479	8.05562e-05
4480	7.60114e-05
4481	8.22882e-05
4482	7.97531e-05
4483	7.94022e-05
4484	8.05781e-05
4485	7.80877e-05
4486	8.29146e-05
4487	8.12176e-05
4488	7.82605e-05
4489	8.09045e-05
4490	7.85403e-05
4491	7.98261e-05
4492	8.28097e-05
4493	7.55195e-05
4494	7.99713e-05
4495	7.7661e-05
4496	7.54116e-05
4497	8.29078e-05
4498	7.38166e-05
4499	7.79366e-05
4500	7.95496e-05
4501	7.12497e-05
4502	8.52468e-05
4503	7.55418e-05
4504	7.66809e-05
4505	8.12638e-05
4506	6.87376e-05
4507	8.57009e-05
4508	7.74116e-05
4509	7.54551e-05
4510	8.18341e-05
4511	6.98054e-05
4512	8.53973e-05
4513	7.87272e-05
4514	7.56247e-05
4515	8.42534e-05
4516	7.42224e-05
4517	8.51361e-05
4518	8.32912e-05
4519	7.81388e-05
4520	8.36775e-05
4521	7.92976e-05
4522	8.34054e-05
4523	8.56659e-05
4524	7.8044e-05
4525	8.25305e-05
4526	8.16082e-05
4527	7.90511e-05
4528	8.92001e-05
4529	7.61103e-05
4530	8.24717e-05
4531	8.18058e-05
4532	7.27591e-05
4533	9.03657e-05
4534	7.58726e-05
4535	8.04425e-05
4536	8.32042e-05
4537	6.91692e-05
4538	9.01941e-05
4539	7.79543e-05
4540	7.73177e-05
4541	8.39398e-05
4542	6.71837e-05
4543	8.85759e-05
4544	8.00881e-05
4545	7.44579e-05
4546	8.41584e-05
4547	7.04609e-05
4548	8.65847e-05
4549	8.2398e-05
4550	7.55007e-05
4551	8.53174e-05
4552	7.61272e-05
4553	8.43109e-05
4554	8.64911e-05
4555	7.75398e-05
4556	8.4392e-05
4557	8.06923e-05
4558	7.82024e-05
4559	9.06646e-05
4560	7.67605e-05
4561	8.38607e-05
4562	8.29798e-05
4563	7.37144e-05
4564	9.18874e-05
4565	7.61756e-05
4566	8.19726e-05
4567	8.51111e-05
4568	6.94724e-05
4569	9.26458e-05
4570	7.82523e-05
4571	7.87401e-05
4572	8.58658e-05
4573	6.74525e-05
4574	9.15381e-05
4575	8.15495e-05
4576	7.52928e-05
4577	8.52551e-05
4578	6.81182e-05
4579	8.84262e-05
4580	8.20279e-05
4581	7.34889e-05
4582	8.41485e-05
4583	7.2404e-05
4584	8.42057e-05
4585	8.74498e-05
4586	7.5985e-05
4587	8.61855e-05
4588	7.90177e-05
4589	7.81416e-05
4590	9.24915e-05
4591	7.72659e-05
4592	8.44046e-05
4593	8.39625e-05
4594	7.35257e-05
4595	9.27114e-05
4596	7.81774e-05
4597	8.21825e-05
4598	8.69931e-05
4599	6.94645e-05
4600	9.34327e-05
4601	7.86754e-05
4602	7.95501e-05
4603	8.74468e-05
4604	6.80953e-05
4605	9.24844e-05
4606	8.02307e-05
4607	7.62662e-05
4608	8.61177e-05
4609	6.71536e-05
4610	8.91224e-05
4611	8.40081e-05
4612	7.29668e-05
4613	8.53112e-05
4614	7.02608e-05
4615	8.37688e-05
4616	8.88761e-05
4617	7.26797e-05
4618	8.59501e-05
4619	7.6492e-05
4620	7.99191e-05
4621	9.25593e-05
4622	7.71354e-05
4623	8.53569e-05
4624	8.4203e-05
4625	7.43903e-05
4626	9.49032e-05
4627	8.04441e-05
4628	8.27646e-05
4629	8.76744e-05
4630	7.07016e-05
4631	9.45219e-05
4632	8.13353e-05
4633	8.07351e-05
4634	8.77497e-05
4635	6.87343e-05
4636	9.28387e-05
4637	8.11357e-05
4638	7.84118e-05
4639	8.73044e-05
4640	6.79757e-05
4641	8.7849e-05
4642	8.43681e-05
4643	7.44427e-05
4644	8.69284e-05
4645	6.90728e-05
4646	8.27157e-05
4647	8.73153e-05
4648	7.22188e-05
4649	8.43622e-05
4650	7.25589e-05
4651	7.84149e-05
4652	8.8012e-05
4653	7.2432e-05
4654	8.27249e-05
4655	7.77004e-05
4656	7.70181e-05
4657	9.11155e-05
4658	7.6154e-05
4659	8.2449e-05
4660	8.18025e-05
4661	7.50377e-05
4662	9.25805e-05
4663	8.07301e-05
4664	8.18433e-05
4665	8.49566e-05
4666	7.2259e-05
4667	8.92536e-05
4668	8.5404e-05
4669	7.95023e-05
4670	8.67596e-05
4671	7.20247e-05
4672	8.61418e-05
4673	8.62239e-05
4674	7.81265e-05
4675	8.52702e-05
4676	7.28383e-05
4677	8.21462e-05
4678	8.41821e-05
4679	7.78242e-05
4680	8.35126e-05
4681	7.24797e-05
4682	8.15556e-05
4683	8.32859e-05
4684	7.60653e-05
4685	8.18224e-05
4686	7.09347e-05
4687	8.05541e-05
4688	8.27597e-05
4689	7.47269e-05
4690	7.87784e-05
4691	6.97783e-05
4692	7.88673e-05
4693	7.95669e-05
4694	7.58008e-05
4695	7.50975e-05
4696	7.08553e-05
4697	7.81941e-05
4698	7.77642e-05
4699	7.68713e-05
4700	7.64478e-05
4701	7.3255e-05
4702	7.82269e-05
4703	7.72486e-05
4704	7.75109e-05
4705	7.8995e-05
4706	7.54193e-05
4707	7.64641e-05
4708	7.89478e-05
4709	7.8459e-05
4710	8.00155e-05
4711	7.80492e-05
4712	7.27939e-05
4713	8.0605e-05
4714	7.88845e-05
4715	8.01039e-05
4716	7.82428e-05
4717	7.04428e-05
4718	8.23566e-05
4719	7.61207e-05
4720	8.06493e-05
4721	7.79105e-05
4722	6.8312e-05
4723	8.30944e-05
4724	7.38337e-05
4725	8.00152e-05
4726	7.80934e-05
4727	6.55946e-05
4728	8.28475e-05
4729	7.14265e-05
4730	7.79656e-05
4731	7.79191e-05
4732	6.41186e-05
4733	8.08831e-05
4734	7.08697e-05
4735	7.68981e-05
4736	7.66272e-05
4737	6.24919e-05
4738	7.89107e-05
4739	7.29968e-05
4740	7.40235e-05
4741	7.86486e-05
4742	6.12558e-05
4743	7.63725e-05
4744	7.5972e-05
4745	6.85739e-05
4746	8.17348e-05
4747	6.10727e-05
4748	7.26839e-05
4749	7.73049e-05
4750	6.44471e-05
4751	8.10837e-05
4752	6.43997e-05
4753	6.8718e-05
4754	7.80808e-05
4755	6.24497e-05
4756	7.95014e-05
4757	7.0053e-05
4758	6.62239e-05
4759	7.83519e-05
4760	6.39189e-05
4761	7.7609e-05
4762	7.38288e-05
4763	6.47931e-05
4764	7.84483e-05
4765	6.85031e-05
4766	7.57515e-05
4767	7.87732e-05
4768	6.4688e-05
4769	7.88465e-05
4770	7.36348e-05
4771	7.20918e-05
4772	8.12293e-05
4773	6.40568e-05
4774	7.63515e-05
4775	7.45758e-05
4776	7.01132e-05
4777	8.13535e-05
4778	6.49445e-05
4779	7.52527e-05
4780	7.38724e-05
4781	6.85387e-05
4782	8.07785e-05
4783	6.55879e-05
4784	7.52374e-05
4785	7.42243e-05
4786	6.96908e-05
4787	7.8922e-05
4788	6.79115e-05
4789	7.46892e-05
4790	7.6425e-05
4791	7.30226e-05
4792	7.83483e-05
4793	7.23604e-05
4794	7.44163e-05
4795	7.76422e-05
4796	7.24461e-05
4797	7.68937e-05
4798	7.35274e-05
4799	7.43248e-05
4800	7.57941e-05
4801	7.17361e-05
4802	7.36138e-05
4803	7.4163e-05
4804	7.44587e-05
4805	7.46003e-05
4806	7.29542e-05
4807	7.40516e-05
4808	7.7093e-05
4809	7.54054e-05
4810	7.75836e-05
4811	7.64718e-05
4812	7.82078e-05
4813	7.78043e-05
4814	7.95192e-05
4815	7.96533e-05
4816	7.93198e-05
4817	7.93986e-05
4818	7.9203e-05
4819	8.06793e-05
4820	8.029e-05
4821	7.91473e-05
4822	7.99839e-05
4823	7.80396e-05
4824	7.87044e-05
4825	8.04508e-05
4826	7.58944e-05
4827	7.89528e-05
4828	7.67572e-05
4829	7.52658e-05
4830	8.03462e-05
4831	7.4118e-05
4832	7.62492e-05
4833	7.69352e-05
4834	7.33735e-05
4835	8.04926e-05
4836	7.49939e-05
4837	7.47155e-05
4838	7.83752e-05
4839	7.00244e-05
4840	8.21384e-05
4841	7.5802e-05
4842	7.52868e-05
4843	7.95147e-05
4844	7.26147e-05
4845	8.29129e-05
4846	7.76129e-05
4847	7.74317e-05
4848	8.30067e-05
4849	7.53856e-05
4850	8.37395e-05
4851	8.11879e-05
4852	7.86731e-05
4853	8.20049e-05
4854	7.85818e-05
4855	8.22852e-05
4856	8.30376e-05
4857	7.83586e-05
4858	8.15078e-05
4859	8.00307e-05
4860	8.04723e-05
4861	8.43534e-05
4862	7.59258e-05
4863	8.04312e-05
4864	7.99964e-05
4865	7.58508e-05
4866	8.61394e-05
4867	7.44357e-05
4868	7.87897e-05
4869	8.05771e-05
4870	7.13594e-05
4871	8.71543e-05
4872	7.66713e-05
4873	7.72823e-05
4874	8.12684e-05
4875	6.89385e-05
4876	8.61938e-05
4877	7.73556e-05
4878	7.5406e-05
4879	8.18413e-05
4880	7.08746e-05
4881	8.53706e-05
4882	7.98905e-05
4883	7.58269e-05
4884	8.41634e-05
4885	7.5019e-05
4886	8.44078e-05
4887	8.38652e-05
4888	7.8133e-05
4889	8.31387e-05
4890	7.95974e-05
4891	8.22465e-05
4892	8.53978e-05
4893	7.70685e-05
4894	8.197e-05
4895	8.14999e-05
4896	7.8032e-05
4897	8.82907e-05
4898	7.50476e-05
4899	8.16655e-05
4900	8.14732e-05
4901	7.23349e-05
4902	8.97088e-05
4903	7.54811e-05
4904	7.99057e-05
4905	8.26863e-05
4906	6.93152e-05
4907	9.00245e-05
4908	7.79063e-05
4909	7.72926e-05
4910	8.33476e-05
4911	6.71841e-05
4912	8.83173e-05
4913	7.98834e-05
4914	7.42173e-05
4915	8.36151e-05
4916	7.03145e-05
4917	8.63074e-05
4918	8.27095e-05
4919	7.56395e-05
4920	8.49957e-05
4921	7.56525e-05
4922	8.45108e-05
4923	8.65471e-05
4924	7.78267e-05
4925	8.45482e-05
4926	8.0643e-05
4927	7.86314e-05
4928	9.0949e-05
4929	7.69141e-05
4930	8.40471e-05
4931	8.30934e-05
4932	7.42804e-05
4933	9.21921e-05
4934	7.62324e-05
4935	8.25079e-05
4936	8.52601e-05
4937	6.95384e-05
4938	9.3198e-05
4939	7.78171e-05
4940	7.94596e-05
4941	8.63222e-05
4942	6.77339e-05
4943	9.19625e-05
4944	8.04541e-05
4945	7.58451e-05
4946	8.57514e-05
4947	6.70058e-05
4948	8.87788e-05
4949	8.25288e-05
4950	7.29309e-05
4951	8.48634e-05
4952	7.03802e-05
4953	8.42185e-05
4954	8.72852e-05
4955	7.37192e-05
4956	8.54969e-05
4957	7.65786e-05
4958	7.97463e-05
4959	9.23073e-05
4960	7.73286e-05
4961	8.57736e-05
4962	8.39724e-05
4963	7.484e-05
4964	9.42133e-05
4965	7.99566e-05
4966	8.24955e-05
4967	8.72028e-05
4968	7.07149e-05
4969	9.39608e-05
4970	8.05945e-05
4971	8.0936e-05
4972	8.77313e-05
4973	6.88329e-05
4974	9.29993e-05
4975	8.01061e-05
4976	7.8142e-05
4977	8.70871e-05
4978	6.78989e-05
4979	8.85326e-05
4980	8.39684e-05
4981	7.4016e-05
4982	8.69744e-05
4983	6.86288e-05
4984	8.32119e-05
4985	8.80933e-05
4986	7.18188e-05
4987	8.50477e-05
4988	7.37377e-05
4989	7.95013e-05
4990	8.96717e-05
4991	7.30945e-05
4992	8.36336e-05
4993	7.88819e-05
4994	7.66088e-05
4995	9.2087e-05
4996	7.75179e-05
4997	8.17408e-05
4998	8.32785e-05
4999	7.33605e-05
5000	9.30314e-05
