1	3
2	6
3	7
4	9
5	11
6	13
7	14
8	16
9	18
10	20
11	21
12	23
13	25
14	26
15	28
16	30
17	31
18	33
19	35
20	36
21	38
22	40
23	41
24	43
25	45
26	47
27	49
28	51
29	53
30	55
31	57
32	59
33	61
34	63
35	65
36	67
37	69
38	70
39	72
40	74
41	76
42	77
43	79
44	81
45	83
46	85
47	86
48	88
49	90
50	93
51	95
52	97
53	99
54	101
55	102
56	105
57	106
58	108
59	110
60	112
61	113
62	115
63	117
64	119
65	121
66	122
67	124
68	126
69	128
70	130
71	132
72	134
73	136
74	137
75	139
76	141
77	143
78	144
79	146
80	148
81	150
82	152
83	153
84	155
85	157
86	159
87	161
88	162
89	164
90	166
91	168
92	169
93	171
94	173
95	175
96	177
97	179
98	181
99	183
100	185
101	187
102	189
103	191
104	193
105	195
106	196
107	198
108	200
109	202
110	203
111	205
112	207
113	209
114	210
115	212
116	214
117	216
118	217
119	219
120	221
121	223
122	224
123	226
124	228
125	230
126	231
127	233
128	235
129	237
130	239
131	240
132	242
133	244
134	246
135	248
136	249
137	251
138	253
139	255
140	256
141	258
142	260
143	262
144	264
145	265
146	267
147	269
148	271
149	272
150	274
151	276
152	278
153	279
154	281
155	283
156	285
157	287
158	288
159	290
160	292
161	294
162	296
163	298
164	299
165	301
166	303
167	305
168	306
169	308
170	310
171	312
172	313
173	315
174	317
175	319
176	321
177	322
178	324
179	326
180	328
181	329
182	331
183	333
184	335
185	336
186	338
187	340
188	342
189	343
190	345
191	347
192	349
193	350
194	352
195	354
196	356
197	357
198	359
199	361
200	363
201	364
202	366
203	368
204	370
205	371
206	373
207	375
208	377
209	379
210	380
211	382
212	384
213	386
214	387
215	389
216	391
217	392
218	394
219	396
220	398
221	399
222	401
223	403
224	404
225	406
226	408
227	410
228	411
229	413
230	415
231	417
232	418
233	420
234	422
235	424
236	425
237	427
238	429
239	430
240	432
241	434
242	435
243	437
244	439
245	440
246	442
247	444
248	446
249	447
250	449
251	451
252	452
253	454
254	456
255	457
256	459
257	461
258	462
259	464
260	466
261	467
262	469
263	471
264	473
265	474
266	476
267	478
268	479
269	481
270	483
271	484
272	486
273	488
274	489
275	491
276	493
277	494
278	496
279	498
280	500
281	501
282	503
283	505
284	506
285	508
286	510
287	511
288	513
289	515
290	516
291	518
292	520
293	522
294	523
295	525
296	527
297	528
298	530
299	532
300	533
301	535
302	537
303	538
304	540
305	542
306	544
307	545
308	547
309	549
310	551
311	552
312	554
313	556
314	558
315	560
316	561
317	563
318	565
319	567
320	568
321	570
322	572
323	574
324	576
325	577
326	579
327	581
328	583
329	584
330	586
331	588
332	589
333	591
334	593
335	595
336	596
337	598
338	600
339	601
340	603
341	605
342	606
343	608
344	610
345	612
346	614
347	615
348	617
349	619
350	621
351	623
352	624
353	626
354	628
355	630
356	632
357	633
358	635
359	637
360	639
361	640
362	642
363	644
364	646
365	648
366	650
367	652
368	653
369	655
370	657
371	659
372	661
373	662
374	664
375	666
376	668
377	669
378	671
379	673
380	675
381	677
382	678
383	680
384	682
385	684
386	686
387	687
388	689
389	691
390	693
391	694
392	696
393	698
394	699
395	701
396	703
397	705
398	706
399	708
400	710
401	711
402	713
403	715
404	716
405	718
406	720
407	722
408	723
409	725
410	727
411	729
412	730
413	732
414	734
415	735
416	737
417	739
418	741
419	742
420	744
421	746
422	747
423	749
424	751
425	752
426	754
427	756
428	757
429	759
430	761
431	763
432	764
433	766
434	768
435	769
436	771
437	773
438	775
439	777
440	778
441	780
442	782
443	783
444	785
445	787
446	788
447	790
448	792
449	794
450	795
451	797
452	799
453	801
454	802
455	804
456	806
457	807
458	809
459	811
460	813
461	814
462	816
463	818
464	820
465	821
466	823
467	825
468	826
469	828
470	830
471	832
472	833
473	835
474	837
475	839
476	840
477	842
478	844
479	845
480	847
481	849
482	851
483	852
484	854
485	856
486	858
487	859
488	861
489	863
490	864
491	866
492	868
493	869
494	871
495	873
496	874
497	876
498	878
499	880
500	881
501	883
502	885
503	886
504	888
505	890
506	891
507	893
508	895
509	897
510	898
511	900
512	902
513	904
514	905
515	907
516	909
517	911
518	913
519	915
520	916
521	918
522	920
523	922
524	924
525	926
526	928
527	930
528	931
529	933
530	935
531	937
532	938
533	940
534	942
535	943
536	945
537	947
538	948
539	950
540	952
541	953
542	955
543	957
544	958
545	960
546	962
547	963
548	965
549	967
550	968
551	970
552	972
553	973
554	975
555	977
556	979
557	980
558	982
559	984
560	985
561	987
562	989
563	991
564	992
565	994
566	996
567	998
568	999
569	1001
570	1003
571	1004
572	1006
573	1008
574	1010
575	1011
576	1013
577	1015
578	1017
579	1018
580	1020
581	1022
582	1023
583	1025
584	1027
585	1029
586	1030
587	1032
588	1034
589	1036
590	1037
591	1039
592	1041
593	1043
594	1044
595	1046
596	1048
597	1049
598	1051
599	1053
600	1055
601	1056
602	1058
603	1060
604	1061
605	1063
606	1065
607	1067
608	1068
609	1070
610	1072
611	1074
612	1076
613	1077
614	1079
615	1081
616	1083
617	1085
618	1086
619	1088
620	1090
621	1092
622	1093
623	1095
624	1097
625	1099
626	1100
627	1102
628	1104
629	1105
630	1107
631	1109
632	1110
633	1112
634	1114
635	1115
636	1117
637	1119
638	1121
639	1123
640	1125
641	1127
642	1129
643	1131
644	1133
645	1135
646	1137
647	1139
648	1141
649	1143
650	1145
651	1146
652	1148
653	1150
654	1152
655	1154
656	1156
657	1157
658	1159
659	1161
660	1163
661	1164
662	1166
663	1168
664	1170
665	1171
666	1173
667	1175
668	1177
669	1179
670	1181
671	1183
672	1185
673	1186
674	1188
675	1190
676	1192
677	1194
678	1196
679	1197
680	1199
681	1201
682	1202
683	1204
684	1206
685	1208
686	1209
687	1211
688	1213
689	1214
690	1216
691	1218
692	1220
693	1222
694	1223
695	1225
696	1227
697	1228
698	1230
699	1232
700	1233
701	1235
702	1237
703	1239
704	1240
705	1242
706	1244
707	1246
708	1247
709	1249
710	1251
711	1252
712	1254
713	1256
714	1257
715	1259
716	1261
717	1262
718	1264
719	1266
720	1267
721	1269
722	1271
723	1272
724	1274
725	1276
726	1278
727	1279
728	1281
729	1283
730	1285
731	1286
732	1288
733	1290
734	1291
735	1293
736	1295
737	1296
738	1298
739	1300
740	1302
741	1303
742	1305
743	1307
744	1308
745	1310
746	1312
747	1314
748	1315
749	1317
750	1319
751	1321
752	1322
753	1324
754	1326
755	1328
756	1330
757	1332
758	1333
759	1335
760	1337
761	1339
762	1340
763	1342
764	1344
765	1345
766	1347
767	1349
768	1351
769	1352
770	1354
771	1356
772	1358
773	1360
774	1361
775	1363
776	1365
777	1367
778	1368
779	1370
780	1372
781	1374
782	1375
783	1377
784	1379
785	1380
786	1382
787	1384
788	1386
789	1387
790	1389
791	1391
792	1393
793	1394
794	1396
795	1398
796	1400
797	1401
798	1403
799	1405
800	1407
801	1409
802	1410
803	1412
804	1414
805	1416
806	1417
807	1419
808	1421
809	1422
810	1424
811	1426
812	1428
813	1429
814	1431
815	1433
816	1435
817	1436
818	1438
819	1440
820	1441
821	1443
822	1445
823	1447
824	1449
825	1450
826	1452
827	1454
828	1456
829	1457
830	1459
831	1461
832	1462
833	1464
834	1466
835	1468
836	1469
837	1471
838	1473
839	1474
840	1476
841	1478
842	1479
843	1481
844	1483
845	1485
846	1486
847	1488
848	1490
849	1491
850	1493
851	1495
852	1496
853	1498
854	1500
855	1501
856	1503
857	1504
858	1506
859	1508
860	1509
861	1511
862	1513
863	1514
864	1516
865	1517
866	1519
867	1520
868	1522
869	1524
870	1525
871	1527
872	1528
873	1530
874	1531
875	1533
876	1535
877	1536
878	1538
879	1539
880	1541
881	1543
882	1544
883	1546
884	1548
885	1549
886	1551
887	1553
888	1554
889	1556
890	1557
891	1559
892	1561
893	1562
894	1564
895	1565
896	1567
897	1569
898	1570
899	1572
900	1573
901	1575
902	1577
903	1578
904	1580
905	1581
906	1583
907	1585
908	1586
909	1588
910	1590
911	1591
912	1593
913	1595
914	1596
915	1598
916	1600
917	1602
918	1604
919	1605
920	1607
921	1609
922	1610
923	1612
924	1613
925	1615
926	1616
927	1618
928	1620
929	1621
930	1623
931	1624
932	1626
933	1628
934	1629
935	1631
936	1632
937	1634
938	1635
939	1637
940	1639
941	1640
942	1642
943	1643
944	1645
945	1647
946	1648
947	1650
948	1651
