1	-0.00048124
2	-0.00245217
3	0.00679083
4	0.00747745
5	0.00792
6	0.00858145
7	0.00618247
8	0.00606231
9	0.0054879
10	0.0054348
11	0.00547328
12	0.00555045
13	0.00559898
14	0.00535727
15	0.00507067
16	0.0047666
17	0.00462315
18	0.00445891
19	0.00420711
20	0.00385616
21	0.00348305
22	0.00311358
23	0.00276442
24	0.00246125
25	0.00222162
26	0.00206424
27	0.00199584
28	0.00199537
29	0.0020346
30	0.00210608
31	0.00220763
32	0.00232769
33	0.00245473
34	0.00257944
35	0.00268933
36	0.00278098
37	0.00284836
38	0.00289083
39	0.00291603
40	0.00293044
41	0.00293864
42	0.00294124
43	0.0029391
