1	-0.00048124
2	-0.00197093
3	0.009243
4	0.000686621
5	0.000442544
6	0.000661457
7	-0.00239899
8	-0.000120162
9	-0.000574405
10	-5.31036e-05
11	3.84809e-05
12	7.71756e-05
13	4.85283e-05
14	-0.000241715
15	-0.000286592
16	-0.000304078
17	-0.000143446
18	-0.000164241
19	-0.000251801
20	-0.000350946
21	-0.000373111
22	-0.000369468
23	-0.000349157
24	-0.00030317
25	-0.000239634
26	-0.000157378
27	-6.84073e-05
28	-4.60943e-07
29	3.92231e-05
30	7.14795e-05
31	0.000101549
32	0.000120067
33	0.000127036
34	0.000124709
35	0.000109891
36	9.16492e-05
37	6.7384e-05
38	4.24721e-05
39	2.52007e-05
40	1.44047e-05
41	8.19718e-06
42	2.60013e-06
43	-2.14087e-06
