1	0.0158783
2	0.0896136
3	0.0559436
4	0.067098
5	0.054868
6	0.0524671
7	0.0315325
8	0.0150807
9	0.0102252
10	0.0111522
11	0.00872645
12	0.00562923
13	0.00527122
14	0.00193185
15	0.00449975
16	0.00411505
17	0.00275425
18	0.00142513
19	0.00243392
20	0.0011363
21	0.000893024
22	0.00247404
23	0.00237874
24	0.00235139
25	0.00226023
26	0.0020816
27	0.00190303
28	0.00175397
29	0.00169716
30	0.00166309
31	0.0016485
32	0.00161351
33	0.00158566
34	0.00153823
35	0.00145128
36	0.00133721
37	0.00122503
38	0.0011493
39	0.00113052
40	0.00118901
41	0.00125659
42	0.0012615
43	0.00128593
44	0.00125039
45	0.00121037
46	0.00116228
47	0.0010966
48	0.000999853
49	0.000881611
50	0.000861928
51	0.000875923
52	0.000877964
53	0.00088477
54	0.000861833
55	0.000857589
56	0.000868917
57	0.000865909
58	0.000842298
59	0.000816477
60	0.000782539
61	0.00074485
62	0.000710445
63	0.000694052
64	0.000693953
65	0.00071585
66	0.000742482
67	0.000743706
68	0.000734316
69	0.000712891
70	0.000685852
71	0.000675383
72	0.000678954
73	0.000684108
74	0.000686399
75	0.000676348
76	0.000651128
77	0.000653062
78	0.000655256
79	0.000232276
80	0.000645843
81	0.000251138
82	0.000247878
83	0.000241342
84	0.000234877
85	0.00022447
86	0.000209635
87	0.000583682
88	0.000192173
89	0.000565706
90	0.000168574
91	0.000522301
92	0.000523209
93	0.000510336
94	0.000497375
95	0.000471647
96	0.000446791
97	0.000426888
98	0.000407245
99	0.000389291
100	0.00037364
101	0.000359068
102	0.000344508
103	0.00032825
104	0.00031133
105	0.000295467
106	0.000282382
107	0.000272907
108	0.000267829
109	0.000259958
110	0.000249075
111	0.00024159
112	0.000238994
113	0.000241155
114	0.000243655
115	0.000242797
116	0.000240427
117	0.000239186
118	0.000237012
119	0.000240892
120	0.000248086
121	0.000255503
122	0.000260464
123	0.000262051
124	0.000259148
125	0.000256683
126	0.000261581
127	0.000261964
128	0.000261362
129	0.000251022
130	0.000242571
131	0.000237726
132	0.000233949
133	0.000225578
134	0.000215948
135	0.000207975
136	0.000201444
137	0.000195223
138	0.000189794
139	0.000182558
140	0.000174844
141	0.000167476
142	0.000161781
143	0.000156698
144	0.000151587
145	0.000145468
146	0.000139738
147	0.000134296
148	0.000129115
149	0.000124593
150	0.000120761
151	0.000117795
152	0.000115138
153	0.00011292
154	0.000110132
155	0.000107483
156	0.000105382
157	0.000103371
158	0.000101843
159	0.00010041
160	9.91088e-05
161	9.73073e-05
162	9.54582e-05
163	9.38023e-05
164	9.1991e-05
165	9.01797e-05
166	8.8389e-05
167	8.66652e-05
168	8.49475e-05
169	8.34429e-05
170	8.23908e-05
171	8.16511e-05
172	8.10342e-05
173	8.03744e-05
174	7.94505e-05
175	7.85122e-05
176	7.79815e-05
177	7.75445e-05
178	7.69716e-05
179	7.59847e-05
180	7.48108e-05
181	7.33027e-05
182	7.1313e-05
183	6.88927e-05
184	6.64111e-05
185	6.39867e-05
186	6.13841e-05
187	5.85352e-05
188	5.57851e-05
189	5.33109e-05
190	5.08287e-05
191	4.84823e-05
192	4.63168e-05
193	4.43204e-05
194	4.23847e-05
195	4.043e-05
196	3.84519e-05
197	3.66766e-05
198	3.52581e-05
199	3.4169e-05
200	3.33716e-05
201	3.2881e-05
202	3.24907e-05
203	3.21796e-05
204	3.185e-05
205	3.1543e-05
206	3.12894e-05
207	3.10387e-05
208	3.07832e-05
209	3.05563e-05
210	3.03649e-05
211	3.02208e-05
212	3.00475e-05
213	2.97213e-05
214	2.93494e-05
215	2.89422e-05
216	2.85703e-05
217	2.83707e-05
218	2.83707e-05
219	2.844e-05
220	2.85994e-05
221	2.87574e-05
222	2.88761e-05
223	2.89454e-05
224	2.90567e-05
225	2.91652e-05
226	2.93483e-05
227	2.94673e-05
228	2.94909e-05
229	2.94661e-05
230	2.93713e-05
231	2.9204e-05
232	2.91177e-05
233	2.89738e-05
234	2.88799e-05
235	2.8831e-05
236	2.87593e-05
237	2.8683e-05
238	2.86651e-05
239	2.86396e-05
240	2.86493e-05
241	2.87035e-05
242	2.87616e-05
243	2.87337e-05
244	2.85981e-05
245	2.84012e-05
246	2.81607e-05
247	2.78878e-05
248	2.76036e-05
249	2.73324e-05
250	2.70838e-05
251	2.68609e-05
252	2.66804e-05
253	2.65656e-05
254	2.64961e-05
255	2.63817e-05
256	2.62784e-05
257	2.61574e-05
258	2.60442e-05
259	2.59313e-05
260	2.58285e-05
261	2.57551e-05
262	2.56973e-05
263	2.55983e-05
264	2.55069e-05
265	2.54224e-05
266	2.53183e-05
267	2.52537e-05
268	2.51927e-05
269	2.51118e-05
270	2.50698e-05
271	2.50364e-05
272	2.497e-05
273	2.48968e-05
274	2.4783e-05
275	2.46777e-05
276	2.45171e-05
277	2.43236e-05
278	2.40635e-05
279	2.3846e-05
280	2.36193e-05
281	2.34177e-05
282	2.30575e-05
283	2.26481e-05
284	2.21731e-05
285	2.18055e-05
286	2.1324e-05
287	2.09498e-05
288	2.06723e-05
289	2.04783e-05
290	2.0324e-05
291	2.02251e-05
292	2.01761e-05
293	2.02231e-05
294	2.03082e-05
295	2.03986e-05
296	2.06632e-05
297	2.04579e-05
298	2.0648e-05
299	2.08319e-05
300	2.10246e-05
301	2.12132e-05
302	2.1461e-05
303	2.18555e-05
304	2.22864e-05
305	2.27371e-05
306	9.38695e-06
307	2.1143e-05
308	9.41133e-06
309	9.0315e-06
310	8.9161e-06
311	8.99526e-06
312	9.05121e-06
313	8.991e-06
314	8.88124e-06
315	8.79485e-06
316	8.74179e-06
317	8.65687e-06
318	8.56232e-06
319	8.44417e-06
320	8.32892e-06
321	8.1918e-06
322	8.0211e-06
323	7.85636e-06
324	1.95424e-05
325	8.09326e-06
326	1.85469e-05
327	7.54307e-06
328	1.76483e-05
329	1.85352e-05
330	1.84127e-05
331	1.78264e-05
332	1.73088e-05
333	1.7018e-05
334	1.68219e-05
335	1.66332e-05
336	1.64034e-05
337	1.62621e-05
338	1.62033e-05
339	1.6199e-05
340	1.61742e-05
341	1.61695e-05
342	1.6238e-05
343	5.61207e-06
344	5.7766e-06
345	6.38227e-06
346	6.96984e-06
347	7.56431e-06
348	8.07921e-06
349	8.45327e-06
350	8.64941e-06
351	8.7331e-06
352	8.74407e-06
353	8.69461e-06
354	8.60196e-06
355	8.45908e-06
356	8.27514e-06
357	8.07786e-06
358	7.87599e-06
359	7.66147e-06
360	7.42369e-06
361	7.17032e-06
362	6.92113e-06
363	6.68832e-06
364	6.47419e-06
365	6.28177e-06
366	6.09835e-06
367	5.92585e-06
368	5.77317e-06
369	5.63038e-06
370	5.45898e-06
371	5.27877e-06
372	5.11691e-06
373	4.97456e-06
374	4.83364e-06
375	4.70293e-06
376	4.57879e-06
377	4.47229e-06
378	4.34473e-06
379	4.16235e-06
380	3.93317e-06
381	3.70272e-06
382	3.50094e-06
383	3.3235e-06
384	3.14836e-06
385	1.05357e-05
386	1.03187e-05
387	9.83015e-06
388	9.36528e-06
389	9.08399e-06
390	8.95805e-06
391	8.87244e-06
392	8.78965e-06
393	8.71909e-06
394	8.6537e-06
395	8.60374e-06
396	8.5501e-06
397	8.48015e-06
398	8.43728e-06
399	8.41043e-06
400	8.38566e-06
401	8.32325e-06
402	8.22272e-06
403	8.09441e-06
404	7.99181e-06
405	7.93065e-06
406	7.90541e-06
407	7.87866e-06
408	7.85204e-06
409	7.8372e-06
410	7.80305e-06
411	7.76837e-06
412	7.74808e-06
413	7.70256e-06
414	7.65888e-06
415	7.61802e-06
416	7.56815e-06
417	7.49586e-06
418	7.40709e-06
419	7.28927e-06
420	7.18443e-06
421	7.109e-06
422	7.04344e-06
423	6.96617e-06
424	6.88117e-06
425	6.79029e-06
426	6.70818e-06
427	6.62674e-06
428	6.53713e-06
429	6.43612e-06
430	6.3274e-06
431	6.22561e-06
432	6.11422e-06
433	5.98413e-06
434	5.85086e-06
435	5.73694e-06
436	5.64572e-06
437	5.57569e-06
438	5.50826e-06
439	5.44176e-06
440	5.37585e-06
441	5.30369e-06
442	5.23187e-06
443	5.17234e-06
444	5.12543e-06
445	5.08475e-06
446	5.04532e-06
447	5.00431e-06
448	4.96152e-06
449	4.92602e-06
450	4.89169e-06
451	4.86837e-06
452	4.85207e-06
453	4.83636e-06
454	4.82261e-06
455	4.81492e-06
456	4.82204e-06
457	4.8345e-06
458	4.85063e-06
459	4.86287e-06
460	4.84919e-06
461	4.83727e-06
462	4.81494e-06
463	4.78162e-06
464	4.7603e-06
465	4.75498e-06
466	4.75782e-06
467	4.75688e-06
468	4.75308e-06
469	4.75107e-06
470	4.72875e-06
471	4.71353e-06
472	4.69535e-06
473	4.67648e-06
474	4.66482e-06
475	4.65544e-06
476	4.64425e-06
477	4.63465e-06
478	4.636e-06
479	4.63493e-06
480	4.6339e-06
481	4.63565e-06
482	4.63201e-06
483	4.61864e-06
484	4.59815e-06
485	4.59497e-06
486	4.57909e-06
487	4.55404e-06
488	4.54022e-06
489	4.52431e-06
490	4.50067e-06
491	4.4747e-06
492	4.44544e-06
493	4.42298e-06
494	4.39839e-06
495	4.37058e-06
496	4.3537e-06
497	4.33122e-06
498	4.30392e-06
499	4.27339e-06
500	4.23455e-06
501	4.19524e-06
502	4.15296e-06
503	4.11442e-06
504	4.07959e-06
505	4.03707e-06
506	3.99165e-06
507	3.93827e-06
508	3.89454e-06
509	3.8477e-06
510	3.80331e-06
511	3.7532e-06
512	3.69903e-06
513	3.64839e-06
514	3.59479e-06
515	3.53239e-06
516	3.46894e-06
517	3.41763e-06
518	3.38293e-06
519	3.35145e-06
520	3.31947e-06
521	3.28651e-06
522	3.24994e-06
523	3.20434e-06
524	3.16232e-06
525	3.12082e-06
526	3.08164e-06
527	3.03778e-06
528	2.99036e-06
529	2.94802e-06
530	2.89738e-06
531	2.85336e-06
532	2.81796e-06
533	2.78942e-06
534	2.76242e-06
535	2.73649e-06
536	2.70758e-06
537	2.67955e-06
538	2.65616e-06
539	2.63958e-06
540	2.62943e-06
541	2.61931e-06
542	2.5976e-06
543	2.56869e-06
544	2.53102e-06
545	2.49006e-06
546	2.44421e-06
547	2.40679e-06
548	2.36191e-06
549	2.32983e-06
550	2.29748e-06
551	2.29313e-06
552	2.27954e-06
553	2.27363e-06
554	2.2727e-06
555	2.26971e-06
556	2.2717e-06
557	2.28179e-06
558	2.2956e-06
559	2.30692e-06
560	2.31754e-06
561	2.34127e-06
562	2.36868e-06
563	2.39331e-06
564	2.4211e-06
565	2.44854e-06
566	2.46826e-06
567	2.47785e-06
568	2.49072e-06
569	2.50213e-06
570	2.50544e-06
571	2.5058e-06
572	2.50494e-06
573	2.5107e-06
574	2.51475e-06
575	2.51364e-06
576	2.51327e-06
577	2.50695e-06
578	2.50291e-06
579	2.51227e-06
580	2.52594e-06
581	2.53372e-06
582	2.53854e-06
583	2.52981e-06
584	2.51503e-06
585	2.50671e-06
586	2.50714e-06
587	2.50628e-06
588	2.50157e-06
589	2.50033e-06
590	2.50309e-06
591	2.49407e-06
592	2.48527e-06
593	2.47565e-06
594	2.47136e-06
595	2.47079e-06
596	2.4542e-06
597	2.42053e-06
598	2.38406e-06
599	2.36307e-06
600	2.35184e-06
601	2.34469e-06
602	2.333e-06
603	2.31232e-06
604	2.2904e-06
605	2.26704e-06
606	2.24623e-06
607	2.22594e-06
608	2.1992e-06
609	2.1642e-06
610	2.1286e-06
611	2.09179e-06
612	2.06207e-06
613	2.03288e-06
614	2.00021e-06
615	1.96093e-06
616	1.92447e-06
617	1.88943e-06
618	1.84775e-06
619	1.80366e-06
620	1.75892e-06
621	1.72045e-06
622	1.68396e-06
623	1.64748e-06
624	1.61745e-06
625	1.58503e-06
626	1.55048e-06
627	1.51792e-06
628	1.47702e-06
629	1.43629e-06
630	1.39738e-06
631	1.35946e-06
632	1.3238e-06
633	1.33326e-06
634	1.30171e-06
635	1.2679e-06
636	1.23748e-06
637	1.2075e-06
638	1.17498e-06
639	1.14406e-06
640	1.11306e-06
641	1.08182e-06
642	1.05242e-06
643	1.02711e-06
644	1.00246e-06
645	9.79293e-07
646	9.94147e-07
647	9.8016e-07
648	9.64607e-07
649	9.59644e-07
650	9.60884e-07
651	9.67404e-07
652	9.75263e-07
653	9.86754e-07
654	1.00187e-06
655	1.01617e-06
656	1.03209e-06
657	1.04642e-06
658	1.05971e-06
659	1.07237e-06
660	1.08081e-06
661	1.08564e-06
662	1.08776e-06
663	1.08644e-06
664	1.07916e-06
665	1.06187e-06
666	1.04379e-06
667	1.04162e-06
668	1.04048e-06
669	1.03498e-06
670	1.03071e-06
671	1.16915e-06
672	1.08591e-06
673	1.01422e-06
674	1.00943e-06
675	1.024e-06
676	1.03711e-06
677	1.04099e-06
678	1.03653e-06
679	1.0283e-06
680	1.02093e-06
681	1.02625e-06
682	1.00335e-06
683	9.935e-07
684	9.91291e-07
685	9.83725e-07
686	9.7197e-07
687	9.58555e-07
688	9.48238e-07
689	9.39918e-07
690	9.29768e-07
691	9.17995e-07
692	2.72927e-07
693	8.37563e-07
694	8.51001e-07
695	2.65994e-07
696	7.94914e-07
697	7.91571e-07
698	7.82312e-07
699	7.60214e-07
700	7.3095e-07
701	6.99678e-07
702	6.70196e-07
703	6.42743e-07
704	6.18429e-07
705	5.96002e-07
706	5.74357e-07
707	5.52771e-07
708	5.31286e-07
709	5.10267e-07
710	4.87936e-07
711	4.66234e-07
712	4.4526e-07
713	4.25794e-07
714	4.06654e-07
715	3.87658e-07
716	3.68643e-07
717	3.50701e-07
718	3.34893e-07
719	3.20294e-07
720	3.06546e-07
721	2.93511e-07
722	2.81738e-07
723	2.7156e-07
724	2.61184e-07
725	2.47658e-07
726	2.4409e-07
727	2.41754e-07
728	2.37573e-07
729	2.30904e-07
730	2.23774e-07
731	2.17629e-07
732	2.24233e-07
733	2.12828e-07
734	1.99512e-07
735	1.89563e-07
736	1.83156e-07
737	1.80183e-07
738	1.80054e-07
739	1.80992e-07
740	1.82971e-07
741	1.86246e-07
742	1.89459e-07
743	1.91346e-07
744	1.90492e-07
745	1.86433e-07
746	1.81125e-07
747	1.72949e-07
748	1.66618e-07
749	1.62867e-07
750	1.60856e-07
751	1.59097e-07
752	1.57194e-07
753	1.55323e-07
754	1.5389e-07
755	1.52842e-07
756	1.51653e-07
757	1.50375e-07
758	1.49027e-07
759	1.47105e-07
760	1.44884e-07
761	5.00865e-08
762	1.2409e-07
763	4.55388e-08
764	1.23441e-07
765	4.30392e-08
766	4.0277e-08
767	1.15592e-07
768	3.9609e-08
769	3.70872e-08
770	3.5552e-08
771	3.32701e-08
772	3.37294e-08
773	3.39463e-08
774	3.36611e-08
775	3.30296e-08
776	3.2374e-08
777	3.18052e-08
778	3.1308e-08
779	3.07646e-08
780	3.02157e-08
781	2.9626e-08
782	2.90595e-08
783	2.84151e-08
784	2.78301e-08
785	2.72145e-08
786	2.66273e-08
787	2.60751e-08
788	2.54956e-08
789	2.49419e-08
790	2.44752e-08
791	2.39893e-08
792	2.3564e-08
793	2.30873e-08
794	2.26807e-08
795	2.22387e-08
796	2.18047e-08
797	2.136e-08
798	2.09499e-08
799	2.0565e-08
800	2.01633e-08
801	1.97853e-08
802	1.94862e-08
803	1.91926e-08
804	1.72355e-08
805	1.89338e-08
806	1.96257e-08
807	1.913e-08
808	1.86318e-08
809	1.83227e-08
810	1.81784e-08
811	1.79696e-08
812	1.7746e-08
813	1.75263e-08
814	1.72299e-08
815	1.69534e-08
816	1.67066e-08
817	1.63995e-08
818	1.61393e-08
819	1.57966e-08
820	1.5553e-08
821	1.53478e-08
822	1.49909e-08
823	1.4731e-08
824	1.44085e-08
825	1.41851e-08
826	1.38347e-08
827	1.35006e-08
828	1.31541e-08
829	1.27985e-08
830	1.24877e-08
831	1.21512e-08
832	1.19082e-08
833	1.89389e-08
834	1.38799e-08
835	1.82045e-08
836	1.36627e-08
837	1.67069e-08
838	1.87083e-08
839	1.34738e-08
840	1.49454e-08
841	1.62889e-08
842	1.75723e-08
843	1.80813e-08
844	1.77376e-08
845	1.69025e-08
846	1.65091e-08
847	1.45134e-08
848	1.41596e-08
849	1.40157e-08
850	1.37881e-08
851	1.34398e-08
852	1.30173e-08
853	1.25688e-08
854	1.21262e-08
855	1.16978e-08
856	1.1276e-08
857	1.08678e-08
858	1.90232e-08
859	1.2161e-08
860	1.95458e-08
861	1.23983e-08
862	1.84508e-08
863	1.15107e-08
864	1.687e-08
865	1.78015e-08
866	1.84641e-08
867	1.86909e-08
868	1.86178e-08
869	1.8335e-08
870	1.78715e-08
871	1.72298e-08
872	1.64507e-08
873	1.56104e-08
874	1.4744e-08
875	1.39046e-08
876	1.3133e-08
877	1.24416e-08
878	1.18333e-08
879	1.13416e-08
880	1.09021e-08
881	1.05272e-08
882	1.02104e-08
883	9.93271e-09
884	9.69381e-09
885	9.47524e-09
886	9.26701e-09
887	9.03304e-09
888	8.79579e-09
889	8.55094e-09
890	8.29695e-09
891	7.99364e-09
892	7.69914e-09
893	7.41e-09
894	7.12069e-09
895	1.93008e-08
896	8.43174e-09
897	7.16499e-09
898	1.76695e-08
899	7.65369e-09
900	1.81804e-08
901	7.81807e-09
902	1.74848e-08
903	7.54673e-09
904	1.67473e-08
905	1.91917e-08
906	8.11573e-09
907	6.46432e-09
908	5.91313e-09
909	1.92504e-08
910	6.34903e-09
911	1.75672e-08
912	1.92638e-08
913	6.67194e-09
914	1.52248e-08
915	1.63823e-08
916	1.76208e-08
917	1.83883e-08
918	1.85232e-08
919	1.81358e-08
920	1.75495e-08
921	1.69929e-08
922	1.65588e-08
923	1.62883e-08
924	1.61439e-08
925	1.60555e-08
926	1.59781e-08
927	1.58357e-08
928	1.56895e-08
929	1.54703e-08
930	1.52506e-08
931	1.50249e-08
932	1.4812e-08
933	1.45743e-08
934	1.43253e-08
935	1.40451e-08
936	1.38052e-08
937	1.35304e-08
938	1.32468e-08
939	1.30172e-08
940	1.27881e-08
941	1.31588e-08
942	1.55937e-08
943	1.49873e-08
944	1.29614e-08
945	1.12019e-08
946	1.09561e-08
947	1.19026e-08
948	1.25361e-08
