1	2.88
2	5.25
3	6.92
4	8.62
5	10.39
6	12.08
7	13.67
8	15.44
9	17.14
10	18.88
11	20.51
12	22.2
13	23.76
14	25.35
15	26.96
16	28.64
17	30.27
18	31.92
19	33.49
20	35.13
21	36.82
22	38.35
23	39.71
24	41.19
25	42.87
26	44.5
27	46.07
28	47.89
29	49.5
30	51.14
31	52.9
32	54.73
33	56.4
34	58.23
35	59.96
36	61.62
37	63.14
38	64.82
39	66.45
40	68.1
41	69.8
42	71.46
43	73.14
44	74.75
45	76.4
46	78.13
47	79.78
48	81.66
49	83.3
50	85.06
51	86.91
52	88.28
53	89.85
54	91.47
55	93.23
56	95.04
57	96.68
58	98.33
59	100.16
60	101.85
61	103.45
62	105.1
63	106.72
64	108.39
65	110.06
66	111.76
67	113.46
68	115.2
69	116.96
70	118.69
71	120.48
72	122.11
73	123.77
74	125.43
75	127.11
76	128.9
77	130.59
78	132.31
79	134.09
80	135.8
81	137.58
82	139.33
83	141.09
84	142.96
85	144.72
86	146.5
87	148.17
88	149.89
89	151.49
90	153.16
91	154.84
92	156.58
93	158.44
94	160.26
95	162.08
96	164.04
97	165.5
98	167.2
99	168.87
100	170.84
101	172.45
102	174.06
103	175.85
104	177.6
105	179.18
106	180.79
107	182.54
108	184.3
109	185.92
110	187.55
111	189.26
112	190.92
113	192.61
114	194.3
115	195.87
116	197.56
117	199.3
118	200.99
119	202.7
120	204.42
121	206.09
122	207.78
123	209.48
124	211.07
125	212.71
126	214.41
127	216
128	217.74
129	219.44
130	221.08
131	222.53
132	224.15
133	225.7
134	227.32
135	229.05
136	230.83
137	232.5
138	234.19
139	235.92
140	237.62
141	239.31
142	241
143	242.98
144	244.68
145	246.38
146	248.06
147	249.75
148	251.43
149	253.09
150	254.9
151	256.51
152	258.22
153	259.9
154	261.65
155	263.36
156	265.01
157	266.72
158	268.48
159	270.18
160	271.95
161	273.67
162	275.37
163	277
164	278.66
165	280.39
166	282.07
167	283.75
168	285.43
169	287.16
170	288.97
171	290.61
172	292.21
173	293.72
174	295.5
175	297.21
176	298.93
177	300.65
178	302.39
179	304.13
180	305.85
181	307.49
182	309.21
183	310.87
184	312.63
185	314.36
186	316.12
187	317.81
188	319.51
189	321.22
190	322.95
191	324.64
192	326.34
193	328.03
194	329.79
195	331.51
196	333.26
197	334.93
198	336.53
199	338.08
200	339.8
201	341.44
202	343.12
203	344.75
204	346.48
205	348.29
206	350.11
207	351.96
208	353.68
209	355.36
210	357.11
211	358.87
212	360.66
213	362.28
214	363.94
215	365.61
216	367.28
217	368.95
218	370.61
219	372.31
220	373.99
221	375.66
222	377.32
223	378.99
224	380.69
225	382.42
226	384.15
227	385.84
228	387.49
229	389.06
230	390.62
231	392.36
232	394.1
233	395.79
234	397.49
235	399.18
236	400.86
237	402.55
238	404.23
239	405.9
240	407.59
241	409.27
242	410.96
243	412.64
244	414.33
245	416.01
246	417.7
247	419.35
248	421.03
249	422.71
250	424.38
251	426.06
252	427.72
253	429.39
254	431.07
255	432.76
256	434.43
257	436.11
258	437.78
259	439.45
260	441.13
261	442.8
262	444.48
263	446.16
264	447.85
265	449.54
266	451.22
267	452.9
268	454.58
269	456.26
270	457.92
271	459.6
272	461.28
273	462.96
274	464.65
275	466.33
276	468.01
277	469.69
278	471.36
279	473.04
280	474.71
281	476.39
282	478.07
283	479.78
284	481.48
285	483.16
286	484.84
287	486.5
288	488.16
289	489.84
290	491.51
291	493.18
292	494.84
293	496.49
294	498.15
295	499.81
296	501.49
297	503.16
298	504.83
299	506.5
300	508.2
301	509.86
302	511.54
303	513.19
304	514.86
305	516.55
306	518.35
307	520.07
308	521.8
309	523.52
310	525.25
311	527.04
312	528.74
313	530.42
314	532.17
315	533.94
316	535.62
317	537.35
318	539.05
319	540.67
320	542.33
321	544.02
322	545.73
323	547.38
324	549.02
325	550.68
326	552.28
327	553.93
328	555.59
329	557.24
330	558.8
331	560.49
332	562.19
333	563.87
334	565.62
335	567.1
336	568.66
337	570.29
338	571.9
339	573.57
340	575.19
341	576.85
342	578.37
343	580.01
344	581.55
345	583.06
346	584.72
347	586.41
348	588.18
349	589.97
350	591.71
351	593.43
352	594.96
353	596.55
354	598.19
355	599.81
356	601.45
357	603.16
358	604.87
359	606.62
360	608.28
361	609.95
362	611.6
363	613.16
364	614.99
365	616.62
366	618.39
367	620.27
368	621.97
369	623.7
370	625.46
371	627.23
372	629
373	630.72
374	632.45
375	634.16
376	635.91
377	637.64
378	639.27
379	641.16
380	642.85
381	644.59
382	646.25
383	647.91
384	649.59
385	651.26
386	652.9
387	654.51
388	656.07
389	657.73
390	659.39
391	661.06
392	662.86
393	664.56
394	666.17
395	667.78
396	669.41
397	671.2
398	672.86
399	674.49
400	676.13
401	677.77
402	679.39
403	681.07
404	682.71
405	684.35
406	686.12
407	687.84
408	689.59
409	691.26
410	692.92
411	694.76
412	696.45
413	698.11
414	699.87
415	701.56
416	703.22
417	704.89
418	706.64
419	708.26
420	709.9
421	711.56
422	713.22
423	714.9
424	716.56
425	718.24
426	719.88
427	721.56
428	723.26
429	724.92
430	726.57
431	728.21
432	729.89
433	731.49
434	733.07
435	734.69
436	736.43
437	738.18
438	739.99
439	741.71
440	743.44
441	745.09
442	746.8
443	748.44
444	750.07
445	751.74
446	753.35
447	754.95
448	756.57
449	758.19
450	759.74
451	761.27
452	762.99
453	764.69
454	766.34
455	768.1
456	769.76
457	771.36
458	772.92
459	774.5
460	776.12
461	777.68
462	779.2
463	780.74
464	782.39
465	783.99
466	785.59
467	787.15
468	788.77
469	790.41
470	792.02
471	793.71
472	795.31
473	796.97
474	798.53
475	800.13
476	801.79
477	803.42
478	804.98
479	806.61
480	808.18
481	809.75
482	811.36
483	813.01
484	814.71
485	816.31
486	817.79
487	819.4
488	821.06
489	822.59
490	824.18
491	825.8
492	827.36
493	829
494	830.62
495	832.25
496	833.82
497	835.42
498	837.02
499	838.72
500	840.4
501	842.04
502	843.71
503	845.4
504	847.09
505	848.73
506	850.39
507	852.05
508	853.72
509	855.42
510	857.13
511	858.93
512	860.6
513	862.31
514	863.93
515	865.75
516	867.31
517	869.06
518	870.83
519	872.44
520	874.15
521	875.89
522	877.62
523	879.49
524	881.16
525	882.73
526	884.52
527	886.1
528	887.79
529	889.54
530	891.19
531	892.96
532	894.76
533	896.42
534	898.05
535	899.72
536	901.38
537	902.91
538	904.55
539	906.19
540	907.83
541	909.49
542	911.14
543	912.8
544	914.44
545	916.11
546	917.75
547	919.39
548	921.05
549	922.69
550	924.34
551	925.99
552	927.64
553	929.31
554	930.96
555	932.52
556	933.94
557	935.4
558	937
559	938.67
560	940.34
561	942.04
562	943.76
563	945.5
564	947.14
565	948.84
566	950.51
567	952.23
568	953.94
569	955.67
570	957.33
571	959.03
572	960.71
573	962.38
574	964.06
575	965.73
576	967.46
577	969.21
578	970.96
579	972.68
580	974.3
581	975.84
582	977.4
583	979.12
584	980.87
585	982.62
586	984.36
587	986.08
588	987.75
589	989.51
590	991.2
591	992.93
592	994.59
593	996.27
594	997.96
595	999.62
596	1001.31
597	1003.01
598	1004.8
599	1006.49
600	1008.16
601	1009.85
602	1011.48
603	1013.13
604	1014.8
605	1016.48
606	1018.32
607	1019.97
608	1021.66
609	1023.3
610	1025.08
611	1026.79
612	1028.57
613	1030.3
614	1032.02
615	1033.75
616	1035.36
617	1037.03
618	1038.73
619	1040.54
620	1042.24
621	1043.97
622	1045.63
623	1047.27
624	1048.9
625	1050.7
626	1052.34
627	1054.02
628	1055.59
629	1057.21
630	1058.86
631	1060.53
632	1062.16
633	1063.81
634	1065.44
635	1067.11
636	1068.85
637	1070.79
638	1072.39
639	1074.12
640	1075.92
641	1077.61
642	1079.14
643	1080.98
644	1082.49
645	1084.11
646	1085.8
647	1087.46
648	1089.26
649	1091
650	1092.68
651	1094.37
652	1095.97
653	1097.76
654	1099.53
655	1101.25
656	1102.81
657	1104.43
658	1105.99
659	1107.75
660	1109.39
661	1111
662	1112.64
663	1114.31
664	1115.99
665	1117.65
666	1119.39
667	1121.13
668	1122.94
669	1124.55
670	1126.2
671	1127.83
672	1129.53
673	1130.99
674	1132.79
675	1134.66
676	1136.35
677	1138.13
678	1139.88
679	1141.48
680	1143.1
681	1144.84
682	1146.49
683	1148.14
684	1149.85
685	1151.41
686	1153.03
687	1154.66
688	1156.24
689	1157.87
690	1159.52
691	1161.44
692	1163.12
693	1164.78
694	1166.38
695	1168.09
696	1169.7
697	1171.31
698	1172.94
699	1174.56
700	1176.17
701	1177.75
702	1179.34
703	1181.06
704	1182.54
705	1184.08
706	1185.48
707	1187.11
708	1188.79
709	1190.43
710	1192.09
711	1193.73
712	1195.43
713	1197.14
714	1198.8
715	1200.45
716	1202.09
717	1203.76
718	1205.37
719	1207.04
720	1208.67
721	1210.32
722	1212
723	1213.66
724	1215.34
725	1217.06
726	1218.83
727	1220.51
728	1222.17
729	1223.73
730	1225.4
731	1227.09
732	1228.77
733	1230.44
734	1232.13
735	1233.79
736	1235.46
737	1237.13
738	1238.8
739	1240.4
740	1241.88
741	1243.49
742	1245.19
743	1246.86
744	1248.52
745	1250.15
746	1251.91
747	1253.68
748	1255.48
749	1257.2
750	1258.94
751	1260.65
752	1262.34
753	1264.06
754	1265.74
755	1267.42
756	1268.92
757	1270.69
758	1272.35
759	1274.03
760	1275.7
761	1277.47
762	1279.16
763	1280.88
764	1282.59
765	1284.32
766	1286.01
767	1287.73
768	1289.46
769	1291.18
770	1292.98
771	1294.68
772	1296.41
773	1298.14
774	1299.84
775	1301.56
776	1303.33
777	1305.07
778	1306.76
779	1308.48
780	1310.18
781	1311.87
782	1313.59
783	1315.24
784	1316.95
785	1318.63
786	1320.31
787	1322.01
788	1323.72
789	1325.39
790	1326.97
791	1328.64
792	1330.29
793	1331.95
794	1333.59
795	1335.21
796	1336.88
797	1338.47
798	1340.06
799	1341.72
800	1343.39
801	1344.96
802	1346.59
803	1348.24
804	1349.76
805	1351.31
806	1352.92
807	1354.59
808	1356.24
809	1357.88
810	1359.56
811	1361.18
812	1362.83
813	1364.46
814	1366.08
815	1367.73
816	1369.41
817	1371.13
818	1372.8
819	1374.49
820	1376.21
821	1377.88
822	1379.56
823	1381.25
824	1382.9
825	1384.55
826	1386.21
827	1387.8
828	1389.47
829	1391.03
830	1392.58
831	1394.22
832	1395.87
833	1397.42
834	1399.13
835	1400.76
836	1402.42
837	1404.1
838	1405.71
839	1407.4
840	1409.02
841	1410.68
842	1412.32
843	1413.97
844	1415.7
845	1417.36
846	1418.91
847	1420.38
848	1421.97
849	1423.52
850	1425.15
851	1426.75
852	1428.42
853	1430.02
854	1431.65
855	1433.27
856	1434.92
857	1436.53
858	1438.06
859	1439.65
860	1441.09
861	1442.69
862	1444.25
863	1445.84
864	1447.41
865	1448.97
866	1450.53
867	1452.09
868	1453.64
869	1455.19
870	1456.75
871	1458.31
872	1459.86
873	1461.42
874	1462.96
875	1464.54
876	1466.09
877	1467.67
878	1469.22
879	1470.78
880	1472.29
881	1473.86
882	1475.34
883	1476.83
884	1478.34
885	1479.92
886	1481.47
887	1483.13
888	1484.75
889	1486.29
890	1487.88
891	1489.44
892	1490.97
893	1492.54
894	1494.09
895	1495.6
896	1497.17
897	1498.65
898	1500.13
899	1501.69
900	1503.22
901	1504.77
902	1506.19
903	1507.8
904	1509.34
905	1510.94
906	1512.59
907	1514.34
908	1515.92
909	1517.45
910	1519.05
911	1520.73
912	1522.37
913	1524.06
914	1525.6
915	1527.16
916	1528.66
917	1529.99
918	1531.38
919	1532.86
920	1534.43
921	1535.85
922	1537.18
923	1538.73
924	1540.26
925	1541.83
926	1543.41
927	1544.92
928	1546.33
929	1547.78
930	1549.07
931	1550.59
932	1552.14
933	1553.61
934	1555.13
935	1556.65
936	1558.09
937	1559.6
938	1561.06
939	1562.56
940	1564.02
941	1565.49
942	1566.96
943	1568.49
944	1570.06
945	1571.57
946	1573.12
947	1574.7
948	1576.14
