1	1
2	0.543725
3	0.407247
4	0.223251
5	0.148266
6	0.11283
7	0.0898488
8	0.0725359
9	0.0620337
10	0.0557293
11	0.0522322
12	0.0498854
13	0.048075
14	0.046987
15	0.0460029
16	0.0452391
17	0.0445141
18	0.0439475
19	0.043458
20	0.0430893
21	0.0428544
22	0.0427086
23	0.0427002
24	0.042751
25	0.0428612
26	0.0430122
27	0.0431654
28	0.0433596
29	0.0435735
30	0.0438559
31	0.0442475
32	0.0447504
33	0.0453151
34	0.0459304
35	0.0466021
36	0.0473278
37	0.047957
38	0.0483719
39	0.0481692
40	0.0466073
41	0.0442974
42	0.0418228
43	0.0394102
44	0.0371128
45	0.034957
46	0.0329709
47	0.0311831
48	0.0295776
49	0.0281207
50	0.0267481
51	0.025405
52	0.0240804
53	0.0228015
54	0.0215907
55	0.0204522
56	0.0193922
57	0.0184042
58	0.0174804
59	0.0166168
60	0.0158108
61	0.0150557
62	0.0143492
63	0.0136868
64	0.0130644
65	0.0124793
66	0.0119301
67	0.0113672
68	0.0108342
69	0.0103278
70	0.00984753
71	0.00939434
72	0.00896501
73	0.00855811
74	0.00817173
75	0.00780406
76	0.00745514
77	0.00712357
78	0.00680865
79	0.00651013
80	0.00622616
81	0.00595729
82	0.00570157
83	0.00545954
84	0.00522988
85	0.00501293
86	0.00480779
87	0.0046139
88	0.00443094
89	0.00425953
90	0.00409722
91	0.0039451
92	0.00380298
93	0.00366992
94	0.0035463
95	0.00343162
96	0.00332508
97	0.0032389
98	0.00315859
99	0.00308292
100	0.00301249
101	0.002947
102	0.00288485
103	0.00282624
104	0.00277016
105	0.00271735
106	0.00266768
107	0.0026195
108	0.0025732
109	0.00252774
110	0.00248249
111	0.00243739
112	0.00239274
113	0.00234792
114	0.00230177
115	0.00225638
116	0.00221088
117	0.00216462
118	0.00211751
119	0.00207002
120	0.0020215
121	0.00197261
122	0.00192176
123	0.00187078
124	0.0018193
125	0.00176766
126	0.00171736
127	0.00166506
128	0.00161448
129	0.00156463
130	0.00151495
131	0.00146685
132	0.00142008
133	0.00137461
134	0.00133082
135	0.0012889
136	0.00124862
137	0.00121149
138	0.00117595
139	0.00114206
140	0.00110997
141	0.00107981
142	0.00105151
143	0.00102528
144	0.00100017
145	0.000976314
146	0.000953544
147	0.00093189
148	0.000911092
149	0.000891203
150	0.000872014
151	0.000853461
152	0.000835189
153	0.000817432
154	0.0008
155	0.000782753
156	0.000765443
157	0.000748052
158	0.000730819
159	0.000713891
160	0.000696892
161	0.000680011
162	0.00066335
163	0.000646934
164	0.000630537
165	0.000614467
166	0.000598737
167	0.000583469
168	0.000568509
169	0.000553986
170	0.000539812
171	0.000526107
172	0.000512883
173	0.000499913
174	0.000487222
175	0.000475044
176	0.000463129
177	0.00045149
178	0.000440229
179	0.000429246
180	0.000418542
181	0.000408228
182	0.000398145
183	0.000388297
184	0.000378816
185	0.000369661
186	0.000360729
187	0.000352069
188	0.000343821
189	0.000335846
190	0.000328115
191	0.000320697
192	0.000313697
193	0.000307001
194	0.000300554
195	0.000294395
196	0.000288576
197	0.000283039
198	0.000277772
199	0.000272767
200	0.000268007
201	0.0002635
202	0.000259225
203	0.000255145
204	0.000251249
205	0.000247532
206	0.000243988
207	0.000240584
208	0.000237317
209	0.000234166
210	0.000231127
211	0.000228173
212	0.000225277
213	0.000222452
214	0.000219684
215	0.000216972
216	0.000214306
217	0.000211676
218	0.000209083
219	0.000206527
220	0.000204006
221	0.000201526
222	0.000199075
223	0.00019666
224	0.00019428
225	0.000191926
226	0.000189616
227	0.000187344
228	0.000185102
229	0.000182896
230	0.000180724
231	0.000178596
232	0.000176504
233	0.000174453
234	0.000172446
235	0.000170468
236	0.00016853
237	0.000166634
238	0.000164776
239	0.000162956
240	0.000161169
241	0.000159431
242	0.000157723
243	0.00015605
244	0.000154414
245	0.00015281
246	0.00015124
247	0.000149703
248	0.000148195
249	0.00014672
250	0.000145272
251	0.000143854
252	0.000142469
253	0.000141114
254	0.000139788
255	0.000138493
256	0.000137224
257	0.00013599
258	0.000134782
259	0.000133601
260	0.000132451
261	0.000131331
262	0.000130239
263	0.000129178
264	0.000128148
265	0.000127152
266	0.000126182
267	0.000125238
268	0.000124325
269	0.000123441
270	0.000122582
271	0.000121752
272	0.000120949
273	0.000120167
274	0.00011941
275	0.000118682
276	0.000117979
277	0.000117296
278	0.000116632
279	0.000115998
280	0.000115384
281	0.000114791
282	0.000114215
283	0.000113668
284	0.000113142
285	0.000112632
286	0.000112142
287	0.000111668
288	0.000111211
289	0.000110771
290	0.000110351
291	0.000109947
292	0.000109554
293	0.00010918
294	0.000108821
295	0.000108476
296	0.000108143
297	0.000107818
298	0.000107508
299	0.000107208
300	0.000106918
301	0.000106639
302	0.000106373
303	0.000106113
304	0.000105861
305	0.000105617
306	0.000105387
307	0.000105164
308	0.000104945
309	0.000104737
310	0.000104533
311	0.000104332
312	0.000104141
313	0.000103956
314	0.000103773
315	0.000103597
316	0.000103429
317	0.000103263
318	0.000103102
319	0.000102943
320	0.000102789
321	0.000102638
322	0.000102498
323	0.000102359
324	0.000102221
325	0.00010209
326	0.000101959
327	0.000101829
328	0.00010171
329	0.000101586
330	0.000101462
331	0.000101345
332	0.000101224
333	0.000101105
334	0.000100981
335	0.000100856
336	0.000100733
337	0.000100603
338	0.000100469
339	0.000100336
340	0.000100195
341	0.000100047
342	9.98979e-05
343	9.97392e-05
344	9.95802e-05
345	9.94115e-05
346	9.92372e-05
347	9.90581e-05
348	9.88701e-05
349	9.86792e-05
350	9.84779e-05
351	9.82695e-05
352	9.80503e-05
353	9.78256e-05
354	9.75942e-05
355	9.73516e-05
356	9.71044e-05
357	9.68409e-05
358	9.65708e-05
359	9.62994e-05
360	9.60139e-05
361	9.57199e-05
362	9.54158e-05
363	9.51067e-05
364	9.47934e-05
365	9.44699e-05
366	9.41393e-05
367	9.37968e-05
368	9.34533e-05
369	9.31048e-05
370	9.27472e-05
371	9.23858e-05
372	9.202e-05
373	9.16466e-05
374	9.12728e-05
375	9.08884e-05
376	9.05014e-05
377	9.01115e-05
378	8.97119e-05
379	8.93162e-05
380	8.8914e-05
381	8.85033e-05
382	8.80936e-05
383	8.76799e-05
384	8.7259e-05
385	8.684e-05
386	8.64216e-05
387	8.59965e-05
388	8.55652e-05
389	8.51319e-05
390	8.47003e-05
391	8.42652e-05
392	8.38292e-05
393	8.33911e-05
394	8.29493e-05
395	8.2505e-05
396	8.20601e-05
397	8.16132e-05
398	8.11681e-05
399	8.07205e-05
400	8.02693e-05
401	7.98225e-05
402	7.93716e-05
403	7.89203e-05
404	7.84717e-05
405	7.80164e-05
406	7.75621e-05
407	7.7113e-05
408	7.66586e-05
409	7.62042e-05
410	7.57542e-05
411	7.5302e-05
412	7.48509e-05
413	7.4404e-05
414	7.39552e-05
415	7.35013e-05
416	7.30565e-05
417	7.26093e-05
418	7.21671e-05
419	7.17215e-05
420	7.12784e-05
421	7.08389e-05
422	7.04001e-05
423	6.9965e-05
424	6.95296e-05
425	6.90943e-05
426	6.86623e-05
427	6.82332e-05
428	6.78094e-05
429	6.7387e-05
430	6.69615e-05
431	6.65462e-05
432	6.61296e-05
433	6.57144e-05
434	6.53046e-05
435	6.48949e-05
436	6.44875e-05
437	6.40877e-05
438	6.36864e-05
439	6.32871e-05
440	6.28921e-05
441	6.24998e-05
442	6.21093e-05
443	6.17218e-05
444	6.13392e-05
445	6.09592e-05
446	6.05823e-05
447	6.02061e-05
448	5.98356e-05
449	5.94694e-05
450	5.91073e-05
451	5.87455e-05
452	5.83864e-05
453	5.8031e-05
454	5.76775e-05
455	5.73291e-05
456	5.69847e-05
457	5.66374e-05
458	5.63018e-05
459	5.59642e-05
460	5.56302e-05
461	5.53034e-05
462	5.49766e-05
463	5.46531e-05
464	5.43312e-05
465	5.4009e-05
466	5.36911e-05
467	5.338e-05
468	5.30695e-05
469	5.27622e-05
470	5.24603e-05
471	5.21595e-05
472	5.18617e-05
473	5.15664e-05
474	5.12721e-05
475	5.09801e-05
476	5.06912e-05
477	5.04051e-05
478	5.01244e-05
479	4.98434e-05
480	4.95631e-05
481	4.92874e-05
482	4.90155e-05
483	4.87453e-05
484	4.84757e-05
485	4.82116e-05
486	4.79489e-05
487	4.76852e-05
488	4.74287e-05
489	4.71705e-05
490	4.69155e-05
491	4.66616e-05
492	4.64105e-05
493	4.61623e-05
494	4.59174e-05
495	4.56723e-05
496	4.54298e-05
497	4.51887e-05
498	4.4951e-05
499	4.47139e-05
500	4.44792e-05
501	4.42434e-05
502	4.40093e-05
503	4.37808e-05
504	4.35495e-05
505	4.33227e-05
506	4.30984e-05
507	4.28749e-05
508	4.26518e-05
509	4.24312e-05
510	4.22107e-05
511	4.19881e-05
512	4.17707e-05
513	4.15525e-05
514	4.1335e-05
515	4.11214e-05
516	4.091e-05
517	4.06955e-05
518	4.04857e-05
519	4.02737e-05
520	4.00636e-05
521	3.98533e-05
522	3.96436e-05
523	3.94379e-05
524	3.92297e-05
525	3.90244e-05
526	3.88211e-05
527	3.86185e-05
528	3.84153e-05
529	3.82096e-05
530	3.80061e-05
531	3.78036e-05
532	3.76008e-05
533	3.74014e-05
534	3.72004e-05
535	3.70003e-05
536	3.68002e-05
537	3.66006e-05
538	3.64017e-05
539	3.62013e-05
540	3.60018e-05
541	3.58042e-05
542	3.56037e-05
543	3.54052e-05
544	3.5208e-05
545	3.50108e-05
546	3.48132e-05
547	3.46159e-05
548	3.4422e-05
549	3.42245e-05
550	3.40289e-05
551	3.38323e-05
552	3.36355e-05
553	3.34395e-05
554	3.32425e-05
555	3.30487e-05
556	3.28515e-05
557	3.26559e-05
558	3.24632e-05
559	3.22664e-05
560	3.20722e-05
561	3.18773e-05
562	3.16814e-05
563	3.14877e-05
564	3.12915e-05
565	3.10972e-05
566	3.09053e-05
567	3.07102e-05
568	3.05699e-05
569	3.03855e-05
570	3.01852e-05
571	2.99848e-05
572	2.97886e-05
573	2.96439e-05
574	2.94527e-05
575	2.92507e-05
576	2.90482e-05
577	2.88985e-05
578	2.87067e-05
579	2.85025e-05
580	2.82987e-05
581	2.81463e-05
582	2.79524e-05
583	2.77461e-05
584	2.75905e-05
585	2.73919e-05
586	2.71829e-05
587	2.69755e-05
588	2.68186e-05
589	2.6621e-05
590	2.64111e-05
591	2.62522e-05
592	2.60525e-05
593	2.58435e-05
594	2.56802e-05
595	2.54795e-05
596	2.52684e-05
597	2.51058e-05
598	2.49052e-05
599	2.47394e-05
600	2.45368e-05
601	2.43249e-05
602	2.41613e-05
603	2.39582e-05
604	2.37906e-05
605	2.35864e-05
606	2.33722e-05
607	2.32051e-05
608	2.30015e-05
609	2.2832e-05
610	2.26272e-05
611	2.24572e-05
612	2.22529e-05
613	2.20385e-05
614	2.1867e-05
615	2.16629e-05
616	2.149e-05
617	2.12835e-05
618	2.11101e-05
619	2.09015e-05
620	2.07249e-05
621	2.0517e-05
622	2.03382e-05
623	2.0129e-05
624	1.9949e-05
625	1.97376e-05
626	1.95562e-05
627	1.93433e-05
628	1.9159e-05
629	1.89432e-05
630	1.87578e-05
631	1.85398e-05
632	1.83508e-05
633	1.81405e-05
634	1.79571e-05
635	1.77436e-05
636	1.75559e-05
637	1.73399e-05
638	1.71507e-05
639	1.69323e-05
640	1.67402e-05
641	1.65572e-05
642	1.63353e-05
643	1.61401e-05
644	1.59174e-05
645	1.57208e-05
646	1.54886e-05
647	1.52849e-05
648	1.50912e-05
649	1.48616e-05
650	1.46577e-05
651	1.44292e-05
652	1.42267e-05
653	1.40325e-05
654	1.38064e-05
655	1.3605e-05
656	1.34126e-05
657	1.31891e-05
658	1.29899e-05
659	1.28e-05
660	1.25811e-05
661	1.23857e-05
662	1.21985e-05
663	1.19839e-05
664	1.17925e-05
665	1.16101e-05
666	1.14286e-05
667	1.12214e-05
668	1.10364e-05
669	1.08597e-05
670	1.06899e-05
671	1.04946e-05
672	1.03207e-05
673	1.01554e-05
674	9.99059e-06
675	9.80178e-06
676	9.56809e-06
677	9.35517e-06
678	9.15037e-06
679	8.95378e-06
680	8.74156e-06
681	8.6108e-06
682	8.4198e-06
683	8.23464e-06
684	8.05463e-06
685	7.85702e-06
686	7.67889e-06
687	7.51016e-06
688	7.3426e-06
689	7.1771e-06
690	7.01442e-06
691	6.83416e-06
692	6.67036e-06
693	6.5136e-06
694	6.35759e-06
695	6.20425e-06
696	6.05243e-06
697	5.90229e-06
698	5.75475e-06
699	5.59219e-06
700	5.44394e-06
701	5.30317e-06
702	5.16415e-06
703	5.02721e-06
704	4.89297e-06
705	4.76068e-06
706	4.63073e-06
707	4.50293e-06
708	4.37714e-06
709	4.24065e-06
710	4.11558e-06
711	3.99726e-06
712	3.88082e-06
713	3.76604e-06
714	3.65282e-06
715	3.54178e-06
716	3.43261e-06
717	3.32524e-06
718	3.21996e-06
719	3.11666e-06
720	3.01516e-06
721	2.91565e-06
722	2.81813e-06
723	2.71361e-06
724	2.61798e-06
725	2.52707e-06
726	2.43804e-06
727	2.35111e-06
728	2.26641e-06
729	2.18401e-06
730	2.10402e-06
731	2.02637e-06
732	1.95117e-06
733	1.87818e-06
734	1.80743e-06
735	1.73909e-06
736	1.67302e-06
737	1.6092e-06
738	1.54754e-06
739	1.4882e-06
740	1.43108e-06
741	1.37616e-06
742	1.32343e-06
743	1.27281e-06
744	1.22076e-06
745	1.17557e-06
746	1.13078e-06
747	1.08827e-06
748	1.04756e-06
749	1.0091e-06
750	9.72363e-07
751	9.37632e-07
752	9.0474e-07
753	8.73347e-07
754	8.43486e-07
755	8.15219e-07
756	7.88266e-07
757	7.62112e-07
758	7.37598e-07
759	7.14089e-07
760	6.9162e-07
761	6.69914e-07
762	6.49209e-07
763	6.29516e-07
764	6.10445e-07
765	5.92241e-07
766	5.7451e-07
767	5.57562e-07
768	5.40963e-07
769	5.2531e-07
770	5.18602e-07
771	5.12653e-07
772	5.01804e-07
773	4.9063e-07
774	4.74496e-07
775	4.59403e-07
776	4.44867e-07
777	4.31131e-07
778	4.17811e-07
779	4.05086e-07
780	3.92822e-07
781	3.81154e-07
782	3.69634e-07
783	3.58468e-07
784	3.4776e-07
785	3.37403e-07
786	3.27185e-07
787	3.17428e-07
788	3.07822e-07
789	2.98554e-07
790	2.89649e-07
791	2.81059e-07
792	2.72309e-07
793	2.6427e-07
794	2.56172e-07
795	2.48695e-07
796	2.41061e-07
797	2.33659e-07
798	2.26711e-07
799	2.19861e-07
800	2.13045e-07
801	2.06626e-07
802	2.00581e-07
803	2.07187e-07
804	2.05086e-07
805	1.98607e-07
806	1.92401e-07
807	1.86253e-07
808	1.80295e-07
809	1.74769e-07
810	1.69106e-07
811	1.63898e-07
812	1.58509e-07
813	1.53398e-07
814	1.48517e-07
815	1.439e-07
816	1.39248e-07
817	1.34644e-07
818	1.30154e-07
819	1.25998e-07
820	1.22126e-07
821	1.18062e-07
822	1.14237e-07
823	1.10605e-07
824	1.07011e-07
825	1.0345e-07
826	1.00387e-07
827	9.7128e-08
828	9.4711e-08
829	9.26431e-08
830	9.0355e-08
831	8.79138e-08
832	8.54269e-08
833	8.33131e-08
834	8.08231e-08
835	7.89007e-08
836	7.65709e-08
837	7.4479e-08
838	7.23243e-08
839	7.0246e-08
840	6.83357e-08
841	6.66726e-08
842	6.49726e-08
843	6.3019e-08
844	6.13845e-08
845	8.09081e-08
846	8.30973e-08
847	8.06609e-08
848	7.84994e-08
849	7.63085e-08
850	7.40997e-08
851	7.23082e-08
852	7.04302e-08
853	6.84685e-08
854	6.65566e-08
855	6.48362e-08
856	6.31917e-08
857	6.15719e-08
858	6.00197e-08
859	5.83127e-08
860	5.67142e-08
861	5.54105e-08
862	5.42839e-08
863	5.26975e-08
864	5.13812e-08
865	5.03123e-08
866	4.91222e-08
867	4.78263e-08
868	4.695e-08
869	4.57077e-08
870	4.48339e-08
871	4.38535e-08
872	4.29501e-08
873	4.21677e-08
874	4.10796e-08
875	4.03836e-08
876	3.94888e-08
877	3.87867e-08
878	3.81682e-08
879	3.73906e-08
880	3.67637e-08
881	3.60531e-08
882	3.53808e-08
883	3.48614e-08
884	3.43075e-08
885	3.38327e-08
886	3.31347e-08
887	3.25058e-08
888	3.22239e-08
889	3.18817e-08
890	3.11926e-08
891	3.07212e-08
892	3.04978e-08
893	2.97735e-08
894	2.94331e-08
895	2.90902e-08
896	2.8786e-08
897	2.82128e-08
898	2.78978e-08
899	2.75354e-08
900	2.7172e-08
901	2.68581e-08
902	2.64593e-08
903	2.63266e-08
904	2.58272e-08
905	2.55809e-08
906	4.89163e-08
907	5.31273e-08
908	5.14087e-08
909	5.00721e-08
910	4.91296e-08
911	4.78662e-08
912	4.66164e-08
913	4.55306e-08
914	4.46778e-08
915	4.34149e-08
916	4.24965e-08
917	4.1538e-08
918	4.05772e-08
919	3.9795e-08
920	3.88154e-08
921	3.82296e-08
922	3.72357e-08
923	3.65189e-08
924	3.5598e-08
925	3.51385e-08
926	3.44769e-08
927	3.39046e-08
928	3.30117e-08
929	3.24885e-08
930	3.18663e-08
931	3.14694e-08
932	3.10643e-08
933	3.03455e-08
934	2.98948e-08
935	2.94242e-08
936	2.89426e-08
937	2.84791e-08
938	2.80552e-08
939	2.78139e-08
940	2.71964e-08
941	2.68496e-08
942	2.6563e-08
943	2.61052e-08
944	2.54242e-08
945	2.55042e-08
946	2.50931e-08
947	2.44939e-08
948	2.41891e-08
