1	0.0684648
2	0.0362913
3	0.0257278
4	0.0134794
5	0.00899601
6	0.00711683
7	0.00582185
8	0.00485193
9	0.00427484
10	0.0038921
11	0.00364222
12	0.00346938
13	0.0033379
14	0.00325187
15	0.00317826
16	0.00312134
17	0.00307772
18	0.00304316
19	0.00300535
20	0.00296689
21	0.00293089
22	0.00289488
23	0.00285678
24	0.00281794
25	0.00278065
26	0.00274679
27	0.00271055
28	0.00267395
29	0.00263249
30	0.00258878
31	0.00254626
32	0.00250538
33	0.00246104
34	0.00241458
35	0.00236881
36	0.00232384
37	0.00228158
38	0.00223856
39	0.00219364
40	0.00214676
41	0.00210247
42	0.00206487
43	0.00203632
44	0.00201777
45	0.00200992
46	0.00201238
47	0.00202443
48	0.00204042
49	0.00205597
50	0.00205908
51	0.00203473
52	0.00198483
53	0.00192294
54	0.0018572
55	0.0017889
56	0.00172226
57	0.00165797
58	0.00159628
59	0.00153777
60	0.00148188
61	0.00142815
62	0.00137698
63	0.00132841
64	0.00128199
65	0.00123747
66	0.000280653
67	0.000267944
68	0.000255607
69	0.000243476
70	0.000231835
71	0.000220684
72	0.000210014
73	0.000199758
74	0.000189874
75	0.000180445
76	0.000171504
77	0.000162958
78	0.000154834
79	0.000147135
80	0.000139789
81	0.000132811
82	0.000126184
83	0.000119881
84	0.000113947
85	0.000108322
86	0.000102996
87	9.80029e-05
88	9.32697e-05
89	8.88279e-05
90	8.46601e-05
91	8.07169e-05
92	7.70589e-05
93	7.36168e-05
94	7.03597e-05
95	6.72928e-05
96	0.00033179
97	0.000323117
98	0.00031484
99	0.000306748
100	0.000298932
101	0.000291493
102	0.000284268
103	0.000277257
104	0.000270436
105	0.000263861
106	0.000257499
107	0.000251212
108	0.000245207
109	0.000239467
110	0.000233886
111	0.000228351
112	0.000223091
113	0.000217864
114	0.000212577
115	0.000207335
116	0.000202132
117	0.000197035
118	0.000192
119	0.000187263
120	0.000182554
121	0.000177864
122	0.000173232
123	0.00016868
124	0.000163946
125	0.000159451
126	0.000155043
127	0.000150153
128	0.000145386
129	0.000140572
130	0.00013559
131	0.000130703
132	0.000125806
133	0.000121105
134	0.000116605
135	0.000112252
136	0.000108137
137	0.000104406
138	0.000100887
139	9.76964e-05
140	9.47549e-05
141	9.19646e-05
142	8.93482e-05
143	8.69758e-05
144	8.47702e-05
145	8.27041e-05
146	8.08367e-05
147	7.91078e-05
148	7.74629e-05
149	7.58672e-05
150	7.44163e-05
151	7.30709e-05
152	7.17705e-05
153	7.04758e-05
154	6.91719e-05
155	6.78564e-05
156	6.65584e-05
157	6.52473e-05
158	6.39321e-05
159	6.26826e-05
160	6.14019e-05
161	6.00923e-05
162	5.87902e-05
163	5.75e-05
164	5.6207e-05
165	5.4923e-05
166	5.3664e-05
167	5.24301e-05
168	5.12149e-05
169	5.00198e-05
170	4.88322e-05
171	4.7689e-05
172	4.65677e-05
173	4.54615e-05
174	4.43672e-05
175	4.33294e-05
176	4.2305e-05
177	4.13097e-05
178	4.03492e-05
179	3.94114e-05
180	3.84887e-05
181	3.75904e-05
182	3.67019e-05
183	3.58117e-05
184	3.49374e-05
185	3.40803e-05
186	3.32377e-05
187	3.24061e-05
188	3.16082e-05
189	3.08406e-05
190	3.00908e-05
191	2.93674e-05
192	2.86794e-05
193	2.80253e-05
194	2.7401e-05
195	2.68069e-05
196	2.62499e-05
197	2.57269e-05
198	2.52356e-05
199	2.47757e-05
200	2.434e-05
201	2.39301e-05
202	2.35483e-05
203	2.31883e-05
204	2.28485e-05
205	2.25258e-05
206	2.22165e-05
207	2.19184e-05
208	2.16294e-05
209	2.13489e-05
210	2.10781e-05
211	2.08147e-05
212	2.05579e-05
213	2.03062e-05
214	2.00585e-05
215	1.98151e-05
216	1.95743e-05
217	1.93361e-05
218	1.9099e-05
219	1.88648e-05
220	1.86327e-05
221	1.84037e-05
222	1.81766e-05
223	1.79528e-05
224	1.77319e-05
225	1.75135e-05
226	1.72987e-05
227	1.70866e-05
228	1.68777e-05
229	1.66724e-05
230	1.64699e-05
231	1.62705e-05
232	1.60741e-05
233	1.58797e-05
234	1.56888e-05
235	1.54995e-05
236	1.53133e-05
237	1.51309e-05
238	1.49515e-05
239	1.47756e-05
240	1.46026e-05
241	1.44334e-05
242	1.42665e-05
243	1.41025e-05
244	1.39423e-05
245	1.37847e-05
246	1.36298e-05
247	1.34772e-05
248	1.33262e-05
249	1.31785e-05
250	1.30329e-05
251	1.289e-05
252	1.27492e-05
253	1.26102e-05
254	1.2474e-05
255	1.23407e-05
256	1.22104e-05
257	1.20836e-05
258	1.19594e-05
259	1.18388e-05
260	1.17214e-05
261	1.16072e-05
262	1.14958e-05
263	1.13871e-05
264	1.12818e-05
265	1.11793e-05
266	1.10792e-05
267	1.09815e-05
268	1.08863e-05
269	1.07931e-05
270	1.07024e-05
271	1.06139e-05
272	1.05279e-05
273	1.04433e-05
274	1.0361e-05
275	1.02815e-05
276	1.02045e-05
277	1.01297e-05
278	1.00568e-05
279	9.98717e-06
280	9.91915e-06
281	9.85285e-06
282	9.78868e-06
283	9.72732e-06
284	9.66816e-06
285	9.61058e-06
286	9.55541e-06
287	9.50263e-06
288	9.45157e-06
289	9.40255e-06
290	9.3554e-06
291	9.31036e-06
292	9.26702e-06
293	9.22591e-06
294	9.18717e-06
295	9.1507e-06
296	9.1157e-06
297	9.0826e-06
298	9.05155e-06
299	9.02248e-06
300	8.99528e-06
301	8.96957e-06
302	8.94592e-06
303	8.92432e-06
304	8.90431e-06
305	8.88586e-06
306	8.86929e-06
307	8.85487e-06
308	8.84128e-06
309	8.82894e-06
310	8.81798e-06
311	8.80755e-06
312	8.7983e-06
313	8.78926e-06
314	8.78021e-06
315	8.77202e-06
316	8.764e-06
317	8.75561e-06
318	8.74688e-06
319	8.73884e-06
320	8.73066e-06
321	8.7223e-06
322	8.715e-06
323	8.70758e-06
324	8.70013e-06
325	8.69382e-06
326	8.68738e-06
327	8.67998e-06
328	8.67225e-06
329	8.6646e-06
330	8.65701e-06
331	8.64916e-06
332	8.64074e-06
333	8.63222e-06
334	8.62233e-06
335	8.61249e-06
336	8.60277e-06
337	8.59158e-06
338	8.57989e-06
339	8.56826e-06
340	8.55598e-06
341	8.54375e-06
342	8.53108e-06
343	8.51689e-06
344	8.50281e-06
345	8.48754e-06
346	8.47198e-06
347	8.45717e-06
348	8.44134e-06
349	8.42529e-06
350	8.40895e-06
351	8.39214e-06
352	8.37444e-06
353	8.35624e-06
354	8.33719e-06
355	8.31752e-06
356	8.29745e-06
357	8.27574e-06
358	8.25353e-06
359	8.23092e-06
360	8.20733e-06
361	8.18294e-06
362	8.15728e-06
363	8.13116e-06
364	8.10412e-06
365	8.07645e-06
366	8.04821e-06
367	8.01841e-06
368	7.98816e-06
369	7.95762e-06
370	7.92597e-06
371	7.8937e-06
372	7.86023e-06
373	7.82575e-06
374	7.79123e-06
375	7.75598e-06
376	7.72049e-06
377	7.6842e-06
378	7.64672e-06
379	7.609e-06
380	7.57058e-06
381	7.5315e-06
382	7.49228e-06
383	7.4525e-06
384	7.41191e-06
385	7.37094e-06
386	7.33026e-06
387	7.28892e-06
388	7.24704e-06
389	7.20518e-06
390	7.16358e-06
391	7.12149e-06
392	7.07931e-06
393	7.03715e-06
394	6.99512e-06
395	6.95273e-06
396	6.91023e-06
397	6.86748e-06
398	6.82534e-06
399	6.78313e-06
400	6.74049e-06
401	6.69821e-06
402	6.65579e-06
403	6.61412e-06
404	6.57291e-06
405	6.53078e-06
406	6.48884e-06
407	6.44741e-06
408	6.40553e-06
409	6.36424e-06
410	6.32385e-06
411	6.28356e-06
412	6.24349e-06
413	6.20392e-06
414	6.16443e-06
415	6.12484e-06
416	6.08576e-06
417	6.04689e-06
418	6.00854e-06
419	5.97028e-06
420	5.93271e-06
421	5.89527e-06
422	5.85798e-06
423	5.82097e-06
424	5.78446e-06
425	5.74829e-06
426	5.71232e-06
427	5.67663e-06
428	5.64152e-06
429	5.60654e-06
430	5.57174e-06
431	5.53749e-06
432	5.50291e-06
433	5.46905e-06
434	5.43546e-06
435	5.40179e-06
436	5.3684e-06
437	5.33539e-06
438	5.30287e-06
439	5.27053e-06
440	5.23862e-06
441	5.20729e-06
442	5.17576e-06
443	5.14437e-06
444	5.11316e-06
445	5.08229e-06
446	5.05188e-06
447	5.02162e-06
448	4.9916e-06
449	4.96201e-06
450	4.93314e-06
451	4.90431e-06
452	4.87567e-06
453	4.84745e-06
454	4.81946e-06
455	4.79172e-06
456	4.76416e-06
457	4.73602e-06
458	4.70895e-06
459	4.68155e-06
460	4.65447e-06
461	4.62806e-06
462	4.60162e-06
463	4.57531e-06
464	4.54905e-06
465	4.5228e-06
466	4.49661e-06
467	4.47084e-06
468	4.44514e-06
469	4.41961e-06
470	4.39434e-06
471	4.3693e-06
472	4.34446e-06
473	4.32005e-06
474	4.29593e-06
475	4.27216e-06
476	4.24821e-06
477	4.22434e-06
478	4.20106e-06
479	4.17785e-06
480	4.15443e-06
481	4.13157e-06
482	4.10906e-06
483	4.0869e-06
484	4.0647e-06
485	4.0425e-06
486	4.02026e-06
487	3.99808e-06
488	3.97658e-06
489	3.95493e-06
490	3.9334e-06
491	3.91187e-06
492	3.89086e-06
493	3.86991e-06
494	3.84952e-06
495	3.82899e-06
496	3.80858e-06
497	3.78815e-06
498	3.76804e-06
499	3.74801e-06
500	3.72815e-06
501	3.70854e-06
502	3.68926e-06
503	3.67063e-06
504	3.65162e-06
505	3.63326e-06
506	3.61488e-06
507	3.59659e-06
508	3.57841e-06
509	3.5603e-06
510	3.54254e-06
511	3.52472e-06
512	3.50748e-06
513	3.49033e-06
514	3.47311e-06
515	3.45633e-06
516	3.43986e-06
517	3.42328e-06
518	3.40703e-06
519	3.39071e-06
520	3.37464e-06
521	3.3586e-06
522	3.34255e-06
523	3.32662e-06
524	3.31018e-06
525	3.29416e-06
526	3.27871e-06
527	3.26346e-06
528	3.24833e-06
529	3.23296e-06
530	3.21763e-06
531	3.20228e-06
532	3.18719e-06
533	3.17215e-06
534	3.15689e-06
535	3.14183e-06
536	3.12653e-06
537	3.11093e-06
538	3.09549e-06
539	3.07993e-06
540	3.06466e-06
541	3.0494e-06
542	3.03407e-06
543	3.01887e-06
544	3.00371e-06
545	2.98885e-06
546	2.97408e-06
547	2.95916e-06
548	2.94426e-06
549	2.92924e-06
550	2.91434e-06
551	2.89975e-06
552	2.88516e-06
553	2.87062e-06
554	2.85607e-06
555	2.84184e-06
556	2.82741e-06
557	2.81326e-06
558	2.79898e-06
559	2.78432e-06
560	2.76985e-06
561	2.75532e-06
562	2.74093e-06
563	2.72684e-06
564	2.71254e-06
565	2.69845e-06
566	2.68456e-06
567	2.67019e-06
568	2.6608e-06
569	2.64711e-06
570	2.63235e-06
571	2.61765e-06
572	2.60327e-06
573	2.59319e-06
574	2.57889e-06
575	2.56388e-06
576	2.54861e-06
577	2.53791e-06
578	2.52325e-06
579	2.50771e-06
580	2.49231e-06
581	2.48107e-06
582	2.46579e-06
583	2.4499e-06
584	2.4384e-06
585	2.42288e-06
586	2.40703e-06
587	2.39113e-06
588	2.37953e-06
589	2.3644e-06
590	2.3487e-06
591	2.33741e-06
592	2.32225e-06
593	2.30655e-06
594	2.29488e-06
595	2.27996e-06
596	2.26444e-06
597	2.25319e-06
598	2.23851e-06
599	2.22712e-06
600	2.21226e-06
601	2.19674e-06
602	2.18528e-06
603	2.17019e-06
604	2.15868e-06
605	2.14372e-06
606	2.12812e-06
607	2.11664e-06
608	2.10161e-06
609	2.09012e-06
610	2.07525e-06
611	2.06346e-06
612	2.04847e-06
613	2.03285e-06
614	2.02099e-06
615	2.00605e-06
616	1.99421e-06
617	1.97909e-06
618	1.96725e-06
619	1.95194e-06
620	1.93959e-06
621	1.92443e-06
622	1.91203e-06
623	1.89658e-06
624	1.88395e-06
625	1.86812e-06
626	1.85506e-06
627	1.8389e-06
628	1.8255e-06
629	1.80859e-06
630	1.79459e-06
631	1.77737e-06
632	1.76277e-06
633	1.74701e-06
634	1.73351e-06
635	1.71667e-06
636	1.70237e-06
637	1.68476e-06
638	1.66961e-06
639	1.65143e-06
640	1.63564e-06
641	1.62013e-06
642	1.60094e-06
643	1.58406e-06
644	1.56432e-06
645	1.54718e-06
646	1.52532e-06
647	1.50626e-06
648	1.48782e-06
649	1.46584e-06
650	1.44646e-06
651	1.42444e-06
652	1.40478e-06
653	1.38564e-06
654	1.36341e-06
655	1.34362e-06
656	1.32456e-06
657	1.30265e-06
658	1.28326e-06
659	1.26456e-06
660	1.24312e-06
661	1.22409e-06
662	1.20565e-06
663	1.18443e-06
664	1.16582e-06
665	1.14788e-06
666	1.13024e-06
667	1.11021e-06
668	1.09287e-06
669	1.0763e-06
670	1.06115e-06
671	1.04341e-06
672	1.02804e-06
673	1.01335e-06
674	9.98794e-07
675	1.67578e-07
676	1.63116e-07
677	1.58978e-07
678	1.55021e-07
679	1.51262e-07
680	8.74078e-07
681	1.45405e-07
682	1.41909e-07
683	1.38529e-07
684	1.35304e-07
685	1.31797e-07
686	1.28691e-07
687	1.25746e-07
688	1.22858e-07
689	1.2004e-07
690	1.17309e-07
691	1.14298e-07
692	1.11655e-07
693	1.09073e-07
694	1.06546e-07
695	1.04085e-07
696	1.01648e-07
697	9.92598e-08
698	9.69369e-08
699	9.43445e-08
700	9.20625e-08
701	8.98457e-08
702	8.76489e-08
703	8.54655e-08
704	8.33098e-08
705	8.1189e-08
706	7.90941e-08
707	7.70171e-08
708	7.49642e-08
709	7.26831e-08
710	7.06455e-08
711	6.86573e-08
712	6.66938e-08
713	6.47574e-08
714	6.28248e-08
715	6.09039e-08
716	5.90035e-08
717	5.7117e-08
718	5.52614e-08
719	5.34229e-08
720	5.16145e-08
721	4.98317e-08
722	4.80852e-08
723	4.62103e-08
724	4.45209e-08
725	4.28901e-08
726	4.13013e-08
727	3.97519e-08
728	3.82422e-08
729	3.67709e-08
730	3.53417e-08
731	3.39604e-08
732	3.26171e-08
733	3.13115e-08
734	3.00502e-08
735	2.88262e-08
736	2.7647e-08
737	2.65042e-08
738	2.54008e-08
739	2.43414e-08
740	2.33244e-08
741	2.23472e-08
742	2.14046e-08
743	2.05066e-08
744	1.95997e-08
745	1.87977e-08
746	1.80206e-08
747	1.72816e-08
748	1.65773e-08
749	1.59062e-08
750	1.52649e-08
751	1.46542e-08
752	1.40713e-08
753	1.35118e-08
754	1.29798e-08
755	1.24708e-08
756	1.19854e-08
757	1.15216e-08
758	1.10829e-08
759	1.0664e-08
760	1.02657e-08
761	9.88799e-09
762	9.52984e-09
763	9.18824e-09
764	8.86172e-09
765	8.54818e-09
766	8.24897e-09
767	7.96377e-09
768	7.69003e-09
769	7.42822e-09
770	5.18344e-08
771	5.11376e-08
772	5.0142e-08
773	6.90302e-09
774	6.66201e-09
775	6.43395e-09
776	6.21712e-09
777	6.00917e-09
778	5.80992e-09
779	5.62042e-09
780	5.43918e-09
781	5.26444e-09
782	5.09607e-09
783	4.9347e-09
784	4.779e-09
785	4.62926e-09
786	4.4839e-09
787	4.34349e-09
788	4.20788e-09
789	4.07745e-09
790	3.9504e-09
791	3.8286e-09
792	3.70912e-09
793	3.59469e-09
794	3.48299e-09
795	3.37498e-09
796	3.27148e-09
797	3.17075e-09
798	3.07273e-09
799	2.97803e-09
800	2.886e-09
801	2.79724e-09
802	2.71217e-09
803	2.82494e-09
804	2.76083e-09
805	2.67266e-09
806	2.58861e-09
807	2.50557e-09
808	2.42462e-09
809	2.34731e-09
810	2.27108e-09
811	2.19788e-09
812	2.12634e-09
813	2.05715e-09
814	1.98977e-09
815	1.9255e-09
816	1.8627e-09
817	1.8019e-09
818	1.74247e-09
819	1.68595e-09
820	1.6315e-09
821	1.5786e-09
822	1.5279e-09
823	1.47838e-09
824	1.43164e-09
825	1.38598e-09
826	1.34301e-09
827	9.97504e-09
828	9.72174e-09
829	9.48162e-09
830	9.23593e-09
831	9.00083e-09
832	8.7635e-09
833	8.52847e-09
834	8.30035e-09
835	8.09093e-09
836	7.86811e-09
837	7.65654e-09
838	7.45538e-09
839	7.25279e-09
840	7.06105e-09
841	6.88596e-09
842	6.70475e-09
843	6.53038e-09
844	6.36788e-09
845	8.04189e-09
846	8.12861e-09
847	7.93046e-09
848	7.7479e-09
849	7.56922e-09
850	7.38816e-09
851	7.22405e-09
852	7.05598e-09
853	6.87571e-09
854	6.70222e-09
855	6.5367e-09
856	6.38615e-09
857	6.2297e-09
858	6.07246e-09
859	5.91813e-09
860	5.76883e-09
861	5.63716e-09
862	5.51965e-09
863	5.38199e-09
864	5.25932e-09
865	5.15155e-09
866	5.04634e-09
867	4.92859e-09
868	4.83364e-09
869	4.72856e-09
870	4.64075e-09
871	4.55371e-09
872	4.47e-09
873	4.39291e-09
874	4.30646e-09
875	4.23046e-09
876	4.15607e-09
877	4.0915e-09
878	4.02068e-09
879	3.95934e-09
880	3.89652e-09
881	3.83822e-09
882	3.77517e-09
883	3.72161e-09
884	3.6675e-09
885	3.61894e-09
886	3.56338e-09
887	3.51363e-09
888	3.47521e-09
889	3.42831e-09
890	3.37922e-09
891	3.33815e-09
892	3.30526e-09
893	3.25088e-09
894	3.21654e-09
895	3.17897e-09
896	3.14368e-09
897	3.10213e-09
898	3.07007e-09
899	3.03421e-09
900	3.00022e-09
901	2.97286e-09
902	2.93559e-09
903	2.90873e-09
904	2.87535e-09
905	2.84693e-09
906	4.8105e-09
907	5.06632e-09
908	4.96164e-09
909	4.87937e-09
910	4.801e-09
911	4.71378e-09
912	4.6304e-09
913	4.54121e-09
914	4.45671e-09
915	4.36654e-09
916	4.28961e-09
917	4.20428e-09
918	4.11983e-09
919	4.04755e-09
920	3.96305e-09
921	3.89826e-09
922	3.82068e-09
923	3.74785e-09
924	3.67574e-09
925	3.62004e-09
926	3.55663e-09
927	3.49943e-09
928	3.43594e-09
929	3.38416e-09
930	3.32989e-09
931	3.28618e-09
932	3.24639e-09
933	3.18889e-09
934	3.14844e-09
935	3.10355e-09
936	3.06112e-09
937	3.02147e-09
938	2.98241e-09
939	2.95482e-09
940	2.91093e-09
941	2.87586e-09
942	2.84215e-09
943	2.80642e-09
944	2.75892e-09
945	2.74191e-09
946	2.71181e-09
947	2.67365e-09
948	2.64243e-09
