1	3.0744e-05
2	1.63396e-05
3	1.5239e-05
4	1.31683e-05
5	1.12927e-05
6	9.84027e-06
7	8.69151e-06
8	7.76798e-06
9	7.12121e-06
10	6.61376e-06
11	6.16504e-06
12	5.73427e-06
13	5.33828e-06
14	4.9846e-06
15	4.67413e-06
16	4.40801e-06
17	4.16593e-06
18	3.94015e-06
19	3.72625e-06
20	3.52651e-06
21	3.33933e-06
22	3.16782e-06
23	3.00951e-06
24	2.8589e-06
25	2.71619e-06
26	2.58647e-06
27	2.47124e-06
28	2.36651e-06
29	2.27351e-06
30	2.19663e-06
31	2.12887e-06
32	2.06348e-06
33	1.99914e-06
34	1.93832e-06
35	1.88089e-06
36	1.82698e-06
37	1.77346e-06
38	1.72199e-06
39	1.67142e-06
40	1.62205e-06
41	1.5728e-06
42	1.52357e-06
43	1.47568e-06
44	1.42816e-06
45	1.38187e-06
46	1.33688e-06
47	1.29303e-06
48	1.25164e-06
49	1.21221e-06
50	1.17591e-06
51	1.14267e-06
52	1.11325e-06
53	1.08767e-06
54	1.06434e-06
55	1.04367e-06
56	1.02564e-06
57	1.00877e-06
58	9.93773e-07
59	9.80504e-07
60	9.68593e-07
61	9.57485e-07
62	9.47279e-07
63	9.36849e-07
64	9.27354e-07
65	9.17736e-07
66	9.07761e-07
67	8.98612e-07
68	8.88935e-07
69	8.79071e-07
70	8.68677e-07
71	8.57814e-07
72	8.46714e-07
73	8.35498e-07
74	8.2379e-07
75	8.11612e-07
76	7.99459e-07
77	7.87198e-07
78	7.74282e-07
79	7.61091e-07
80	7.47768e-07
81	7.34283e-07
82	7.21214e-07
83	7.08249e-07
84	6.95508e-07
85	6.83e-07
86	6.70576e-07
87	6.58404e-07
88	6.46588e-07
89	6.34996e-07
90	6.2355e-07
91	6.12731e-07
92	6.02264e-07
93	5.92236e-07
94	5.82741e-07
95	5.73394e-07
96	5.6421e-07
97	5.55367e-07
98	5.46827e-07
99	5.38372e-07
100	5.30008e-07
101	5.21851e-07
102	5.13704e-07
103	5.05426e-07
104	4.97249e-07
105	4.89343e-07
106	4.81444e-07
107	4.73529e-07
108	4.65904e-07
109	4.58268e-07
110	4.50756e-07
111	4.43488e-07
112	4.3611e-07
113	4.28454e-07
114	4.20857e-07
115	4.13351e-07
116	4.05807e-07
117	3.98478e-07
118	3.91165e-07
119	3.83847e-07
120	3.76959e-07
121	3.70483e-07
122	3.64069e-07
123	3.57786e-07
124	3.51607e-07
125	3.4573e-07
126	3.40155e-07
127	3.34876e-07
128	3.29844e-07
129	3.24918e-07
130	3.20288e-07
131	3.15989e-07
132	3.11815e-07
133	3.07688e-07
134	3.03785e-07
135	3.00092e-07
136	2.96637e-07
137	2.93336e-07
138	2.90138e-07
139	2.87063e-07
140	2.8401e-07
141	2.80923e-07
142	2.77857e-07
143	2.74839e-07
144	2.71767e-07
145	2.68535e-07
146	2.65203e-07
147	2.61799e-07
148	2.5831e-07
149	2.54681e-07
150	2.50977e-07
151	2.47108e-07
152	2.43077e-07
153	2.39051e-07
154	2.34937e-07
155	2.30744e-07
156	2.26494e-07
157	2.22203e-07
158	2.17848e-07
159	2.1347e-07
160	2.09088e-07
161	2.04688e-07
162	2.00299e-07
163	1.95935e-07
164	1.91582e-07
165	1.87282e-07
166	1.83052e-07
167	1.78904e-07
168	1.7488e-07
169	1.70949e-07
170	1.67116e-07
171	1.63412e-07
172	1.59836e-07
173	1.56399e-07
174	1.53085e-07
175	1.49899e-07
176	1.46851e-07
177	1.4397e-07
178	1.41205e-07
179	1.38535e-07
180	1.36011e-07
181	1.33603e-07
182	1.31293e-07
183	1.29116e-07
184	1.27077e-07
185	1.25167e-07
186	1.23356e-07
187	1.21669e-07
188	1.20069e-07
189	1.18577e-07
190	1.17153e-07
191	1.1579e-07
192	1.14505e-07
193	1.13302e-07
194	1.12166e-07
195	1.11103e-07
196	1.10085e-07
197	1.09117e-07
198	1.08202e-07
199	1.07338e-07
200	1.06509e-07
201	1.05711e-07
202	1.04948e-07
203	1.04222e-07
204	1.03539e-07
205	1.02879e-07
206	1.02236e-07
207	1.01616e-07
208	1.01026e-07
209	1.00465e-07
210	9.99061e-08
211	9.93712e-08
212	9.88741e-08
213	9.84054e-08
214	9.79608e-08
215	9.75246e-08
216	9.71032e-08
217	9.67044e-08
218	9.63251e-08
219	9.59698e-08
220	9.56315e-08
221	9.53205e-08
222	9.5034e-08
223	9.47597e-08
224	9.44982e-08
225	9.42464e-08
226	9.40032e-08
227	9.37671e-08
228	9.35359e-08
229	9.33053e-08
230	9.30604e-08
231	9.28283e-08
232	9.25864e-08
233	9.23353e-08
234	9.20805e-08
235	9.18327e-08
236	9.15792e-08
237	9.13137e-08
238	9.10523e-08
239	9.07934e-08
240	9.05343e-08
241	9.02697e-08
242	9.00032e-08
243	8.97335e-08
244	8.94686e-08
245	8.91865e-08
246	8.89169e-08
247	8.86495e-08
248	8.83822e-08
249	8.81118e-08
250	8.78447e-08
251	8.75799e-08
252	8.73158e-08
253	8.70486e-08
254	8.67834e-08
255	8.65246e-08
256	8.62659e-08
257	8.6017e-08
258	8.57702e-08
259	8.5521e-08
260	8.52762e-08
261	8.50384e-08
262	8.4802e-08
263	8.45711e-08
264	8.43559e-08
265	8.41475e-08
266	8.39354e-08
267	8.3726e-08
268	8.35213e-08
269	8.33218e-08
270	8.31285e-08
271	8.2941e-08
272	8.27514e-08
273	8.25717e-08
274	8.23867e-08
275	8.21958e-08
276	8.20075e-08
277	8.18361e-08
278	8.16703e-08
279	8.14895e-08
280	8.13138e-08
281	8.1157e-08
282	8.0988e-08
283	8.08117e-08
284	8.06427e-08
285	8.04867e-08
286	8.03251e-08
287	8.0162e-08
288	8.00079e-08
289	7.98515e-08
290	7.96832e-08
291	7.95177e-08
292	7.93666e-08
293	7.92146e-08
294	7.90603e-08
295	7.89198e-08
296	7.87676e-08
297	7.86175e-08
298	7.8471e-08
299	7.83245e-08
300	7.81745e-08
301	7.80268e-08
302	7.78817e-08
303	7.77326e-08
304	7.75914e-08
305	7.74522e-08
306	7.73131e-08
307	7.71684e-08
308	7.70305e-08
309	7.69019e-08
310	7.67677e-08
311	7.66413e-08
312	7.65228e-08
313	7.6397e-08
314	7.62812e-08
315	7.61701e-08
316	7.60509e-08
317	7.59309e-08
318	7.582e-08
319	7.57094e-08
320	7.55823e-08
321	7.54621e-08
322	7.53369e-08
323	7.52022e-08
324	7.5068e-08
325	7.49377e-08
326	7.479e-08
327	7.46441e-08
328	7.44998e-08
329	7.43485e-08
330	7.41966e-08
331	7.40568e-08
332	7.39176e-08
333	7.37741e-08
334	7.36334e-08
335	7.34995e-08
336	7.33688e-08
337	7.32381e-08
338	7.31143e-08
339	7.30106e-08
340	7.29147e-08
341	7.28214e-08
342	7.27356e-08
343	7.26595e-08
344	7.2598e-08
345	7.25364e-08
346	7.24793e-08
347	7.24217e-08
348	7.23603e-08
349	7.22997e-08
350	7.22352e-08
351	7.21589e-08
352	7.2067e-08
353	7.19624e-08
354	7.18415e-08
355	7.17072e-08
356	7.15465e-08
357	7.13614e-08
358	7.11572e-08
359	7.09247e-08
360	7.06549e-08
361	7.03546e-08
362	7.0023e-08
363	6.96644e-08
364	6.92788e-08
365	6.88641e-08
366	6.84157e-08
367	6.79439e-08
368	6.74487e-08
369	6.69301e-08
370	6.6395e-08
371	6.58402e-08
372	6.52648e-08
373	6.46793e-08
374	6.40802e-08
375	6.34708e-08
376	6.28586e-08
377	6.22326e-08
378	6.16019e-08
379	6.09694e-08
380	6.03245e-08
381	5.96788e-08
382	5.9036e-08
383	5.83909e-08
384	5.77417e-08
385	5.71006e-08
386	5.64539e-08
387	5.58099e-08
388	5.5173e-08
389	5.45392e-08
390	5.39091e-08
391	5.32856e-08
392	5.26643e-08
393	5.20438e-08
394	5.14354e-08
395	5.08299e-08
396	5.02283e-08
397	4.96383e-08
398	4.90537e-08
399	4.84773e-08
400	4.79095e-08
401	4.73426e-08
402	4.67818e-08
403	4.62358e-08
404	4.56928e-08
405	4.51557e-08
406	4.46248e-08
407	4.40998e-08
408	4.35809e-08
409	4.30762e-08
410	4.25731e-08
411	4.20721e-08
412	4.15784e-08
413	4.1092e-08
414	4.06063e-08
415	4.01381e-08
416	3.9671e-08
417	3.92056e-08
418	3.8747e-08
419	3.82999e-08
420	3.78569e-08
421	3.74195e-08
422	3.69803e-08
423	3.65544e-08
424	3.61368e-08
425	3.57221e-08
426	3.53112e-08
427	3.49057e-08
428	3.45014e-08
429	3.41067e-08
430	3.37237e-08
431	3.3339e-08
432	3.29586e-08
433	3.25888e-08
434	3.22221e-08
435	3.18573e-08
436	3.15e-08
437	3.11478e-08
438	3.07945e-08
439	3.04548e-08
440	3.01213e-08
441	2.97884e-08
442	2.94611e-08
443	2.91388e-08
444	2.88164e-08
445	2.85052e-08
446	2.81946e-08
447	2.78898e-08
448	2.75944e-08
449	2.72999e-08
450	2.70096e-08
451	2.67281e-08
452	2.64442e-08
453	2.61668e-08
454	2.5894e-08
455	2.56265e-08
456	2.53573e-08
457	2.51026e-08
458	2.48483e-08
459	2.45962e-08
460	2.43495e-08
461	2.41067e-08
462	2.38686e-08
463	2.36321e-08
464	2.33954e-08
465	2.31637e-08
466	2.29422e-08
467	2.27255e-08
468	2.25041e-08
469	2.22951e-08
470	2.20818e-08
471	2.18701e-08
472	2.16685e-08
473	2.14691e-08
474	2.12657e-08
475	2.10729e-08
476	2.08811e-08
477	2.06908e-08
478	2.05046e-08
479	2.0319e-08
480	2.01361e-08
481	1.99608e-08
482	1.97867e-08
483	1.96103e-08
484	1.944e-08
485	1.92757e-08
486	1.91042e-08
487	1.89443e-08
488	1.87813e-08
489	1.86218e-08
490	1.84669e-08
491	1.83122e-08
492	1.81555e-08
493	1.80086e-08
494	1.78587e-08
495	1.77101e-08
496	1.75641e-08
497	1.74227e-08
498	1.7281e-08
499	1.71424e-08
500	1.70041e-08
501	1.6864e-08
502	1.67355e-08
503	1.66014e-08
504	1.64697e-08
505	1.63418e-08
506	1.62121e-08
507	1.60841e-08
508	1.59597e-08
509	1.58388e-08
510	1.57116e-08
511	1.55928e-08
512	1.54734e-08
513	1.53516e-08
514	1.52336e-08
515	1.51232e-08
516	1.50027e-08
517	1.48884e-08
518	1.47773e-08
519	1.46655e-08
520	1.45556e-08
521	1.44445e-08
522	1.4337e-08
523	1.42275e-08
524	1.41198e-08
525	1.4016e-08
526	1.39102e-08
527	1.38054e-08
528	1.36974e-08
529	1.35972e-08
530	1.34971e-08
531	1.3391e-08
532	1.3293e-08
533	1.31915e-08
534	1.30883e-08
535	1.29883e-08
536	1.28855e-08
537	1.27896e-08
538	1.26928e-08
539	1.25973e-08
540	1.25008e-08
541	1.24031e-08
542	1.23061e-08
543	1.2209e-08
544	1.21136e-08
545	1.20196e-08
546	1.19229e-08
547	1.18341e-08
548	1.17377e-08
549	1.16396e-08
550	1.1548e-08
551	1.14564e-08
552	1.1364e-08
553	1.12695e-08
554	1.11755e-08
555	1.10818e-08
556	1.09906e-08
557	1.09042e-08
558	1.08106e-08
559	1.07213e-08
560	1.06289e-08
561	1.05355e-08
562	1.04492e-08
563	1.0359e-08
564	1.02704e-08
565	1.01835e-08
566	1.0092e-08
567	1.00065e-08
568	9.92239e-09
569	1.03689e-08
570	1.02421e-08
571	1.01287e-08
572	1.00143e-08
573	9.90145e-09
574	1.03403e-08
575	1.0199e-08
576	1.00612e-08
577	9.93647e-09
578	1.03521e-08
579	1.01953e-08
580	1.00478e-08
581	9.90911e-09
582	1.03083e-08
583	1.01388e-08
584	9.98262e-09
585	1.03761e-08
586	1.01895e-08
587	1.00237e-08
588	9.86046e-09
589	1.02365e-08
590	1.00533e-08
591	9.87504e-09
592	1.0248e-08
593	1.00452e-08
594	9.86128e-09
595	1.02209e-08
596	1.00134e-08
597	9.8224e-09
598	1.01704e-08
599	9.95811e-09
600	1.0305e-08
601	1.00749e-08
602	9.8658e-09
603	1.02007e-08
604	9.97146e-09
605	1.03053e-08
606	1.00599e-08
607	9.83891e-09
608	1.01546e-08
609	9.91254e-09
610	1.02365e-08
611	9.98256e-09
612	1.02925e-08
613	1.00253e-08
614	9.78492e-09
615	1.00878e-08
616	9.83516e-09
617	1.01411e-08
618	9.87599e-09
619	1.01657e-08
620	9.89884e-09
621	1.01841e-08
622	9.91259e-09
623	1.01921e-08
624	9.91439e-09
625	1.01948e-08
626	9.91604e-09
627	1.01889e-08
628	9.90478e-09
629	1.0171e-08
630	9.88888e-09
631	1.01534e-08
632	9.86689e-09
633	1.01358e-08
634	9.85016e-09
635	1.01052e-08
636	9.81716e-09
637	1.00754e-08
638	9.78512e-09
639	1.003e-08
640	9.73804e-09
641	9.98068e-09
642	1.02274e-08
643	9.90421e-09
644	1.01429e-08
645	9.8085e-09
646	1.00461e-08
647	9.7166e-09
648	9.93606e-09
649	1.01514e-08
650	9.79868e-09
651	1.00134e-08
652	9.65581e-09
653	9.86673e-09
654	1.00643e-08
655	9.69797e-09
656	9.8947e-09
657	1.00801e-08
658	9.69597e-09
659	9.886e-09
660	1.00639e-08
661	9.65845e-09
662	9.84256e-09
663	1.00078e-08
664	9.59582e-09
665	9.76763e-09
666	9.92635e-09
667	1.00966e-08
668	9.64976e-09
669	9.80394e-09
670	9.9613e-09
671	1.01174e-08
672	9.64396e-09
673	9.78956e-09
674	9.93417e-09
675	1.00717e-08
676	9.59168e-09
677	9.72497e-09
678	9.85232e-09
679	9.98789e-09
680	1.01247e-08
681	9.59565e-09
682	9.71899e-09
683	9.8303e-09
684	9.95372e-09
685	1.00685e-08
686	9.52262e-09
687	9.6321e-09
688	9.73291e-09
689	9.83919e-09
690	9.94326e-09
691	1.0039e-08
692	9.46828e-09
693	9.55357e-09
694	9.64085e-09
695	9.73415e-09
696	9.82359e-09
697	9.90473e-09
698	9.98937e-09
699	1.00641e-08
700	9.43911e-09
701	9.51276e-09
702	9.58038e-09
703	9.65187e-09
704	9.72656e-09
705	9.78343e-09
706	9.85856e-09
707	9.91929e-09
708	9.98016e-09
709	1.0038e-08
710	9.37042e-09
711	9.42447e-09
712	9.47608e-09
713	9.529e-09
714	9.58626e-09
715	9.62665e-09
716	9.69159e-09
717	9.74056e-09
718	9.78902e-09
719	9.83242e-09
720	9.88411e-09
721	9.91841e-09
722	9.9782e-09
723	1.00081e-08
724	9.2806e-09
725	9.32898e-09
726	9.36177e-09
727	9.39638e-09
728	9.44603e-09
729	9.47309e-09
730	9.52441e-09
731	9.55734e-09
732	9.60374e-09
733	9.63362e-09
734	9.67634e-09
735	9.70344e-09
736	9.75376e-09
737	9.78311e-09
738	9.81914e-09
739	9.84589e-09
740	9.89513e-09
741	9.91735e-09
742	9.95998e-09
743	9.98584e-09
744	1.00202e-08
745	9.22903e-09
746	9.26403e-09
747	9.28495e-09
748	9.31814e-09
749	9.35593e-09
750	9.38336e-09
751	9.41588e-09
752	9.45549e-09
753	9.47913e-09
754	9.51564e-09
755	9.5512e-09
756	9.58157e-09
757	9.61267e-09
758	9.64622e-09
759	9.66793e-09
760	9.70721e-09
761	9.74112e-09
762	9.76633e-09
763	9.79474e-09
764	9.82612e-09
765	9.85411e-09
766	9.88776e-09
767	9.91762e-09
768	9.936e-09
769	9.96736e-09
770	1.00019e-08
771	9.16315e-09
772	9.18999e-09
773	9.20851e-09
774	9.23315e-09
775	9.26993e-09
776	9.29656e-09
777	9.32615e-09
778	9.35866e-09
779	9.38292e-09
780	9.40825e-09
781	9.44953e-09
782	9.47368e-09
783	9.49983e-09
784	9.53219e-09
785	9.55924e-09
786	9.58144e-09
787	9.62361e-09
788	9.63703e-09
789	9.66248e-09
790	9.69351e-09
791	9.72729e-09
792	9.73994e-09
793	9.77386e-09
794	9.7948e-09
795	9.81782e-09
796	9.84806e-09
797	9.87691e-09
798	9.89064e-09
799	9.92016e-09
800	9.93549e-09
801	9.96691e-09
802	9.99316e-09
803	1.00112e-08
804	9.13375e-09
805	9.15705e-09
806	9.17431e-09
807	9.19849e-09
808	9.22574e-09
809	9.24131e-09
810	9.26996e-09
811	9.30208e-09
812	9.31871e-09
813	9.3452e-09
814	9.36995e-09
815	9.39131e-09
816	9.42161e-09
817	9.44693e-09
818	9.46222e-09
819	9.48454e-09
820	9.52044e-09
821	9.53592e-09
822	9.56245e-09
823	9.58274e-09
824	9.60398e-09
825	9.62314e-09
826	9.65792e-09
827	9.67178e-09
828	9.68851e-09
829	9.71739e-09
830	9.73095e-09
831	9.75287e-09
832	9.77968e-09
833	9.78829e-09
834	9.81166e-09
835	9.8319e-09
836	9.84813e-09
837	9.87181e-09
838	9.88746e-09
839	9.89424e-09
840	9.91819e-09
841	9.9437e-09
842	9.95773e-09
843	9.9707e-09
844	9.99473e-09
845	1.00022e-08
846	9.10483e-09
847	9.11727e-09
848	9.12313e-09
849	9.14418e-09
850	9.16637e-09
851	9.17508e-09
852	9.20999e-09
853	9.22253e-09
854	9.2376e-09
855	9.25617e-09
856	9.28308e-09
857	9.29779e-09
858	9.32109e-09
859	9.33807e-09
860	9.34987e-09
861	9.37051e-09
862	9.40523e-09
863	9.40393e-09
864	9.43166e-09
865	9.44783e-09
866	9.4656e-09
867	9.47962e-09
868	9.50878e-09
869	9.50964e-09
870	9.53366e-09
871	9.55326e-09
872	9.56717e-09
873	9.58081e-09
874	9.60306e-09
875	9.60512e-09
876	9.62866e-09
877	9.64606e-09
878	9.65515e-09
879	9.67486e-09
880	9.68979e-09
881	9.69348e-09
882	9.71855e-09
883	9.72865e-09
884	9.73866e-09
885	9.75653e-09
886	9.77611e-09
887	9.77258e-09
888	9.79916e-09
889	9.811e-09
890	9.8185e-09
891	9.83219e-09
892	9.85575e-09
893	9.84722e-09
894	9.87009e-09
895	9.88223e-09
896	9.89446e-09
897	9.9043e-09
898	9.92026e-09
899	9.91796e-09
900	9.93765e-09
901	9.95252e-09
902	9.95735e-09
903	9.97103e-09
904	9.98948e-09
905	9.98217e-09
906	1.00042e-08
907	9.0769e-09
908	9.07339e-09
909	9.08004e-09
910	9.10151e-09
911	9.10724e-09
912	9.11979e-09
913	9.13212e-09
914	9.15033e-09
915	9.15904e-09
916	9.17923e-09
917	9.19092e-09
918	9.20018e-09
919	9.22331e-09
920	9.22702e-09
921	9.24899e-09
922	9.26311e-09
923	9.27353e-09
924	9.28119e-09
925	9.30447e-09
926	9.31053e-09
927	9.33281e-09
928	9.3414e-09
929	9.34823e-09
930	9.36113e-09
931	9.37789e-09
932	9.39272e-09
933	9.40107e-09
934	9.41309e-09
935	9.41799e-09
936	9.42848e-09
937	9.44978e-09
938	9.45303e-09
939	9.46252e-09
940	9.48005e-09
941	9.47918e-09
942	9.48757e-09
943	9.50431e-09
944	9.50417e-09
945	9.51402e-09
946	9.52283e-09
947	9.52992e-09
948	9.53185e-09
