1	2.15364e-06
2	1.10832e-06
3	9.00093e-07
4	7.39595e-07
5	6.5514e-07
6	5.99748e-07
7	5.5164e-07
8	5.11029e-07
9	4.76688e-07
10	4.48091e-07
11	4.22948e-07
12	3.98542e-07
13	3.7626e-07
14	3.56177e-07
15	3.38352e-07
16	3.22224e-07
17	3.07109e-07
18	2.92816e-07
19	2.78942e-07
20	2.65537e-07
21	2.52294e-07
22	2.39547e-07
23	2.27344e-07
24	2.15414e-07
25	2.04032e-07
26	1.93393e-07
27	1.83837e-07
28	1.75249e-07
29	1.67836e-07
30	1.61788e-07
31	1.56685e-07
32	1.51864e-07
33	1.4731e-07
34	1.43172e-07
35	1.39556e-07
36	1.36571e-07
37	1.3358e-07
38	1.30525e-07
39	1.27423e-07
40	1.24218e-07
41	1.20876e-07
42	1.17428e-07
43	1.13942e-07
44	1.10478e-07
45	1.07121e-07
46	1.03863e-07
47	1.00699e-07
48	9.76711e-08
49	9.47939e-08
50	9.2059e-08
51	8.94851e-08
52	8.71179e-08
53	8.49802e-08
54	8.31769e-08
55	8.16635e-08
56	8.04287e-08
57	7.94093e-08
58	7.84639e-08
59	7.76235e-08
60	7.69467e-08
61	7.62916e-08
62	7.57454e-08
63	7.51908e-08
64	7.46774e-08
65	7.40897e-08
66	7.34367e-08
67	7.28248e-08
68	7.21972e-08
69	7.16384e-08
70	7.10127e-08
71	7.02416e-08
72	6.94301e-08
73	6.8535e-08
74	6.75681e-08
75	6.66151e-08
76	6.56052e-08
77	6.44924e-08
78	6.33627e-08
79	6.21702e-08
80	6.09296e-08
81	5.96907e-08
82	5.85149e-08
83	5.73073e-08
84	5.6111e-08
85	5.49232e-08
86	5.37456e-08
87	5.25853e-08
88	5.14778e-08
89	5.0398e-08
90	4.93896e-08
91	4.8469e-08
92	4.76178e-08
93	4.68339e-08
94	4.60754e-08
95	4.53473e-08
96	4.46573e-08
97	4.39545e-08
98	4.32714e-08
99	4.25968e-08
100	4.18853e-08
101	4.11779e-08
102	4.04395e-08
103	3.96747e-08
104	3.89445e-08
105	3.83131e-08
106	3.77255e-08
107	3.7164e-08
108	3.66604e-08
109	3.61605e-08
110	3.57009e-08
111	3.52897e-08
112	3.48611e-08
113	3.4403e-08
114	3.39271e-08
115	3.34607e-08
116	3.2971e-08
117	3.24946e-08
118	3.20237e-08
119	3.15509e-08
120	3.10991e-08
121	3.0642e-08
122	3.01761e-08
123	2.9726e-08
124	2.93031e-08
125	2.8886e-08
126	2.8466e-08
127	2.80493e-08
128	2.76239e-08
129	2.7178e-08
130	2.6743e-08
131	2.63283e-08
132	2.59377e-08
133	2.55846e-08
134	2.52818e-08
135	2.50493e-08
136	2.48516e-08
137	2.46664e-08
138	2.44827e-08
139	2.43044e-08
140	2.41168e-08
141	2.39107e-08
142	2.36854e-08
143	2.34498e-08
144	2.3208e-08
145	2.29585e-08
146	2.26983e-08
147	2.24269e-08
148	2.21411e-08
149	2.18442e-08
150	2.15406e-08
151	2.12224e-08
152	2.08965e-08
153	2.05673e-08
154	2.02291e-08
155	1.98825e-08
156	1.95369e-08
157	1.9186e-08
158	1.88254e-08
159	1.84592e-08
160	1.80784e-08
161	1.76892e-08
162	1.73013e-08
163	1.69174e-08
164	1.65238e-08
165	1.61341e-08
166	1.57422e-08
167	1.5355e-08
168	1.49789e-08
169	1.46167e-08
170	1.42659e-08
171	1.39202e-08
172	1.35806e-08
173	1.3259e-08
174	1.29466e-08
175	1.26429e-08
176	1.23521e-08
177	1.20824e-08
178	1.1824e-08
179	1.15753e-08
180	1.13429e-08
181	1.11248e-08
182	1.09193e-08
183	1.07223e-08
184	1.05405e-08
185	1.03703e-08
186	1.02092e-08
187	1.00509e-08
188	9.89496e-09
189	9.74773e-09
190	9.60878e-09
191	9.47757e-09
192	9.35598e-09
193	9.24202e-09
194	9.13625e-09
195	9.0383e-09
196	8.94634e-09
197	8.86271e-09
198	8.78333e-09
199	8.70788e-09
200	8.6377e-09
201	8.57111e-09
202	8.5069e-09
203	8.44572e-09
204	8.38604e-09
205	8.32867e-09
206	8.27261e-09
207	8.21815e-09
208	8.16563e-09
209	8.11333e-09
210	8.06358e-09
211	8.01633e-09
212	7.97169e-09
213	7.92994e-09
214	7.89047e-09
215	7.85152e-09
216	7.81346e-09
217	7.77653e-09
218	7.73976e-09
219	7.70256e-09
220	7.66741e-09
221	7.63722e-09
222	7.60825e-09
223	7.58096e-09
224	7.55609e-09
225	7.53652e-09
226	7.52021e-09
227	7.50724e-09
228	7.49835e-09
229	7.49343e-09
230	7.48925e-09
231	7.48866e-09
232	7.48762e-09
233	7.48684e-09
234	7.48339e-09
235	7.4772e-09
236	7.46918e-09
237	7.45758e-09
238	7.4438e-09
239	7.4289e-09
240	7.41225e-09
241	7.39557e-09
242	7.37593e-09
243	7.35517e-09
244	7.33379e-09
245	7.31055e-09
246	7.28722e-09
247	7.26206e-09
248	7.23724e-09
249	7.21318e-09
250	7.1886e-09
251	7.16392e-09
252	7.13957e-09
253	7.1142e-09
254	7.08687e-09
255	7.06041e-09
256	7.03388e-09
257	7.01048e-09
258	6.98619e-09
259	6.96154e-09
260	6.93816e-09
261	6.91647e-09
262	6.89259e-09
263	6.86753e-09
264	6.84377e-09
265	6.82006e-09
266	6.79421e-09
267	6.76812e-09
268	6.74238e-09
269	6.71616e-09
270	6.68814e-09
271	6.66036e-09
272	6.63302e-09
273	6.60571e-09
274	6.57747e-09
275	6.54831e-09
276	6.52156e-09
277	6.49678e-09
278	6.47306e-09
279	6.44987e-09
280	6.42543e-09
281	6.40222e-09
282	6.37849e-09
283	6.35404e-09
284	6.33106e-09
285	6.30883e-09
286	6.28596e-09
287	6.26307e-09
288	6.244e-09
289	6.22685e-09
290	6.20976e-09
291	6.19251e-09
292	6.17728e-09
293	6.16429e-09
294	6.15041e-09
295	6.13782e-09
296	6.1256e-09
297	6.11395e-09
298	6.10368e-09
299	6.09504e-09
300	6.08736e-09
301	6.08017e-09
302	6.07409e-09
303	6.06733e-09
304	6.06101e-09
305	6.05554e-09
306	6.0497e-09
307	6.04164e-09
308	6.03377e-09
309	6.02674e-09
310	6.02029e-09
311	6.01159e-09
312	6.00376e-09
313	5.99745e-09
314	5.99194e-09
315	5.9846e-09
316	5.97855e-09
317	5.97221e-09
318	5.96624e-09
319	5.9595e-09
320	5.95267e-09
321	5.9449e-09
322	5.93646e-09
323	5.92645e-09
324	5.91467e-09
325	5.9026e-09
326	5.88863e-09
327	5.87412e-09
328	5.86059e-09
329	5.8466e-09
330	5.83127e-09
331	5.81612e-09
332	5.80139e-09
333	5.78577e-09
334	5.7698e-09
335	5.75331e-09
336	5.73754e-09
337	5.72146e-09
338	5.7046e-09
339	5.6896e-09
340	5.67627e-09
341	5.66409e-09
342	5.65162e-09
343	5.63953e-09
344	5.62868e-09
345	5.61781e-09
346	5.60855e-09
347	5.60136e-09
348	5.59389e-09
349	5.58712e-09
350	5.58201e-09
351	5.57782e-09
352	5.57374e-09
353	5.57054e-09
354	5.56707e-09
355	5.56472e-09
356	5.56196e-09
357	5.55875e-09
358	5.55413e-09
359	5.54788e-09
360	5.53822e-09
361	5.52662e-09
362	5.51369e-09
363	5.49774e-09
364	5.47864e-09
365	5.45743e-09
366	5.43351e-09
367	5.40673e-09
368	5.37689e-09
369	5.3449e-09
370	5.31062e-09
371	5.27424e-09
372	5.23607e-09
373	5.19679e-09
374	5.15601e-09
375	5.11399e-09
376	5.07121e-09
377	5.02645e-09
378	4.98023e-09
379	4.93322e-09
380	4.88546e-09
381	4.83743e-09
382	4.78886e-09
383	4.73944e-09
384	4.68956e-09
385	4.63969e-09
386	4.58876e-09
387	4.53783e-09
388	4.48655e-09
389	4.43573e-09
390	4.38589e-09
391	4.3364e-09
392	4.28661e-09
393	4.23647e-09
394	4.18741e-09
395	4.1387e-09
396	4.08964e-09
397	4.04162e-09
398	3.9939e-09
399	3.9468e-09
400	3.90055e-09
401	3.85498e-09
402	3.81006e-09
403	3.76524e-09
404	3.72116e-09
405	3.67774e-09
406	3.63493e-09
407	3.59293e-09
408	3.55084e-09
409	3.50912e-09
410	3.46752e-09
411	3.42665e-09
412	3.38673e-09
413	3.348e-09
414	3.30929e-09
415	3.27224e-09
416	3.23509e-09
417	3.19802e-09
418	3.16122e-09
419	3.12506e-09
420	3.0894e-09
421	3.05456e-09
422	3.01901e-09
423	2.98467e-09
424	2.95108e-09
425	2.9182e-09
426	2.88492e-09
427	2.85222e-09
428	2.81919e-09
429	2.78731e-09
430	2.75618e-09
431	2.7253e-09
432	2.69499e-09
433	2.6651e-09
434	2.63606e-09
435	2.60711e-09
436	2.57868e-09
437	2.55069e-09
438	2.52176e-09
439	2.49462e-09
440	2.46838e-09
441	2.44227e-09
442	2.41604e-09
443	2.39027e-09
444	2.36428e-09
445	2.3391e-09
446	2.31414e-09
447	2.28943e-09
448	2.26544e-09
449	2.24179e-09
450	2.21807e-09
451	2.1953e-09
452	2.17241e-09
453	2.14963e-09
454	2.12719e-09
455	2.10568e-09
456	2.08418e-09
457	2.06398e-09
458	2.04332e-09
459	2.02277e-09
460	2.00287e-09
461	1.9831e-09
462	1.96384e-09
463	1.9443e-09
464	1.92492e-09
465	1.90645e-09
466	1.88881e-09
467	1.87158e-09
468	1.85369e-09
469	1.83686e-09
470	1.8194e-09
471	1.80211e-09
472	1.78577e-09
473	1.76941e-09
474	1.75284e-09
475	1.7368e-09
476	1.72089e-09
477	1.70555e-09
478	1.69027e-09
479	1.67492e-09
480	1.6593e-09
481	1.64438e-09
482	1.62976e-09
483	1.615e-09
484	1.60064e-09
485	1.58688e-09
486	1.5722e-09
487	1.55874e-09
488	1.54529e-09
489	1.53159e-09
490	1.51801e-09
491	1.5047e-09
492	1.49134e-09
493	1.47825e-09
494	1.46516e-09
495	1.45249e-09
496	1.43962e-09
497	1.42791e-09
498	1.41541e-09
499	1.40322e-09
500	1.39091e-09
501	1.3789e-09
502	1.36813e-09
503	1.35659e-09
504	1.34493e-09
505	1.33391e-09
506	1.32307e-09
507	1.31248e-09
508	1.30209e-09
509	1.29215e-09
510	1.28174e-09
511	1.27208e-09
512	1.26239e-09
513	1.25254e-09
514	1.24319e-09
515	1.23411e-09
516	1.22495e-09
517	1.21626e-09
518	1.20723e-09
519	1.19874e-09
520	1.19059e-09
521	1.18266e-09
522	1.17478e-09
523	1.1664e-09
524	1.15811e-09
525	1.15067e-09
526	1.14299e-09
527	1.13533e-09
528	1.127e-09
529	1.11935e-09
530	1.11214e-09
531	1.10459e-09
532	1.09771e-09
533	1.09031e-09
534	1.08273e-09
535	1.07528e-09
536	1.06786e-09
537	1.0611e-09
538	1.05391e-09
539	1.04665e-09
540	1.03947e-09
541	1.03283e-09
542	1.02563e-09
543	1.01793e-09
544	1.01084e-09
545	1.00415e-09
546	9.9665e-10
547	9.90166e-10
548	9.82803e-10
549	9.75311e-10
550	9.67946e-10
551	9.61312e-10
552	9.54403e-10
553	9.47076e-10
554	9.3986e-10
555	9.32679e-10
556	9.25742e-10
557	9.19323e-10
558	9.12115e-10
559	9.04988e-10
560	8.97577e-10
561	8.9064e-10
562	8.83984e-10
563	8.77358e-10
564	8.70425e-10
565	8.63766e-10
566	8.57037e-10
567	8.50724e-10
568	9.92239e-09
569	8.80377e-10
570	8.70978e-10
571	8.62346e-10
572	8.53935e-10
573	9.90145e-09
574	8.81205e-10
575	8.70726e-10
576	8.60554e-10
577	9.93647e-09
578	8.84855e-10
579	8.72904e-10
580	8.61648e-10
581	9.90911e-09
582	8.83652e-10
583	8.70576e-10
584	9.98262e-09
585	8.90289e-10
586	8.7562e-10
587	8.62413e-10
588	9.86046e-09
589	8.7998e-10
590	8.65128e-10
591	9.87504e-09
592	8.80838e-10
593	8.64465e-10
594	9.86128e-09
595	8.78267e-10
596	8.61128e-10
597	9.8224e-09
598	8.73883e-10
599	9.95811e-09
600	8.84718e-10
601	8.66405e-10
602	9.8658e-09
603	8.75944e-10
604	9.97146e-09
605	8.84219e-10
606	8.64244e-10
607	9.83891e-09
608	8.71471e-10
609	9.91254e-09
610	8.77676e-10
611	9.98256e-09
612	8.82121e-10
613	8.60172e-10
614	9.78492e-09
615	8.6465e-10
616	9.83516e-09
617	8.68608e-10
618	9.87599e-09
619	8.70268e-10
620	9.89884e-09
621	8.71382e-10
622	9.91259e-09
623	8.72089e-10
624	9.91439e-09
625	8.72269e-10
626	9.91604e-09
627	8.7254e-10
628	9.90478e-09
629	8.71606e-10
630	9.88888e-09
631	8.70579e-10
632	9.86689e-09
633	8.69928e-10
634	9.85016e-09
635	8.68695e-10
636	9.81716e-09
637	8.674e-10
638	9.78512e-09
639	8.6503e-10
640	9.73804e-09
641	9.98068e-09
642	8.83e-10
643	9.90421e-09
644	8.77534e-10
645	9.8085e-09
646	8.71756e-10
647	9.7166e-09
648	9.93606e-09
649	8.83108e-10
650	9.79868e-09
651	8.73594e-10
652	9.65581e-09
653	9.86673e-09
654	8.80419e-10
655	9.69797e-09
656	9.8947e-09
657	8.84731e-10
658	9.69597e-09
659	9.886e-09
660	8.86687e-10
661	9.65845e-09
662	9.84256e-09
663	8.85626e-10
664	9.59582e-09
665	9.76763e-09
666	9.92635e-09
667	8.96788e-10
668	9.64976e-09
669	9.80394e-09
670	9.9613e-09
671	9.03222e-10
672	9.64396e-09
673	9.78956e-09
674	9.93417e-09
675	9.04009e-10
676	9.59168e-09
677	9.72497e-09
678	9.85232e-09
679	9.98789e-09
680	9.12712e-10
681	9.59565e-09
682	9.71899e-09
683	9.8303e-09
684	9.95372e-09
685	9.13244e-10
686	9.52262e-09
687	9.6321e-09
688	9.73291e-09
689	9.83919e-09
690	9.94326e-09
691	9.15848e-10
692	9.46828e-09
693	9.55357e-09
694	9.64085e-09
695	9.73415e-09
696	9.82359e-09
697	9.90473e-09
698	9.98937e-09
699	9.23213e-10
700	9.43911e-09
701	9.51276e-09
702	9.58038e-09
703	9.65187e-09
704	9.72656e-09
705	9.78343e-09
706	9.85856e-09
707	9.91929e-09
708	9.98016e-09
709	9.26351e-10
710	9.37042e-09
711	9.42447e-09
712	9.47608e-09
713	9.529e-09
714	9.58626e-09
715	9.62665e-09
716	9.69159e-09
717	9.74056e-09
718	9.78902e-09
719	9.83242e-09
720	9.88411e-09
721	9.91841e-09
722	9.9782e-09
723	9.27896e-10
724	9.2806e-09
725	9.32898e-09
726	9.36177e-09
727	9.39638e-09
728	9.44603e-09
729	9.47309e-09
730	9.52441e-09
731	9.55734e-09
732	9.60374e-09
733	9.63362e-09
734	9.67634e-09
735	9.70344e-09
736	9.75376e-09
737	9.78311e-09
738	9.81914e-09
739	9.84589e-09
740	9.89513e-09
741	9.91735e-09
742	9.95998e-09
743	9.98584e-09
744	9.33491e-10
745	9.22903e-09
746	9.26403e-09
747	9.28495e-09
748	9.31814e-09
749	9.35593e-09
750	9.38336e-09
751	9.41588e-09
752	9.45549e-09
753	9.47913e-09
754	9.51564e-09
755	9.5512e-09
756	9.58157e-09
757	9.61267e-09
758	9.64622e-09
759	9.66793e-09
760	9.70721e-09
761	9.74112e-09
762	9.76633e-09
763	9.79474e-09
764	9.82612e-09
765	9.85411e-09
766	9.88776e-09
767	9.91762e-09
768	9.936e-09
769	9.96736e-09
770	9.38105e-10
771	9.16315e-09
772	9.18999e-09
773	9.20851e-09
774	9.23315e-09
775	9.26993e-09
776	9.29656e-09
777	9.32615e-09
778	9.35866e-09
779	9.38292e-09
780	9.40825e-09
781	9.44953e-09
782	9.47368e-09
783	9.49983e-09
784	9.53219e-09
785	9.55924e-09
786	9.58144e-09
787	9.62361e-09
788	9.63703e-09
789	9.66248e-09
790	9.69351e-09
791	9.72729e-09
792	9.73994e-09
793	9.77386e-09
794	9.7948e-09
795	9.81782e-09
796	9.84806e-09
797	9.87691e-09
798	9.89064e-09
799	9.92016e-09
800	9.93549e-09
801	9.96691e-09
802	9.99316e-09
803	9.47649e-10
804	9.13375e-09
805	9.15705e-09
806	9.17431e-09
807	9.19849e-09
808	9.22574e-09
809	9.24131e-09
810	9.26996e-09
811	9.30208e-09
812	9.31871e-09
813	9.3452e-09
814	9.36995e-09
815	9.39131e-09
816	9.42161e-09
817	9.44693e-09
818	9.46222e-09
819	9.48454e-09
820	9.52044e-09
821	9.53592e-09
822	9.56245e-09
823	9.58274e-09
824	9.60398e-09
825	9.62314e-09
826	9.65792e-09
827	9.67178e-09
828	9.68851e-09
829	9.71739e-09
830	9.73095e-09
831	9.75287e-09
832	9.77968e-09
833	9.78829e-09
834	9.81166e-09
835	9.8319e-09
836	9.84813e-09
837	9.87181e-09
838	9.88746e-09
839	9.89424e-09
840	9.91819e-09
841	9.9437e-09
842	9.95773e-09
843	9.9707e-09
844	9.99473e-09
845	9.56355e-10
846	9.10483e-09
847	9.11727e-09
848	9.12313e-09
849	9.14418e-09
850	9.16637e-09
851	9.17508e-09
852	9.20999e-09
853	9.22253e-09
854	9.2376e-09
855	9.25617e-09
856	9.28308e-09
857	9.29779e-09
858	9.32109e-09
859	9.33807e-09
860	9.34987e-09
861	9.37051e-09
862	9.40523e-09
863	9.40393e-09
864	9.43166e-09
865	9.44783e-09
866	9.4656e-09
867	9.47962e-09
868	9.50878e-09
869	9.50964e-09
870	9.53366e-09
871	9.55326e-09
872	9.56717e-09
873	9.58081e-09
874	9.60306e-09
875	9.60512e-09
876	9.62866e-09
877	9.64606e-09
878	9.65515e-09
879	9.67486e-09
880	9.68979e-09
881	9.69348e-09
882	9.71855e-09
883	9.72865e-09
884	9.73866e-09
885	9.75653e-09
886	9.77611e-09
887	9.77258e-09
888	9.79916e-09
889	9.811e-09
890	9.8185e-09
891	9.83219e-09
892	9.85575e-09
893	9.84722e-09
894	9.87009e-09
895	9.88223e-09
896	9.89446e-09
897	9.9043e-09
898	9.92026e-09
899	9.91796e-09
900	9.93765e-09
901	9.95252e-09
902	9.95735e-09
903	9.97103e-09
904	9.98948e-09
905	9.98217e-09
906	9.67836e-10
907	9.0769e-09
908	9.07339e-09
909	9.08004e-09
910	9.10151e-09
911	9.10724e-09
912	9.11979e-09
913	9.13212e-09
914	9.15033e-09
915	9.15904e-09
916	9.17923e-09
917	9.19092e-09
918	9.20018e-09
919	9.22331e-09
920	9.22702e-09
921	9.24899e-09
922	9.26311e-09
923	9.27353e-09
924	9.28119e-09
925	9.30447e-09
926	9.31053e-09
927	9.33281e-09
928	9.3414e-09
929	9.34823e-09
930	9.36113e-09
931	9.37789e-09
932	9.39272e-09
933	9.40107e-09
934	9.41309e-09
935	9.41799e-09
936	9.42848e-09
937	9.44978e-09
938	9.45303e-09
939	9.46252e-09
940	9.48005e-09
941	9.47918e-09
942	9.48757e-09
943	9.50431e-09
944	9.50417e-09
945	9.51402e-09
946	9.52283e-09
947	9.52992e-09
948	9.53185e-09
