1	1
2	0.989521
3	0.171484
4	0.0941618
5	0.179365
6	0.498688
7	0.311703
8	0.175274
9	0.165318
10	0.194468
11	0.149956
12	0.112918
13	0.11075
14	0.116109
15	0.109253
16	0.0982826
17	0.0881262
18	0.0807133
19	0.0758974
20	0.0734683
21	0.0714609
22	0.0709893
23	0.0702619
24	0.0688033
25	0.0670525
26	0.0662497
27	0.0652276
28	0.0641977
29	0.0641461
30	0.0643743
31	0.0642897
32	0.0627093
33	0.0620652
34	0.0622551
35	0.0615296
36	0.0603114
37	0.0589864
38	0.0581485
39	0.0570657
40	0.0564122
41	0.0557961
42	0.0554971
43	0.055414
44	0.0548129
45	0.0538989
46	0.0527995
47	0.0523633
48	0.0518741
49	0.0513468
50	0.0505614
51	0.0497296
52	0.0489454
53	0.0486212
54	0.0480947
55	0.0474216
56	0.0466537
57	0.0457506
58	0.04515
59	0.0447348
60	0.0445226
61	0.0440868
62	0.0436591
63	0.0433891
64	0.0430245
65	0.0427782
66	0.0428764
67	0.0425952
68	0.0421404
69	0.0415214
70	0.0408627
71	0.0405345
72	0.0402237
73	0.0396464
74	0.0391669
75	0.0386906
76	0.0381062
77	0.0376593
78	0.037276
79	0.0368072
80	0.0362724
81	0.0357065
82	0.0353277
83	0.0351863
84	0.0350755
85	0.0349556
86	0.0346417
87	0.0342429
88	0.0340071
89	0.0336787
90	0.0331795
91	0.0326365
92	0.0322734
93	0.0319689
94	0.0314396
95	0.0309313
96	0.0306601
97	0.0303119
98	0.0299177
99	0.0295392
100	0.0292646
101	0.0289529
102	0.0285612
103	0.02818
104	0.0277553
105	0.0272845
106	0.0267217
107	0.0262507
108	0.0258567
109	0.0252946
110	0.0246871
111	0.0242021
112	0.0237445
113	0.0233697
114	0.0229603
115	0.0225658
116	0.0222643
117	0.0220409
118	0.021788
119	0.0215491
120	0.0212687
121	0.0210284
122	0.0208265
123	0.0205991
124	0.0203955
125	0.0202281
126	0.0200069
127	0.0197542
128	0.0195034
129	0.0192873
130	0.0190482
131	0.0188023
132	0.0186177
133	0.0184816
134	0.0182834
135	0.0180562
136	0.0178082
137	0.0175714
138	0.017343
139	0.017104
140	0.0168426
141	0.0166166
142	0.0163735
143	0.0161588
144	0.015967
145	0.0157616
146	0.015503
147	0.015305
148	0.0151213
149	0.0148901
150	0.0146524
151	0.0143998
152	0.0141638
153	0.0139429
154	0.0137462
155	0.0135352
156	0.0132852
157	0.0130627
158	0.0128479
159	0.0126205
160	0.0124248
161	0.0122336
162	0.0120485
163	0.0118325
164	0.0116266
165	0.0114307
166	0.0112248
167	0.0110336
168	0.0108625
169	0.0106769
170	0.0104914
171	0.0102994
172	0.0101126
173	0.0099308
174	0.00975754
175	0.00960003
176	0.00943459
177	0.00927342
178	0.00912009
179	0.00897553
180	0.00884184
181	0.00871547
182	0.00859728
183	0.00849907
184	0.00841349
185	0.00832418
186	0.00823138
187	0.00814288
188	0.00806294
189	0.00797975
190	0.00790455
191	0.00783907
192	0.00776367
193	0.00768633
194	0.0076089
195	0.00753233
196	0.00745368
197	0.00737339
198	0.00729297
199	0.00720567
200	0.00712317
201	0.00704277
202	0.00696905
203	0.00689584
204	0.00682451
205	0.00675387
206	0.00668577
207	0.00662033
208	0.00655373
209	0.00648626
210	0.00642435
211	0.00637157
212	0.00632352
213	0.00628103
214	0.00623527
215	0.00619354
216	0.00615357
217	0.00611611
218	0.00607938
219	0.00604427
220	0.00601151
221	0.00597366
222	0.00593882
223	0.00590505
224	0.00587413
225	0.00584438
226	0.00581749
227	0.00579537
228	0.00577843
229	0.00576136
230	0.00574422
231	0.00572623
232	0.00570734
233	0.00569166
234	0.00567865
235	0.00566921
236	0.00566133
237	0.00565198
238	0.00564417
239	0.00563435
240	0.005626
241	0.00561485
242	0.00560141
243	0.00558376
244	0.00556392
245	0.00554288
246	0.0055215
247	0.00550092
248	0.00548397
249	0.00546848
250	0.00545937
251	0.00545156
252	0.00544489
253	0.00543663
254	0.00542847
255	0.0054231
256	0.0054119
257	0.00540801
258	0.00540223
259	0.00539934
260	0.00539995
261	0.00540109
262	0.00540525
263	0.00540303
264	0.00539742
265	0.00538816
266	0.00537887
267	0.0053718
268	0.00536569
269	0.0053585
270	0.00535098
271	0.00534253
272	0.00533232
273	0.00532419
274	0.00531462
275	0.00530495
276	0.00529622
277	0.00529546
278	0.00529451
279	0.00529865
280	0.00529957
281	0.00530393
282	0.00530933
283	0.00531141
284	0.00531648
285	0.00531222
286	0.00530649
287	0.00529844
288	0.0052936
289	0.00529472
290	0.00529377
291	0.00528865
292	0.00528374
293	0.00527945
294	0.00527331
295	0.00526964
296	0.00526524
297	0.00526255
298	0.00526215
299	0.00526499
300	0.00526678
301	0.00526503
302	0.00526619
303	0.00526991
304	0.00526716
305	0.00526661
306	0.00526158
307	0.00525338
308	0.00523976
309	0.00523188
310	0.00522232
311	0.00521236
312	0.00519711
313	0.00518234
314	0.00517424
315	0.00516315
316	0.00515253
317	0.00513565
318	0.00511826
319	0.0051056
320	0.00509505
321	0.00508844
322	0.00508079
323	0.0050719
324	0.00506146
325	0.00505306
326	0.00504293
327	0.00502881
328	0.00501553
329	0.00499684
330	0.00498088
331	0.00496785
332	0.00495137
333	0.00493501
334	0.00491464
335	0.0048953
336	0.00487701
337	0.00485632
338	0.00484077
339	0.00482467
340	0.00480633
341	0.00479005
342	0.00477353
343	0.00475606
344	0.004739
345	0.00471988
346	0.00470392
347	0.00468073
348	0.00465947
349	0.00464173
350	0.00462589
351	0.00461328
352	0.00459593
353	0.00458002
354	0.00456619
355	0.00454896
356	0.00453585
357	0.00451554
358	0.00448918
359	0.00446142
360	0.00443413
361	0.00440816
362	0.00438508
363	0.0043628
364	0.00434748
365	0.00432701
366	0.00430428
367	0.00428156
368	0.00425733
369	0.00423084
370	0.00420551
371	0.00418514
372	0.00416493
373	0.00414798
374	0.00412883
375	0.0041122
376	0.00409075
377	0.00406819
378	0.00404402
379	0.00401881
380	0.00399348
381	0.00396947
382	0.00394665
383	0.0039263
384	0.00390634
385	0.00388287
386	0.0038633
387	0.00384204
388	0.00382031
389	0.00379777
390	0.00377714
391	0.00374847
392	0.00371783
393	0.00369226
394	0.00367245
395	0.00365659
396	0.00363764
397	0.0036192
398	0.00360108
399	0.00357773
400	0.00355572
401	0.00353181
402	0.00351174
403	0.00348746
404	0.00346278
405	0.00344208
406	0.00341999
407	0.0033962
408	0.0033712
409	0.00334753
410	0.00333081
411	0.00331407
412	0.00329368
413	0.00326875
414	0.00324624
415	0.00322496
416	0.00320626
417	0.00319088
418	0.00317559
419	0.00315869
420	0.0031393
421	0.00312256
422	0.00310357
423	0.00308269
424	0.00306235
425	0.00304083
426	0.00302099
427	0.00300253
428	0.00298616
429	0.00296322
430	0.00294097
431	0.0029248
432	0.00291072
433	0.00289916
434	0.00288508
435	0.00287104
436	0.00285783
437	0.00284217
438	0.00282555
439	0.002807
440	0.00279088
441	0.00277432
442	0.00275593
443	0.00273892
444	0.00272367
445	0.00270674
446	0.00269053
447	0.00267585
448	0.00265944
449	0.0026411
450	0.00262493
451	0.00261326
452	0.00260137
453	0.00258697
454	0.00257704
455	0.00256478
456	0.00255416
457	0.00254474
458	0.00253217
459	0.0025206
460	0.00250664
461	0.00249646
462	0.00248133
463	0.00246476
464	0.00244845
465	0.00243205
466	0.0024176
467	0.00240097
468	0.00238882
469	0.00237583
470	0.00236456
471	0.00235674
472	0.0023417
473	0.00233026
474	0.00231735
475	0.00230453
476	0.00229458
477	0.00228846
478	0.00228101
479	0.00227042
480	0.00226166
481	0.00225701
482	0.0022491
483	0.0022413
484	0.0022274
485	0.0022112
486	0.00219751
487	0.00218518
488	0.00217267
489	0.00216016
490	0.00215109
491	0.00214275
492	0.00213481
493	0.00212775
494	0.00211711
495	0.00210502
496	0.0020961
497	0.00208596
498	0.00208034
499	0.00207122
500	0.00206446
501	0.00206073
502	0.00205337
503	0.00204859
504	0.00204327
505	0.00203213
506	0.00202368
507	0.00201097
508	0.00200097
509	0.00198758
510	0.00197639
511	0.0019661
512	0.00195441
513	0.00194458
514	0.00193887
515	0.00193175
516	0.00192336
517	0.00191642
518	0.00191243
519	0.00190694
520	0.0018985
521	0.00188723
522	0.00188138
523	0.00187649
524	0.00187024
525	0.00186823
526	0.00186253
527	0.00185442
528	0.00184606
529	0.00183772
530	0.00182575
531	0.00181446
532	0.00180149
533	0.00179341
534	0.00178634
535	0.00177987
536	0.0017719
537	0.00176453
538	0.0017557
539	0.00175035
540	0.00174893
541	0.00174579
542	0.00174011
543	0.00173088
544	0.00172277
545	0.00171881
546	0.00171321
547	0.00170513
548	0.00169482
549	0.00168782
550	0.00168096
551	0.00167231
552	0.001664
553	0.00165653
554	0.00164662
555	0.00163923
556	0.0016287
557	0.00161992
558	0.00161073
559	0.00159826
560	0.00158859
561	0.00158288
562	0.00157908
563	0.00157455
564	0.00156868
565	0.00156089
566	0.00155354
567	0.00154664
568	0.00154159
569	0.00153375
570	0.00152291
571	0.00151424
572	0.0015057
573	0.0014993
574	0.00149135
575	0.00147928
576	0.00146958
577	0.00145851
578	0.00144698
579	0.00143624
580	0.00142633
581	0.00141554
582	0.00141079
583	0.00140516
584	0.00140187
585	0.0013958
586	0.00138647
587	0.00137933
588	0.00136699
589	0.00135661
590	0.00135131
591	0.00134636
592	0.00134028
593	0.00133188
594	0.00132554
595	0.00132239
596	0.00131761
597	0.0013083
598	0.0012982
599	0.00128545
600	0.00127285
601	0.00126092
602	0.00124941
603	0.00123869
604	0.00122993
605	0.00122203
606	0.00121542
607	0.00121063
608	0.00120797
609	0.00120119
610	0.00119313
611	0.00118478
612	0.00118066
613	0.00117534
614	0.00116983
615	0.00116289
616	0.00115312
617	0.00114208
618	0.00113106
619	0.0011202
620	0.0011077
621	0.00109691
622	0.00108568
623	0.00107323
624	0.00106123
625	0.00104971
626	0.00103867
627	0.00102841
628	0.00101825
629	0.00101
630	0.00100083
631	0.000990526
632	0.000981725
633	0.00098768
634	0.000982454
635	0.000971421
636	0.000959842
637	0.000949106
638	0.000938667
639	0.000929568
640	0.00092077
641	0.000912623
642	0.000904582
643	0.000898316
644	0.000893257
645	0.000883109
646	0.000875319
647	0.000864299
648	0.000853387
649	0.000844306
650	0.0008363
651	0.000828563
652	0.000819312
653	0.000812554
654	0.000806387
655	0.000798778
656	0.000789294
657	0.000779712
658	0.000771607
659	0.000764294
660	0.000754191
661	0.000743505
662	0.000733817
663	0.000724476
664	0.000715149
665	0.000705849
666	0.000697354
667	0.000687275
668	0.00067636
669	0.000666167
670	0.000664791
671	0.000658286
672	0.000648253
673	0.000637383
674	0.000624749
675	0.000613265
676	0.000602244
677	0.000592248
678	0.000581261
679	0.000570557
680	0.000559658
681	0.000550523
682	0.00054015
683	0.000530224
684	0.000518008
685	0.000507161
686	0.000498936
687	0.000491063
688	0.000483606
689	0.000474888
690	0.000466781
691	0.000458651
692	0.000449988
693	0.000441066
694	0.000433913
695	0.000425787
696	0.000416886
697	0.000407003
698	0.000396576
699	0.000386709
700	0.00037758
701	0.000369092
702	0.00036046
703	0.000352009
704	0.000344559
705	0.000337042
706	0.000329204
707	0.000320546
708	0.000312747
709	0.000304573
710	0.000295816
711	0.000288627
712	0.000282066
713	0.000276019
714	0.000269473
715	0.000261946
716	0.000255171
717	0.000249128
718	0.000242871
719	0.000237049
720	0.000231554
721	0.000225708
722	0.000219633
723	0.000214428
724	0.000209583
725	0.000205663
726	0.000201471
727	0.000196186
728	0.000190134
729	0.000184293
730	0.000178892
731	0.000174363
732	0.000170512
733	0.000166376
734	0.000161812
735	0.000157025
736	0.000152439
737	0.000148258
738	0.000144499
739	0.000140555
740	0.000136258
741	0.000132257
742	0.000128207
743	0.000124024
744	0.00012054
745	0.000117573
746	0.000114037
747	0.000110565
748	0.000107402
749	0.000104276
750	0.000101139
751	9.79489e-05
752	9.48695e-05
753	9.18057e-05
754	8.89434e-05
755	8.6013e-05
756	8.32371e-05
757	8.07695e-05
758	7.8519e-05
759	7.61983e-05
760	7.38641e-05
761	7.15153e-05
762	6.94112e-05
763	6.739e-05
764	6.53832e-05
765	6.33338e-05
766	6.135e-05
767	5.94153e-05
768	5.75141e-05
769	5.57099e-05
770	5.38485e-05
771	5.24244e-05
772	5.0732e-05
773	4.89045e-05
774	4.71646e-05
775	4.55377e-05
776	4.39901e-05
777	4.25731e-05
778	4.12605e-05
779	3.99727e-05
780	3.8688e-05
781	3.74177e-05
782	3.61373e-05
783	3.48684e-05
784	3.36447e-05
785	3.24694e-05
786	3.13623e-05
787	3.03212e-05
788	2.93144e-05
789	2.83689e-05
790	2.74766e-05
791	2.66251e-05
792	2.5808e-05
793	2.50144e-05
794	2.4232e-05
795	2.34715e-05
796	2.27162e-05
797	2.1994e-05
798	2.13067e-05
799	2.06421e-05
800	1.99843e-05
801	1.93448e-05
802	1.87371e-05
803	1.81477e-05
804	1.80675e-05
805	1.75368e-05
806	1.68654e-05
807	1.62043e-05
808	1.55991e-05
809	1.50614e-05
810	1.45686e-05
811	1.41197e-05
812	1.36948e-05
813	1.32678e-05
814	1.28424e-05
815	1.24448e-05
816	1.20598e-05
817	1.16868e-05
818	1.13268e-05
819	1.09821e-05
820	1.06504e-05
821	1.0332e-05
822	1.00232e-05
823	9.72728e-06
824	9.44069e-06
825	9.15793e-06
826	8.88007e-06
827	8.60561e-06
828	8.33962e-06
829	8.08232e-06
830	7.83576e-06
831	7.59754e-06
832	7.36836e-06
833	7.14491e-06
834	6.9541e-06
835	6.73506e-06
836	6.49039e-06
837	6.29151e-06
838	6.0752e-06
839	5.88541e-06
840	5.71346e-06
841	5.51773e-06
842	5.34448e-06
843	5.17895e-06
844	5.01711e-06
845	4.85988e-06
846	5.35088e-06
847	5.26084e-06
848	4.93708e-06
849	4.61692e-06
850	4.36812e-06
851	4.1782e-06
852	4.0204e-06
853	3.88203e-06
854	3.75442e-06
855	3.63388e-06
856	3.52078e-06
857	3.41328e-06
858	3.31186e-06
859	3.21617e-06
860	3.13301e-06
861	3.0424e-06
862	2.96525e-06
863	2.876e-06
864	2.79728e-06
865	2.71165e-06
866	2.63838e-06
867	2.56982e-06
868	2.50333e-06
869	2.43805e-06
870	2.37587e-06
871	2.3143e-06
872	2.25387e-06
873	2.19435e-06
874	2.1363e-06
875	2.07931e-06
876	2.02555e-06
877	1.97383e-06
878	1.92264e-06
879	1.87419e-06
880	1.82645e-06
881	1.78161e-06
882	1.73802e-06
883	1.69571e-06
884	1.65544e-06
885	1.61595e-06
886	1.57797e-06
887	1.54035e-06
888	1.50488e-06
889	1.47113e-06
890	1.43863e-06
891	1.40557e-06
892	1.37462e-06
893	1.34427e-06
894	1.31393e-06
895	1.28628e-06
896	1.27314e-06
897	1.2418e-06
898	1.21183e-06
899	1.19419e-06
900	1.16611e-06
901	1.15055e-06
902	1.12242e-06
903	1.10624e-06
904	1.07866e-06
905	1.06199e-06
906	1.04808e-06
907	1.82951e-06
908	1.89146e-06
909	1.68069e-06
910	1.47772e-06
911	1.30761e-06
912	1.2051e-06
913	1.1393e-06
914	1.07533e-06
915	1.03408e-06
916	1.00212e-06
917	9.74598e-07
918	9.51877e-07
919	9.29773e-07
920	9.09694e-07
921	8.90814e-07
922	8.73348e-07
923	8.56771e-07
924	8.41743e-07
925	8.27588e-07
926	8.15434e-07
927	8.02548e-07
928	7.90132e-07
929	7.77068e-07
930	7.64274e-07
931	7.51894e-07
932	7.40937e-07
933	7.29591e-07
934	7.18484e-07
935	7.07335e-07
936	6.97578e-07
937	6.87616e-07
938	6.76252e-07
939	6.66607e-07
940	6.57618e-07
941	6.45718e-07
942	6.30445e-07
943	6.11805e-07
944	5.91855e-07
945	5.74932e-07
946	5.62946e-07
947	5.52607e-07
948	5.40809e-07
