1	0.0070591
2	0.00357665
3	0.00117284
4	0.000598866
5	0.000820184
6	0.00304611
7	0.0012415
8	0.000562418
9	0.00161645
10	0.00185579
11	0.000988147
12	0.000968557
13	0.000379606
14	0.000761962
15	0.000878352
16	0.000793174
17	0.00070714
18	0.000562757
19	0.000619095
20	0.000610045
21	0.000590721
22	0.000561939
23	0.000550746
24	0.000531606
25	0.000503872
26	0.000474635
27	0.000454435
28	0.000448974
29	0.000455713
30	0.000473728
31	0.000494507
32	0.000500323
33	0.000496254
34	0.000497459
35	0.000480348
36	0.000466426
37	0.000445264
38	0.000418199
39	0.000392096
40	0.000371188
41	0.000377151
42	0.000374034
43	0.00037131
