1	0
2	0.21667
3	0.166144
4	0.185397
5	0.19455
6	0.188486
7	0.155401
8	0.117851
9	0.0930566
10	0.0813518
11	0.0738323
12	0.0686601
13	0.0648281
14	0.0617068
15	0.0601692
16	0.0592204
17	0.0585447
18	0.0591376
19	0.0604918
20	0.0618292
21	0.0633203
22	0.065169
23	0.067551
24	0.0689478
25	0.0693685
26	0.069235
27	0.0686112
28	0.0674977
29	0.0656041
30	0.0635665
31	0.0617351
32	0.0598265
33	0.0575931
34	0.0553251
35	0.0532671
36	0.051307
37	0.0498611
38	0.0486588
39	0.0476255
40	0.046939
41	0.046029
42	0.0450189
43	0.0441635
