1	0
2	0.0131358
3	0.00938925
4	0.0108266
5	0.01145
6	0.0122465
7	0.0111864
8	0.00916933
9	0.0076072
10	0.00659217
11	0.00583579
12	0.00526218
13	0.00482098
14	0.00452711
15	0.00439373
16	0.00443262
17	0.00473061
18	0.00519813
19	0.00571349
20	0.000731584
21	0.000741941
22	0.000736557
23	0.000715409
24	0.000678495
25	0.000633849
26	0.00639215
27	0.00595589
28	0.00544634
29	0.00500673
30	0.00468096
31	0.00453837
32	0.00448897
33	0.00446481
34	0.00437618
35	0.00425658
36	0.00412818
37	0.0040591
38	0.00400866
39	0.0039801
40	0.0039484
41	0.00390237
42	0.00384393
43	0.00377384
44	0.00367675
45	0.00355932
46	0.00342111
47	0.00328052
48	0.003162
49	0.00305011
50	0.00296198
51	0.00290929
52	0.00288718
53	0.00285962
54	0.0028263
55	0.00279333
56	0.00275691
57	0.00271404
58	0.0026745
59	0.00262325
60	0.00256663
61	0.00251666
62	0.0024698
63	0.00242637
64	0.00238769
65	0.00234823
66	0.00230754
67	0.00226774
68	0.00223309
69	0.00220377
70	0.00218643
71	0.00217479
72	0.00216599
73	0.00216156
74	0.00216492
75	0.00216818
76	0.00218372
77	0.00220156
78	0.00221635
79	0.00223398
80	0.0022664
81	0.00229772
82	0.00233061
83	0.00234768
84	0.00235517
85	0.00235859
86	0.00235844
87	0.00235225
88	0.00234041
89	0.00232732
90	0.00230127
91	0.00227576
92	0.00225219
93	0.00223103
94	0.00221071
95	0.00219103
96	0.00217156
97	0.00214246
98	0.00211035
99	0.00206949
100	0.00202826
101	0.00199134
102	0.00195589
103	0.00192419
104	0.00190295
105	0.00189736
106	0.00190553
107	0.00192152
108	0.00194129
109	0.00195844
110	0.00197061
111	0.00197674
112	0.00197465
113	0.00195816
114	0.00192964
115	0.00189001
116	0.0018447
117	0.00179125
118	0.00173011
119	0.00166873
120	0.00161077
121	0.00155313
122	0.0015057
123	0.00146561
124	0.0014376
125	0.00141813
126	0.00141032
127	0.00141468
128	0.00142745
129	0.00144821
130	0.00147663
131	0.00151026
132	0.00154553
133	0.00157512
134	0.00159909
135	0.00161863
136	0.00163295
137	0.00164358
138	0.00164799
139	0.00164786
140	0.00164648
141	0.00164266
142	0.00163031
143	0.00161019
144	0.00158485
145	0.00155542
146	0.00152355
147	0.00149036
148	0.00145672
149	0.00142272
150	0.00138726
151	0.00135177
152	0.00131667
153	0.00128108
154	0.0012493
155	0.00122036
156	0.00119609
157	0.0011769
158	0.00115971
159	0.00114223
160	0.00112623
161	0.00111211
162	0.00109876
163	0.00108636
164	0.00107407
165	0.00106175
166	0.00104991
167	0.00103731
168	0.00102415
169	0.00101073
170	0.000995994
171	0.000980867
172	0.000966094
173	0.000950603
174	0.000936349
175	0.000924435
176	0.000914462
177	0.000905714
178	0.000897584
179	0.00088974
180	0.000881767
181	0.000873247
182	0.000863706
183	0.000853625
184	0.000842531
185	0.000830411
186	0.000817331
187	0.000803818
188	0.000789944
189	0.000775835
190	0.000761685
191	0.000747795
192	0.000734838
193	0.000723002
194	0.000712158
195	0.000702665
196	0.000694478
197	0.000687625
198	0.000682389
199	0.000678246
200	0.000675143
201	0.000673037
202	0.000671601
203	0.000670304
204	0.000669112
205	0.000668147
206	0.000667227
207	0.000665797
208	0.000663722
209	0.000661617
210	0.000659594
211	0.000657267
212	0.00065493
213	0.000652892
214	0.000650901
215	0.000648949
216	0.000646825
217	0.000644794
218	0.000642845
219	0.000640786
220	0.000638886
221	0.000636485
222	0.000634292
223	0.000632312
224	0.000630334
225	0.000628202
226	0.000625937
227	0.000623903
228	0.000621856
229	0.000619246
230	0.000616748
231	0.000614129
232	0.000611319
233	0.000608348
234	0.000605091
235	0.000602159
236	0.000599565
237	0.000596921
238	0.000594749
239	0.000592651
240	0.000590575
241	0.000588759
242	0.000586653
243	0.000584305
244	0.000581952
245	0.000579859
246	0.000577975
247	0.000575916
248	0.000573929
249	0.000571851
250	0.000569785
251	0.000567916
252	0.000566289
253	0.000564681
254	0.000563239
255	0.000561988
256	0.000560786
257	0.00055961
258	0.000558404
259	0.000557217
260	0.000556126
261	0.000555248
262	0.000554441
263	0.000553753
264	0.000553037
265	0.000552174
266	0.000551397
267	0.000550837
268	0.000550309
269	0.000550002
270	0.000549719
271	0.000549687
272	0.000549863
273	0.000549931
274	0.000549964
275	0.000550001
276	0.000550202
277	0.000550489
278	0.000551182
279	0.00055176
280	0.000552238
281	0.000552678
282	0.000553252
283	0.000554001
284	0.000554833
285	0.000555704
286	0.000556539
287	0.000557554
288	0.000558836
289	0.000560034
290	0.000561282
291	0.000562592
292	0.000564145
293	0.000565729
294	0.000567403
295	0.000569376
296	0.000571287
297	0.000573338
298	0.000575369
299	0.000577307
300	0.000579371
301	0.000581438
302	0.000583569
303	0.000585701
304	0.000587646
305	0.000589374
306	0.000591451
307	0.000594012
308	0.000595165
309	0.000597119
310	0.000598343
311	0.000599257
312	0.000599929
313	0.000600482
314	0.000600855
315	0.000601119
316	0.000601354
317	0.000601509
318	0.000601671
319	0.000601725
320	0.000601721
321	0.000601292
322	0.000600547
323	0.000599318
324	0.000597975
325	0.000596368
326	0.000595312
327	0.000593344
328	0.000591805
329	0.000589735
330	0.000588261
331	0.000586743
332	0.000585051
333	0.000583245
334	0.000581572
335	0.000580048
336	0.000578605
337	0.000576908
338	0.000575199
339	0.000573662
340	0.000571848
341	0.000569865
342	0.000567817
343	0.000565467
344	0.000562988
345	0.000560364
346	0.000557854
347	0.000554769
348	0.000551601
349	0.000548473
350	0.000545863
351	0.000543367
352	0.000540993
353	0.000538464
354	0.000535829
355	0.000533121
356	0.000530584
357	0.000528045
358	0.000525613
359	0.000523289
360	0.000521081
361	0.000519046
362	0.000516987
363	0.000514822
364	0.000512811
365	0.000510831
366	0.000508938
367	0.000507093
368	0.000505293
369	0.000503601
370	0.000501879
371	0.000500242
372	0.000498426
373	0.000496651
374	0.000494892
375	0.000493095
376	0.000491275
377	0.000489257
378	0.000487289
379	0.000485356
380	0.000483446
381	0.000481621
382	0.000479679
383	0.000477649
384	0.000475529
385	0.000473389
386	0.000471201
387	0.000468933
388	0.000466739
389	0.000464781
390	0.000462642
391	0.000460476
392	0.00045827
393	0.000455987
394	0.000453711
395	0.000451419
396	0.000449146
397	0.000446769
398	0.000444335
399	0.000441734
400	0.000439115
401	0.000436675
402	0.000434266
403	0.000431969
404	0.000429848
405	0.000427686
406	0.000425459
407	0.000423325
408	0.00042139
409	0.000419672
410	0.000417954
411	0.000416339
412	0.000414631
413	0.000412818
414	0.000411007
415	0.000409202
416	0.000407432
417	0.000405612
418	0.000403893
419	0.000402018
420	0.000400349
421	0.000398635
422	0.000396973
423	0.000395268
424	0.000393756
425	0.000392329
426	0.000390918
427	0.000389678
428	0.000388294
429	0.00038705
430	0.000385909
431	0.000384741
432	0.000383501
433	0.000382139
434	0.00038088
435	0.000379548
436	0.000378112
437	0.000376656
438	0.000375149
439	0.0003737
440	0.000372246
441	0.000370599
442	0.00036889
443	0.000367284
444	0.000365811
445	0.000364208
446	0.000362639
447	0.000361147
448	0.00035956
449	0.000357976
450	0.000356404
451	0.000354961
452	0.000353508
453	0.00035198
454	0.00035043
455	0.000348872
456	0.000347413
457	0.000345925
458	0.000344478
459	0.000343108
460	0.000341783
461	0.000340468
462	0.000338874
463	0.000337145
464	0.000335794
465	0.000334443
466	0.000333192
467	0.00033186
468	0.000330572
469	0.000329312
470	0.000328088
471	0.000326825
472	0.000325457
473	0.000324027
474	0.000322729
475	0.000321359
476	0.000320135
477	0.000318939
478	0.000317708
479	0.000316496
480	0.000315342
481	0.000314059
482	0.000312867
483	0.000311719
484	0.000310574
485	0.000309509
486	0.000308424
487	0.000307244
488	0.000306153
489	0.000305239
490	0.000304234
491	0.000303106
492	0.000301963
493	0.000300846
494	0.000299802
495	0.00029875
496	0.000297731
497	0.00029684
498	0.000295796
499	0.000294798
500	0.000293678
501	0.000292608
502	0.000291689
503	0.000290855
504	0.000290047
505	0.000289261
506	0.000288595
507	0.000287915
508	0.000287245
509	0.000286421
510	0.000285716
511	0.000284972
512	0.000284267
513	0.000283556
514	0.00028288
515	0.000282226
516	0.000281557
517	0.000280925
518	0.00028032
519	0.000279663
520	0.000278987
521	0.000278252
522	0.000277565
523	0.000276942
524	0.000276309
525	0.000275711
526	0.000275043
527	0.000274203
528	0.000273377
529	0.000272503
530	0.000271641
531	0.00027072
532	0.000269774
533	0.000268823
534	0.000267889
535	0.000266991
536	0.000266108
537	0.000265226
538	0.000264457
539	0.00026361
540	0.000262679
541	0.000261714
542	0.000260703
543	0.00025962
544	0.000258632
545	0.000257635
546	0.000256638
547	0.000255624
548	0.000254496
549	0.000253414
550	0.00025238
551	0.000251405
552	0.00025025
553	0.000249194
554	0.000248188
555	0.000246972
556	0.000245783
557	0.000244646
558	0.000243553
559	0.000242549
560	0.000241588
561	0.000240652
562	0.00023972
563	0.000238644
564	0.000237474
565	0.000236189
566	0.000234956
567	0.000233664
568	0.000232364
569	0.000231172
570	0.000230016
571	0.000228652
572	0.000227205
573	0.000225796
574	0.000224489
575	0.000223234
576	0.000221937
577	0.000220751
578	0.000219464
579	0.000218254
580	0.000217048
581	0.000215864
582	0.000214676
583	0.000213429
584	0.000212166
585	0.000210761
586	0.000209318
587	0.000207948
588	0.000206551
589	0.000205147
590	0.000203684
591	0.000202414
592	0.000201175
593	0.000200014
594	0.000198963
595	0.00019782
596	0.000196731
597	0.000195572
598	0.000194317
599	0.000193064
600	0.000192046
601	0.00019096
602	0.000189935
603	0.000188885
604	0.000187849
605	0.000186884
606	0.00018597
607	0.000184963
608	0.000183956
609	0.000183063
610	0.000182227
611	0.000181483
612	0.000180826
613	0.000180078
614	0.000179156
615	0.000178329
616	0.000177676
617	0.000177164
618	0.000176711
619	0.000176288
620	0.000175888
621	0.000175534
622	0.000175324
623	0.000175062
624	0.000174978
625	0.000174865
626	0.000174697
627	0.000174612
628	0.000174533
629	0.000174356
630	0.000174125
631	0.000173848
632	0.000173501
633	0.00017328
634	0.000174452
635	0.000175125
636	0.000175107
637	0.000174655
638	0.000174232
639	0.000173842
640	0.000173492
641	0.000173069
642	0.000172479
643	0.000171832
644	0.00017123
645	0.000170557
646	0.000169872
647	0.000167528
648	0.000165763
649	0.000164736
650	0.000163964
651	0.000163107
652	0.000162077
653	0.000160783
654	0.000159362
655	0.000157767
656	0.000156014
657	0.000154213
658	0.00015234
659	0.000150309
660	0.000148297
661	0.000146273
662	0.000144172
663	0.000142051
664	0.000139875
665	0.000137707
666	0.000135546
667	0.000133445
668	0.000131411
669	0.000129354
670	0.000127316
671	0.000126683
672	0.000125549
673	0.000123675
674	0.000121471
675	0.000119207
676	0.000116999
677	0.00011487
678	0.000112733
679	0.000110643
680	0.000108664
681	0.000106721
682	0.000104722
683	0.000102915
684	0.000101275
685	9.97322e-05
686	9.82829e-05
687	9.69054e-05
688	9.5585e-05
689	9.43253e-05
690	9.31333e-05
691	9.19405e-05
692	9.07635e-05
693	8.95927e-05
694	8.83495e-05
695	8.70716e-05
696	8.57622e-05
697	8.43386e-05
698	8.28865e-05
699	8.13907e-05
700	7.98767e-05
701	7.82943e-05
702	7.66373e-05
703	7.493e-05
704	7.31839e-05
705	7.14322e-05
706	6.96586e-05
707	6.78681e-05
708	6.60838e-05
709	6.43235e-05
710	6.25932e-05
711	6.08876e-05
712	5.92126e-05
713	5.75892e-05
714	5.60325e-05
715	5.45572e-05
716	5.31799e-05
717	5.19173e-05
718	5.07863e-05
719	4.97314e-05
720	4.87716e-05
721	4.7869e-05
722	4.69984e-05
723	4.61705e-05
724	4.5378e-05
725	5.91071e-06
726	5.75292e-06
727	5.60735e-06
728	5.48461e-06
729	5.37235e-06
730	5.26094e-06
731	5.15022e-06
732	5.03166e-06
733	4.91757e-06
734	4.80153e-06
735	4.68398e-06
736	4.56587e-06
737	4.44937e-06
738	4.33261e-06
739	4.21809e-06
740	4.10344e-06
741	3.984e-06
742	3.86462e-06
743	3.74681e-06
744	3.63197e-06
745	3.51719e-06
746	3.40308e-06
747	3.29157e-06
748	3.18407e-06
749	3.07976e-06
750	2.97484e-06
751	2.87505e-06
752	2.77596e-06
753	2.67726e-06
754	2.58203e-06
755	2.48832e-06
756	2.39714e-06
757	2.30863e-06
758	2.22313e-06
759	2.14017e-06
760	2.06042e-06
761	1.98238e-06
762	1.90678e-06
763	1.83404e-06
764	1.76409e-06
765	1.69613e-06
766	1.63087e-06
767	1.56772e-06
768	1.50686e-06
769	1.44823e-06
770	1.39103e-06
771	1.33647e-06
772	1.2836e-06
773	1.23205e-06
774	1.18265e-06
775	1.13557e-06
776	1.09002e-06
777	1.04638e-06
778	1.00461e-06
779	9.64557e-07
780	9.26083e-07
781	8.89119e-07
782	8.53608e-07
783	8.19343e-07
784	7.86025e-07
785	7.53718e-07
786	7.23015e-07
787	6.93745e-07
788	6.6558e-07
789	6.3867e-07
790	6.12768e-07
791	5.87894e-07
792	5.63933e-07
793	5.40781e-07
794	5.18502e-07
795	4.97048e-07
796	4.76412e-07
797	4.56607e-07
798	4.37608e-07
799	4.19364e-07
800	4.01816e-07
801	3.85055e-07
802	3.69089e-07
803	3.53889e-07
804	3.39644e-07
805	3.2563e-07
806	3.12587e-07
807	3.00193e-07
808	2.88291e-07
809	2.76802e-07
810	2.65724e-07
811	2.55089e-07
812	2.44879e-07
813	2.34885e-07
814	2.25287e-07
815	2.1618e-07
816	2.07526e-07
817	1.99339e-07
818	1.91533e-07
819	1.84065e-07
820	1.76922e-07
821	1.70119e-07
822	1.63607e-07
823	1.57359e-07
824	1.51348e-07
825	1.45577e-07
826	1.40027e-07
827	1.34708e-07
828	1.29569e-07
829	1.24638e-07
830	1.19911e-07
831	1.15374e-07
832	1.11013e-07
833	1.06831e-07
834	1.02744e-07
835	9.8022e-08
836	9.3678e-08
837	9.00713e-08
838	8.67017e-08
839	8.35429e-08
840	8.05599e-08
841	7.75407e-08
842	7.46782e-08
843	7.19649e-08
844	6.93816e-08
845	6.69126e-08
846	6.47307e-08
847	6.22689e-08
848	6.01938e-08
849	5.82558e-08
850	5.63055e-08
851	5.43526e-08
852	5.24654e-08
853	5.06872e-08
854	4.90222e-08
855	4.74524e-08
856	4.59582e-08
857	4.45314e-08
858	4.31661e-08
859	4.17129e-08
860	4.06472e-08
861	3.93477e-08
862	3.83358e-08
863	3.71106e-08
864	3.61771e-08
865	3.50554e-08
866	3.41e-08
867	3.32116e-08
868	3.23444e-08
869	3.15019e-08
870	3.06952e-08
871	2.99258e-08
872	2.91892e-08
873	2.84795e-08
874	2.7795e-08
875	2.7137e-08
876	2.65053e-08
877	2.58992e-08
878	2.53156e-08
879	2.47558e-08
880	2.42144e-08
881	2.36956e-08
882	2.3194e-08
883	2.2709e-08
884	2.22421e-08
885	2.17904e-08
886	2.13553e-08
887	2.09347e-08
888	2.05285e-08
889	2.01363e-08
890	1.97569e-08
891	1.93899e-08
892	1.9034e-08
893	1.8689e-08
894	1.83556e-08
895	1.80333e-08
896	1.7492e-08
897	1.74992e-08
898	1.72407e-08
899	1.66911e-08
900	1.66247e-08
901	1.61571e-08
902	1.61403e-08
903	1.56783e-08
904	1.56336e-08
905	1.51865e-08
906	1.48942e-08
907	1.5306e-08
908	1.49437e-08
909	1.49829e-08
910	1.47687e-08
911	1.47881e-08
912	1.42911e-08
913	1.39053e-08
914	1.39591e-08
915	1.35074e-08
916	1.32025e-08
917	1.30249e-08
918	1.29137e-08
919	1.28131e-08
920	1.26895e-08
921	1.25425e-08
922	1.23883e-08
923	1.22391e-08
924	1.21024e-08
925	1.19762e-08
926	1.18591e-08
927	1.1742e-08
928	1.16231e-08
929	1.15022e-08
930	1.1381e-08
931	1.12616e-08
932	1.11462e-08
933	1.10343e-08
934	1.09219e-08
935	1.0813e-08
936	1.07043e-08
937	1.05935e-08
938	1.04823e-08
939	1.03727e-08
940	1.02618e-08
941	1.01495e-08
942	9.56668e-09
943	8.94243e-09
944	8.48872e-09
945	8.2164e-09
946	8.07358e-09
947	8.00031e-09
948	7.95055e-09
