1	0
2	0.168933
3	0.148147
4	0.138055
5	0.135987
6	0.127252
7	0.10942
8	0.0905657
9	0.0762229
10	0.0686341
11	0.064375
12	0.061584
13	0.0594797
14	0.0574436
15	0.0562513
16	0.055083
17	0.0542117
18	0.0537442
19	0.0533918
20	0.0532017
21	0.0531924
22	0.0530457
23	0.0530272
24	0.0526519
25	0.0521913
26	0.0516611
27	0.0513169
28	0.0508981
29	0.0501053
30	0.0493679
31	0.0486112
32	0.048272
33	0.0476593
34	0.0469039
35	0.046365
36	0.0458735
37	0.0455975
38	0.0449006
39	0.0442776
40	0.0437672
41	0.0432586
42	0.0429995
43	0.0423846
44	0.0418684
45	0.0413689
46	0.0409295
47	0.0405673
48	0.0401415
49	0.0396917
50	0.0391564
51	0.0386862
52	0.0382806
53	0.0378488
54	0.0373735
55	0.0368539
56	0.0364263
57	0.0359364
58	0.0355142
59	0.0351356
60	0.0347422
61	0.034397
62	0.0340092
63	0.0336427
64	0.0333268
65	0.033072
66	0.0328107
67	0.032532
68	0.0322735
69	0.0320885
70	0.0318915
71	0.0316878
72	0.031529
73	0.0313749
74	0.0312478
75	0.0311348
76	0.0310181
77	0.0308947
78	0.0307698
79	0.0306639
80	0.0305387
81	0.030406
82	0.0302329
83	0.0300382
84	0.0298374
85	0.0295768
86	0.0292913
87	0.0290022
88	0.0286948
89	0.0283894
90	0.0280632
91	0.0277415
92	0.0274354
93	0.0271357
94	0.0268265
95	0.0265268
96	0.0262587
97	0.0259761
98	0.0256809
99	0.0254011
100	0.0251428
101	0.0248817
102	0.0246188
103	0.0243767
104	0.024149
105	0.0239664
106	0.0238177
107	0.0236934
108	0.0235831
109	0.0234863
110	0.0234069
111	0.0233651
112	0.0233334
113	0.0233121
114	0.0233101
115	0.0233245
116	0.0233671
117	0.0234216
118	0.0234854
119	0.0235436
120	0.0235961
121	0.0236586
122	0.0237033
123	0.02374
124	0.023743
125	0.0237168
126	0.0236718
127	0.0235702
128	0.0234259
129	0.0232422
130	0.0230187
131	0.0227719
132	0.0224968
133	0.0221593
134	0.0217873
135	0.0214022
136	0.0209832
137	0.0205404
138	0.0200909
139	0.0196476
140	0.0192037
141	0.018763
142	0.0183293
143	0.017926
144	0.0175496
145	0.0171996
146	0.0168791
147	0.0165936
148	0.0163353
149	0.0161121
150	0.015929
151	0.0157743
152	0.0156416
153	0.0155264
154	0.0154421
155	0.015379
156	0.0153244
157	0.0152818
158	0.0152534
159	0.0152303
160	0.0152045
161	0.0151748
162	0.0151404
163	0.0151007
164	0.0150529
165	0.0149929
166	0.0149157
167	0.0148258
168	0.0147301
169	0.0146262
170	0.0145093
171	0.0143823
172	0.0142498
173	0.0141132
174	0.0139731
175	0.0138348
176	0.0136971
177	0.0135581
178	0.0134204
179	0.0132818
180	0.0131426
181	0.0130054
182	0.0128679
183	0.0127308
184	0.0125958
185	0.0124588
186	0.0123205
187	0.0121797
188	0.0120375
189	0.0118932
190	0.011749
191	0.0116048
192	0.0114621
193	0.0113227
194	0.011186
195	0.0110504
196	0.0109186
197	0.01079
198	0.0106666
199	0.0105477
200	0.0104321
201	0.0103196
202	0.0102135
203	0.0101136
204	0.0100191
205	0.00992972
206	0.00984616
207	0.00976791
208	0.00969503
209	0.00962789
210	0.00956725
211	0.00951128
212	0.00946279
213	0.00941814
214	0.00937973
215	0.00934745
216	0.00931883
217	0.00929294
218	0.00926899
219	0.00924768
220	0.00922908
221	0.00921296
222	0.00919847
223	0.00918567
224	0.00917354
225	0.0091631
226	0.00915547
227	0.00914755
228	0.00913905
229	0.0091309
230	0.00912422
231	0.00911892
232	0.00911322
233	0.00910851
234	0.00910407
235	0.00910046
236	0.00909764
237	0.00909387
238	0.00908954
239	0.00908549
240	0.00908084
241	0.00907665
242	0.00907053
243	0.00906503
244	0.00905882
245	0.00905061
246	0.00904215
247	0.00903264
248	0.00902271
249	0.00901242
250	0.00900074
251	0.00898895
252	0.00897596
253	0.00896244
254	0.00894835
255	0.0089332
256	0.00891718
257	0.0089009
258	0.00888405
259	0.00886721
260	0.00884941
261	0.00883068
262	0.0088105
263	0.00879011
264	0.00876942
265	0.00874765
266	0.00872543
267	0.00870237
268	0.00867915
269	0.00865642
270	0.00863302
271	0.00860967
272	0.008585
273	0.00856007
274	0.00853503
275	0.00851012
276	0.00848454
277	0.00845891
278	0.00843359
279	0.00840859
280	0.0083841
281	0.00835938
282	0.0083345
283	0.00830963
284	0.00828424
285	0.00825899
286	0.00823393
287	0.00820829
288	0.00818275
289	0.00815717
290	0.00813159
291	0.00810619
292	0.00808065
293	0.00805443
294	0.00802823
295	0.00800142
296	0.00797501
297	0.00794782
298	0.0079201
299	0.00789221
300	0.00786374
301	0.00783482
302	0.00780561
303	0.00777554
304	0.00774508
305	0.00771377
306	0.00768256
307	0.00765234
308	0.0076199
309	0.00758819
310	0.00755543
311	0.00752222
312	0.00748944
313	0.00745606
314	0.00742218
315	0.00738788
316	0.00735304
317	0.00731811
318	0.0072833
319	0.00724823
320	0.0072126
321	0.00717575
322	0.00713821
323	0.00710132
324	0.00706412
325	0.00702664
326	0.00698754
327	0.00694891
328	0.00691024
329	0.00687249
330	0.00683462
331	0.00679603
332	0.00675733
333	0.00671952
334	0.00668244
335	0.00664623
336	0.00661015
337	0.00657413
338	0.00653878
339	0.00650371
340	0.00646969
341	0.00643649
342	0.00640465
343	0.0063738
344	0.00634447
345	0.00631557
346	0.00628855
347	0.00626272
348	0.00623736
349	0.0062127
350	0.00618969
351	0.00616737
352	0.00614561
353	0.00612422
354	0.0061037
355	0.00608375
356	0.00606462
357	0.0060457
358	0.00602629
359	0.00600692
360	0.00598759
361	0.00596803
362	0.00594918
363	0.00593019
364	0.00591091
365	0.00589101
366	0.00587172
367	0.00585313
368	0.00583443
369	0.00581549
370	0.00579586
371	0.0057757
372	0.00575535
373	0.00573466
374	0.00571445
375	0.00569415
376	0.00567361
377	0.00565336
378	0.00563387
379	0.00561453
380	0.00559445
381	0.00557373
382	0.00555244
383	0.00553137
384	0.0055107
385	0.00548974
386	0.0054678
387	0.00544778
388	0.0054282
389	0.00540929
390	0.00538908
391	0.00536873
392	0.00534854
393	0.00532908
394	0.00530861
395	0.00528758
396	0.00526711
397	0.00524675
398	0.00522687
399	0.00520705
400	0.00518752
401	0.00516872
402	0.00514999
403	0.00513152
404	0.00511236
405	0.00509339
406	0.00507508
407	0.00505624
408	0.00503893
409	0.00502133
410	0.00500387
411	0.00498701
412	0.00497089
413	0.00495447
414	0.00493807
415	0.00492106
416	0.00490473
417	0.00488799
418	0.00487194
419	0.00485619
420	0.00484077
421	0.0048251
422	0.00480941
423	0.00479378
424	0.00477852
425	0.00476322
426	0.00474821
427	0.00473397
428	0.00472025
429	0.00470611
430	0.00469272
431	0.00467926
432	0.00466545
433	0.00465172
434	0.00463887
435	0.00462584
436	0.00461225
437	0.0045996
438	0.00458747
439	0.00457598
440	0.00456415
441	0.00455302
442	0.00454173
443	0.00452977
444	0.00451758
445	0.00450578
446	0.00449486
447	0.00448326
448	0.00447164
449	0.00446059
450	0.00445057
451	0.00443977
452	0.00442902
453	0.00441905
454	0.00440805
455	0.00439742
456	0.004387
457	0.004377
458	0.0043671
459	0.00435686
460	0.00434679
461	0.00433717
462	0.00432715
463	0.0043174
464	0.00430789
465	0.00429758
466	0.00428664
467	0.00427591
468	0.00426548
469	0.00425494
470	0.00424473
471	0.00423422
472	0.00422338
473	0.00421279
474	0.00420324
475	0.00419286
476	0.00418137
477	0.00417071
478	0.00415874
479	0.00414767
480	0.00413711
481	0.00412671
482	0.00411607
483	0.0041057
484	0.00409479
485	0.00408455
486	0.00407379
487	0.00406286
488	0.0040519
489	0.00404091
490	0.00403035
491	0.00402027
492	0.00401015
493	0.00400008
494	0.00398998
495	0.00397923
496	0.00396905
497	0.00395877
498	0.00394856
499	0.00393767
500	0.0039269
501	0.00391651
502	0.00390609
503	0.00389617
504	0.00388621
505	0.00387705
506	0.00386774
507	0.00385764
508	0.00384788
509	0.00383872
510	0.00382893
511	0.00381983
512	0.00381051
513	0.00380059
514	0.00379166
515	0.00378297
516	0.00377445
517	0.00376656
518	0.00375849
519	0.00374975
520	0.00374079
521	0.00373146
522	0.00372254
523	0.0037136
524	0.00370538
525	0.0036975
526	0.00369032
527	0.00368363
528	0.00367686
529	0.0036694
530	0.0036617
531	0.00365385
532	0.00364642
533	0.00363972
534	0.0036325
535	0.00362507
536	0.00361676
537	0.00360942
538	0.0036033
539	0.00359713
540	0.00359085
541	0.00358403
542	0.00357671
543	0.00356961
544	0.00356242
545	0.00355438
546	0.00354709
547	0.00353931
548	0.00353244
549	0.00352578
550	0.00351851
551	0.00351134
552	0.00350375
553	0.0034961
554	0.00348826
555	0.00347978
556	0.00347193
557	0.00346374
558	0.00345434
559	0.00344515
560	0.00343716
561	0.00342792
562	0.00341868
563	0.00340948
564	0.00339955
565	0.00338997
566	0.00337951
567	0.00336925
568	0.00335871
569	0.00334747
570	0.00333675
571	0.00332599
572	0.00331516
573	0.00330415
574	0.00329185
575	0.00327945
576	0.00326637
577	0.00325252
578	0.0032393
579	0.00322628
580	0.00321388
581	0.00319973
582	0.00318475
583	0.0031697
584	0.00315443
585	0.00313966
586	0.00312561
587	0.00311114
588	0.00309601
589	0.00307998
590	0.00306354
591	0.00304693
592	0.00303022
593	0.00301309
594	0.00299581
595	0.00297771
596	0.00295995
597	0.00294149
598	0.00292306
599	0.00290488
600	0.00288782
601	0.00287018
602	0.00285208
603	0.00283446
604	0.00281715
605	0.00279991
606	0.00278131
607	0.00276183
608	0.00274257
609	0.002724
610	0.00270583
611	0.00268768
612	0.00267001
613	0.00265207
614	0.00263407
615	0.00261591
616	0.00259756
617	0.00257951
618	0.00256125
619	0.00254209
620	0.00252203
621	0.00250255
622	0.00248302
623	0.00246372
624	0.00244628
625	0.00242761
626	0.00240895
627	0.00239096
628	0.00237403
629	0.00235574
630	0.00233724
631	0.00231887
632	0.00230089
633	0.0022832
634	0.00228045
635	0.00227357
636	0.00225923
637	0.00224161
638	0.00222457
639	0.00220865
640	0.00219325
641	0.00217791
642	0.00216265
643	0.0021477
644	0.00213294
645	0.00211784
646	0.00210346
647	0.00207358
648	0.00204953
649	0.00203321
650	0.00202018
651	0.00200716
652	0.00199325
653	0.0019792
654	0.00196519
655	0.0019511
656	0.0019378
657	0.00192554
658	0.00191366
659	0.00190231
660	0.00189116
661	0.00187972
662	0.00186888
663	0.0018582
664	0.00184776
665	0.00183795
666	0.00182866
667	0.00181932
668	0.00181028
669	0.00180145
670	0.00179282
671	0.00179542
672	0.0017941
673	0.00178591
674	0.00177447
675	0.00176283
676	0.00175139
677	0.00173913
678	0.00172568
679	0.00171076
680	0.00169415
681	0.00167614
682	0.00164837
683	0.00162193
684	0.00159728
685	0.00157272
686	0.00154683
687	0.00151897
688	0.00148983
689	0.0014596
690	0.00142862
691	0.00139678
692	0.00136423
693	0.00133108
694	0.00129786
695	0.00126417
696	0.00123049
697	0.00119642
698	0.00116248
699	0.00112896
700	0.0010957
701	0.00106309
702	0.00103167
703	0.00100093
704	0.000970725
705	0.000941116
706	0.000912489
707	0.000885054
708	0.000858636
709	0.000833112
710	0.000808314
711	0.000784465
712	0.000761728
713	0.000740105
714	0.000719504
715	0.000699701
716	0.00068079
717	0.000662573
718	0.000645152
719	0.000628609
720	0.000613021
721	0.000598309
722	0.000584293
723	0.000570957
724	0.000558254
725	0.000546112
726	0.000534266
727	0.000523035
728	0.00051235
729	0.000502037
730	0.00049209
731	0.000482455
732	0.000473143
733	0.000466854
734	0.000459958
735	0.000452015
736	0.000443616
737	0.000435265
738	0.000427141
739	0.00041922
740	0.00041129
741	0.000403343
742	0.000395448
743	0.000387608
744	0.000379842
745	0.000372135
746	0.000364406
747	0.000356652
748	0.000348875
749	0.000341106
750	0.000333524
751	0.000326018
752	0.000318572
753	0.000311198
754	0.000303923
755	0.000296753
756	0.000289682
757	0.000282731
758	0.000275907
759	0.000269223
760	0.000262663
761	0.000256218
762	0.000249745
763	0.000243725
764	0.000237551
765	0.000231723
766	0.000225775
767	0.000220032
768	0.000214523
769	0.000208927
770	0.000203523
771	0.000198271
772	0.000193095
773	0.000188058
774	0.000183142
775	0.000178338
776	0.000173635
777	0.000169055
778	0.000164597
779	0.000160255
780	0.000156026
781	0.000151913
782	0.000147923
783	0.000144042
784	0.000140265
785	0.00013659
786	0.000133028
787	0.000129559
788	0.000126181
789	0.000122896
790	0.000119717
791	0.000116627
792	0.000113623
793	0.000110701
794	0.000107861
795	0.000105103
796	0.000102415
797	9.97936e-05
798	9.72432e-05
799	9.47639e-05
800	9.23465e-05
801	8.99938e-05
802	8.77041e-05
803	8.54698e-05
804	8.33034e-05
805	8.11476e-05
806	7.90589e-05
807	7.70412e-05
808	7.50784e-05
809	7.31599e-05
810	7.12849e-05
811	6.94515e-05
812	6.76628e-05
813	6.59168e-05
814	6.42125e-05
815	6.25497e-05
816	6.09263e-05
817	5.93411e-05
818	5.7794e-05
819	5.6284e-05
820	5.48098e-05
821	5.33704e-05
822	5.19647e-05
823	5.05924e-05
824	4.92526e-05
825	4.79441e-05
826	4.66666e-05
827	4.54196e-05
828	4.42019e-05
829	4.30154e-05
830	4.18587e-05
831	4.07304e-05
832	3.96295e-05
833	3.85556e-05
834	3.74905e-05
835	3.63009e-05
836	3.51702e-05
837	3.41835e-05
838	3.32342e-05
839	3.23401e-05
840	3.14739e-05
841	3.05825e-05
842	2.9736e-05
843	2.89204e-05
844	2.81258e-05
845	2.73498e-05
846	2.66121e-05
847	2.58542e-05
848	2.51259e-05
849	2.44379e-05
850	2.37777e-05
851	2.31344e-05
852	2.25049e-05
853	2.18915e-05
854	2.12969e-05
855	2.07208e-05
856	2.01623e-05
857	1.962e-05
858	1.90935e-05
859	1.85342e-05
860	1.81005e-05
861	1.75823e-05
862	1.71609e-05
863	1.66613e-05
864	1.62577e-05
865	1.5788e-05
866	1.53689e-05
867	1.49778e-05
868	1.45963e-05
869	1.42184e-05
870	1.38462e-05
871	1.34832e-05
872	1.31314e-05
873	1.27908e-05
874	1.24608e-05
875	1.21407e-05
876	1.18299e-05
877	1.15277e-05
878	1.1234e-05
879	1.09486e-05
880	1.06711e-05
881	1.04018e-05
882	1.01402e-05
883	9.88598e-06
884	9.63924e-06
885	9.39946e-06
886	9.16677e-06
887	8.94058e-06
888	8.72105e-06
889	8.50764e-06
890	8.29997e-06
891	8.09821e-06
892	7.90244e-06
893	7.71209e-06
894	7.52715e-06
895	7.34766e-06
896	7.13455e-06
897	7.01041e-06
898	6.85747e-06
899	6.65784e-06
900	6.53071e-06
901	6.34805e-06
902	6.23786e-06
903	6.06452e-06
904	5.95697e-06
905	5.79176e-06
906	5.64478e-06
907	5.59176e-06
908	5.44462e-06
909	5.30565e-06
910	5.16028e-06
911	5.0648e-06
912	4.93272e-06
913	4.81631e-06
914	4.76459e-06
915	4.63849e-06
916	4.52235e-06
917	4.41852e-06
918	4.32485e-06
919	4.23753e-06
920	4.15272e-06
921	4.06818e-06
922	3.98353e-06
923	3.89934e-06
924	3.81632e-06
925	3.73482e-06
926	3.65518e-06
927	3.57723e-06
928	3.50106e-06
929	3.42664e-06
930	3.35408e-06
931	3.28336e-06
932	3.2143e-06
933	3.14678e-06
934	3.08076e-06
935	3.01605e-06
936	2.95259e-06
937	2.89019e-06
938	2.82895e-06
939	2.76899e-06
940	2.71019e-06
941	2.65266e-06
942	2.52526e-06
943	2.37142e-06
944	2.23664e-06
945	2.13583e-06
946	2.06214e-06
947	2.00804e-06
948	1.96855e-06
