1	0
2	0.0138047
3	0.0117294
4	0.0109598
5	0.0108145
6	0.0111428
7	0.0104259
8	0.00913437
9	0.00090046
10	0.000778931
11	0.000690672
12	0.00606382
13	0.00571938
14	0.00548706
15	0.00531799
16	0.00526628
17	0.0053009
18	0.00538215
19	0.00541806
20	0.00548624
21	0.000655183
22	0.000641725
23	0.000621922
24	0.000604188
25	0.000588894
26	0.000569055
27	0.000552268
28	0.000544331
29	0.000544837
30	0.000551148
31	0.000551819
32	0.000546198
33	0.000545507
34	0.000543152
35	0.00473263
36	0.00456959
37	0.00444018
38	0.00431212
39	0.00421807
40	0.00417118
41	0.00415054
42	0.00415534
43	0.00418227
