1	1
2	0.0627536
3	0.0783769
4	0.0720361
5	0.0354034
6	0.0133756
7	0.0151774
8	0.0129545
9	0.00888025
10	0.00798739
11	0.00758376
12	0.00696302
13	0.0063948
14	0.00605083
15	0.00575018
16	0.00548957
17	0.00525114
18	0.0050389
19	0.00482675
20	0.00463194
21	0.00445828
22	0.0042897
23	0.00413155
24	0.00399569
25	0.00387511
26	0.00375814
27	0.00364376
28	0.00354984
29	0.00346304
30	0.00337663
31	0.00329998
32	0.00323768
33	0.00317962
34	0.00312322
35	0.00306841
36	0.00302544
37	0.00298152
38	0.00293861
39	0.00289763
40	0.00286143
41	0.00282369
42	0.0027823
43	0.00274787
44	0.00272083
45	0.00269502
46	0.00266675
47	0.00264141
48	0.00261666
49	0.00259506
50	0.0025738
51	0.00255446
52	0.00253546
53	0.00251541
54	0.00249541
55	0.00247751
56	0.00245998
57	0.0024442
58	0.00242337
59	0.00240442
60	0.00238872
61	0.00237129
62	0.00235188
63	0.00233247
64	0.00231243
65	0.00229149
66	0.00227153
67	0.00225032
68	0.00222766
69	0.00220319
70	0.00218102
71	0.00215821
72	0.00213557
73	0.002112
74	0.00208753
75	0.00206383
76	0.0020416
77	0.00202029
78	0.00199788
79	0.0019761
80	0.0019547
81	0.00193391
82	0.00191338
83	0.00189368
84	0.0018728
85	0.0018518
86	0.00183224
87	0.00181409
88	0.00179583
89	0.0017772
90	0.00175898
91	0.00174073
92	0.00172292
93	0.00170598
94	0.00169027
95	0.00167417
96	0.00165705
97	0.00164085
98	0.00162629
99	0.0016118
100	0.00159579
101	0.00157829
102	0.0015621
103	0.00154713
104	0.00153074
105	0.00151308
106	0.00149524
107	0.00147778
108	0.00146074
109	0.0014435
110	0.00142586
111	0.00140729
112	0.00138875
113	0.00137068
114	0.00135278
115	0.00133482
116	0.00131689
117	0.00129896
118	0.00128138
119	0.00126437
120	0.00124757
121	0.00123096
122	0.00121413
123	0.00119759
124	0.00118203
125	0.00116694
126	0.00115219
127	0.00113772
128	0.00112339
129	0.00110897
130	0.0010948
131	0.00108096
132	0.00106758
133	0.00105414
134	0.00104117
135	0.00102832
136	0.00101548
137	0.00100329
138	0.000991587
139	0.000979723
140	0.000967627
141	0.000955726
142	0.000944085
143	0.000932468
144	0.00092072
145	0.000909025
146	0.000897494
147	0.000885847
148	0.000874113
149	0.000862387
150	0.000850645
151	0.000838913
152	0.000827338
153	0.000815807
154	0.000804362
155	0.00079301
156	0.000781765
157	0.000770607
158	0.000759652
159	0.0007489
160	0.000738376
161	0.000728003
162	0.000717861
163	0.000707878
164	0.000698195
165	0.000688771
166	0.000679569
167	0.000670642
168	0.00066203
169	0.000653749
170	0.000645751
171	0.000638027
172	0.000630548
173	0.000623337
174	0.000616387
175	0.000609686
176	0.000603192
177	0.000596928
178	0.000590851
179	0.000584953
180	0.000579286
181	0.000573865
182	0.000568609
183	0.000563471
184	0.000558428
185	0.000553473
186	0.000548563
187	0.000543703
188	0.00053889
189	0.000534168
190	0.00052955
191	0.000524987
192	0.000520473
193	0.000516022
194	0.000511637
195	0.000507314
196	0.00050304
197	0.000498819
198	0.00049466
199	0.000490553
200	0.000486485
201	0.000482463
202	0.000478487
203	0.000474552
204	0.000470657
205	0.000466804
206	0.000462985
207	0.000459211
208	0.000455476
209	0.000451786
210	0.000448147
211	0.000444553
212	0.000441001
213	0.000437497
214	0.000434035
215	0.000430623
216	0.000427256
217	0.000423936
218	0.000420659
219	0.000417421
220	0.000414219
221	0.000411054
222	0.000407929
223	0.000404835
224	0.000401775
225	0.00039875
226	0.000395757
227	0.000392796
228	0.000389861
229	0.000386948
230	0.000384063
231	0.000381209
232	0.000378383
233	0.000375583
234	0.000372805
235	0.000370049
236	0.000367314
237	0.000364599
238	0.000361903
239	0.000359226
240	0.000356561
241	0.000353913
242	0.000351285
243	0.000348666
244	0.000346066
245	0.000343481
246	0.000340906
247	0.000338345
248	0.000335798
249	0.000333255
250	0.000330727
251	0.000328214
252	0.000325711
253	0.000323224
254	0.000320747
255	0.00031828
256	0.000315828
257	0.000313386
258	0.000310952
259	0.000308531
260	0.000306116
261	0.000303714
262	0.00030133
263	0.000298956
264	0.000296596
265	0.00029425
266	0.000291905
267	0.000289572
268	0.000287252
269	0.000284936
270	0.000282635
271	0.000280346
272	0.00027807
273	0.000275813
274	0.000273571
275	0.000271337
276	0.000269115
277	0.000266902
278	0.0002647
279	0.00026251
280	0.000260328
281	0.000258159
282	0.000256009
283	0.000253874
284	0.000251757
285	0.000249651
286	0.00024755
287	0.000245463
288	0.000243386
289	0.000241322
290	0.000239272
291	0.000237233
292	0.000235207
293	0.000233197
294	0.000231203
295	0.000229222
296	0.000227254
297	0.000225295
298	0.000223352
299	0.000221418
300	0.000219495
301	0.000217585
302	0.000215687
303	0.000213807
304	0.000211937
305	0.00021008
306	0.000208239
307	0.000206404
308	0.000204612
309	0.000202783
310	0.000200992
311	0.000199214
312	0.00019744
313	0.000195677
314	0.000193934
315	0.000192202
316	0.00019048
317	0.00018877
318	0.000187071
319	0.000185383
320	0.000183706
321	0.000182036
322	0.000180376
323	0.000178734
324	0.0001771
325	0.000175498
326	0.000173857
327	0.000172285
328	0.000170683
329	0.000169132
330	0.000167563
331	0.000166008
332	0.00016447
333	0.000162948
334	0.000161432
335	0.000159923
336	0.000158423
337	0.000156936
338	0.000155457
339	0.000153992
340	0.000152538
341	0.000151094
342	0.000149664
343	0.000148249
344	0.000146824
345	0.000145428
346	0.000144043
347	0.000142669
348	0.000141307
349	0.000139959
350	0.000138626
351	0.000137304
352	0.000135995
353	0.000134698
354	0.00013341
355	0.000132133
356	0.000130866
357	0.000129614
358	0.000128374
359	0.000127145
360	0.000125924
361	0.000124715
362	0.000123519
363	0.000122335
364	0.000121166
365	0.000120012
366	0.00011887
367	0.000117745
368	0.000116633
369	0.000115531
370	0.000114441
371	0.000113359
372	0.000112285
373	0.000111228
374	0.000110179
375	0.000109146
376	0.000108129
377	0.000107119
378	0.000106125
379	0.000105142
380	0.000104173
381	0.000103218
382	0.000102271
383	0.000101336
384	0.000100414
385	9.95029e-05
386	9.86107e-05
387	9.77184e-05
388	9.6838e-05
389	9.59716e-05
390	9.51174e-05
391	9.4278e-05
392	9.34503e-05
393	9.26297e-05
394	9.18176e-05
395	9.1015e-05
396	9.02194e-05
397	8.94331e-05
398	8.8658e-05
399	8.78939e-05
400	8.71401e-05
401	8.63965e-05
402	8.56655e-05
403	8.49465e-05
404	8.42357e-05
405	8.35346e-05
406	8.28424e-05
407	8.21594e-05
408	8.14877e-05
409	8.08228e-05
410	8.01664e-05
411	7.95179e-05
412	7.88766e-05
413	7.82471e-05
414	7.76256e-05
415	7.70142e-05
416	7.64143e-05
417	7.58222e-05
418	7.52372e-05
419	7.46597e-05
420	7.40868e-05
421	7.3521e-05
422	7.29618e-05
423	7.24113e-05
424	7.187e-05
425	7.13355e-05
426	7.08106e-05
427	7.02931e-05
428	6.97812e-05
429	6.92754e-05
430	6.87776e-05
431	6.82832e-05
432	6.77949e-05
433	6.73129e-05
434	6.68404e-05
435	6.6377e-05
436	6.59177e-05
437	6.54683e-05
438	6.50259e-05
439	6.45855e-05
440	6.41493e-05
441	6.37178e-05
442	6.32876e-05
443	6.28666e-05
444	6.24483e-05
445	6.20352e-05
446	6.1632e-05
447	6.123e-05
448	6.08353e-05
449	6.04481e-05
450	6.00626e-05
451	5.96803e-05
452	5.93039e-05
453	5.89277e-05
454	5.85593e-05
455	5.81943e-05
456	5.78365e-05
457	5.74887e-05
458	5.71425e-05
459	5.68026e-05
460	5.64688e-05
461	5.61358e-05
462	5.5802e-05
463	5.54728e-05
464	5.51458e-05
465	5.48222e-05
466	5.45021e-05
467	5.4184e-05
468	5.38751e-05
469	5.35689e-05
470	5.32637e-05
471	5.29651e-05
472	5.26698e-05
473	5.23754e-05
474	5.20858e-05
475	5.17978e-05
476	5.15133e-05
477	5.12375e-05
478	5.09634e-05
479	5.06963e-05
480	5.04329e-05
481	5.01686e-05
482	4.99093e-05
483	4.96508e-05
484	4.93911e-05
485	4.91333e-05
486	4.88766e-05
487	4.86224e-05
488	4.83702e-05
489	4.81212e-05
490	4.78761e-05
491	4.76358e-05
492	4.73955e-05
493	4.71591e-05
494	4.69258e-05
495	4.66947e-05
496	4.64637e-05
497	4.62345e-05
498	4.60077e-05
499	4.57835e-05
500	4.5564e-05
501	4.53464e-05
502	4.51303e-05
503	4.49156e-05
504	4.46998e-05
505	4.44842e-05
506	4.42707e-05
507	4.40566e-05
508	4.38439e-05
509	4.36346e-05
510	4.34258e-05
511	4.32165e-05
512	4.30123e-05
513	4.28078e-05
514	4.26058e-05
515	4.24044e-05
516	4.2204e-05
517	4.20055e-05
518	4.18058e-05
519	4.1605e-05
520	4.14059e-05
521	4.12083e-05
522	4.10131e-05
523	4.08185e-05
524	4.06264e-05
525	4.04345e-05
526	4.02437e-05
527	4.00503e-05
528	3.98588e-05
529	3.96673e-05
530	3.94732e-05
531	3.92805e-05
532	3.90875e-05
533	3.88943e-05
534	3.87007e-05
535	3.85065e-05
536	3.83139e-05
537	3.8122e-05
538	3.79286e-05
539	3.77355e-05
540	3.75424e-05
541	3.73478e-05
542	3.71543e-05
543	3.69601e-05
544	3.67684e-05
545	3.65791e-05
546	3.63871e-05
547	3.61983e-05
548	3.60096e-05
549	3.58199e-05
550	3.56298e-05
551	3.54391e-05
552	3.52456e-05
553	3.50503e-05
554	3.48521e-05
555	3.46542e-05
556	3.44572e-05
557	3.42611e-05
558	3.40689e-05
559	3.3876e-05
560	3.36842e-05
561	3.34923e-05
562	3.33026e-05
563	3.3116e-05
564	3.2929e-05
565	3.27431e-05
566	3.2557e-05
567	3.23696e-05
568	3.21835e-05
569	3.19988e-05
570	3.18128e-05
571	3.16273e-05
572	3.14389e-05
573	3.12482e-05
574	3.106e-05
575	3.08685e-05
576	3.06737e-05
577	3.04781e-05
578	3.02817e-05
579	3.00845e-05
580	2.98888e-05
581	2.9694e-05
582	2.94989e-05
583	2.93037e-05
584	2.91061e-05
585	2.89093e-05
586	2.87118e-05
587	2.8514e-05
588	2.83136e-05
589	2.8113e-05
590	2.7911e-05
591	2.77063e-05
592	2.75023e-05
593	2.72947e-05
594	2.70862e-05
595	2.68793e-05
596	2.66681e-05
597	2.64561e-05
598	2.62439e-05
599	2.60276e-05
600	2.58121e-05
601	2.5597e-05
602	2.53792e-05
603	2.51636e-05
604	2.49457e-05
605	2.47277e-05
606	2.45089e-05
607	2.42881e-05
608	2.40653e-05
609	2.3841e-05
610	2.36164e-05
611	2.33914e-05
612	2.31678e-05
613	2.2944e-05
614	2.27193e-05
615	2.24952e-05
616	2.22688e-05
617	2.20427e-05
618	2.18138e-05
619	2.15853e-05
620	2.13549e-05
621	2.11239e-05
622	2.08906e-05
623	2.0656e-05
624	2.04187e-05
625	2.01832e-05
626	1.9948e-05
627	1.97132e-05
628	1.94781e-05
629	1.92413e-05
630	1.90028e-05
631	1.87655e-05
632	1.85265e-05
633	1.82883e-05
634	1.80466e-05
635	1.78074e-05
636	1.7568e-05
637	1.73268e-05
638	1.70842e-05
639	1.68442e-05
640	1.66031e-05
641	1.63642e-05
642	1.61255e-05
643	1.58871e-05
644	1.56502e-05
645	1.54131e-05
646	1.51794e-05
647	1.49509e-05
648	1.47252e-05
649	1.45034e-05
650	1.42843e-05
651	1.40685e-05
652	1.38536e-05
653	1.3641e-05
654	1.34288e-05
655	1.32174e-05
656	1.301e-05
657	1.28057e-05
658	1.26041e-05
659	1.24059e-05
660	1.22114e-05
661	1.20191e-05
662	1.18328e-05
663	1.16501e-05
664	1.14707e-05
665	1.12972e-05
666	1.11283e-05
667	1.09629e-05
668	1.08011e-05
669	1.06429e-05
670	1.04861e-05
671	1.03243e-05
672	1.01683e-05
673	1.00174e-05
674	9.86782e-06
675	9.7188e-06
676	9.56956e-06
677	9.42344e-06
678	9.2797e-06
679	9.13611e-06
680	8.99365e-06
681	8.85094e-06
682	8.71202e-06
683	8.57254e-06
684	8.43322e-06
685	8.29352e-06
686	8.15281e-06
687	8.01323e-06
688	7.87398e-06
689	7.73553e-06
690	7.59663e-06
691	7.45846e-06
692	7.31863e-06
693	7.17755e-06
694	7.04223e-06
695	6.90448e-06
696	6.76349e-06
697	6.62763e-06
698	6.49024e-06
699	6.35242e-06
700	6.21446e-06
701	6.0775e-06
702	5.94135e-06
703	5.8068e-06
704	5.67343e-06
705	5.54059e-06
706	5.40929e-06
707	5.2791e-06
708	5.15031e-06
709	5.02296e-06
710	4.89639e-06
711	4.77243e-06
712	4.64995e-06
713	4.52903e-06
714	4.40986e-06
715	4.2922e-06
716	4.17584e-06
717	4.06082e-06
718	3.94782e-06
719	3.83662e-06
720	3.7274e-06
721	3.61984e-06
722	3.51368e-06
723	3.40914e-06
724	3.30576e-06
725	3.20489e-06
726	3.10607e-06
727	3.00949e-06
728	2.91538e-06
729	2.82352e-06
730	2.73387e-06
731	2.64678e-06
732	2.56223e-06
733	2.48023e-06
734	2.40044e-06
735	2.32264e-06
736	2.24685e-06
737	2.17314e-06
738	2.10167e-06
739	2.03232e-06
740	1.96501e-06
741	1.89977e-06
742	1.8366e-06
743	1.77548e-06
744	1.71637e-06
745	1.65938e-06
746	1.60472e-06
747	1.55204e-06
748	1.5013e-06
749	1.45236e-06
750	1.40541e-06
751	1.36051e-06
752	1.31765e-06
753	1.27662e-06
754	1.23714e-06
755	1.19932e-06
756	1.16314e-06
757	1.1284e-06
758	1.09477e-06
759	1.06217e-06
760	1.03048e-06
761	9.99613e-07
762	9.69862e-07
763	9.40318e-07
764	9.12269e-07
765	8.84588e-07
766	8.5807e-07
767	8.3223e-07
768	8.06855e-07
769	7.82419e-07
770	7.58601e-07
771	7.35737e-07
772	7.13201e-07
773	6.91202e-07
774	6.69844e-07
775	6.49089e-07
776	6.28897e-07
777	6.09229e-07
778	5.90092e-07
779	5.71493e-07
780	5.53426e-07
781	5.35896e-07
782	5.18847e-07
783	5.02322e-07
784	4.86316e-07
785	4.70786e-07
786	4.55727e-07
787	4.4114e-07
788	4.27031e-07
789	4.13346e-07
790	4.00082e-07
791	3.87225e-07
792	3.74775e-07
793	3.62727e-07
794	3.51071e-07
795	3.39775e-07
796	3.28831e-07
797	3.18223e-07
798	3.07955e-07
799	2.98004e-07
800	2.88373e-07
801	2.79052e-07
802	2.70035e-07
803	2.61311e-07
804	2.53661e-07
805	2.45487e-07
806	2.37555e-07
807	2.2993e-07
808	2.22562e-07
809	2.15428e-07
810	2.08536e-07
811	2.01872e-07
812	1.95427e-07
813	1.89193e-07
814	1.83163e-07
815	1.77335e-07
816	1.71697e-07
817	1.66249e-07
818	1.60983e-07
819	1.55888e-07
820	1.50964e-07
821	1.46204e-07
822	1.41603e-07
823	1.37157e-07
824	1.32861e-07
825	1.28707e-07
826	1.24697e-07
827	1.20817e-07
828	1.17062e-07
829	1.13436e-07
830	1.09933e-07
831	1.06547e-07
832	1.03272e-07
833	1.0011e-07
834	9.68998e-08
835	9.41579e-08
836	9.12169e-08
837	8.86377e-08
838	8.58708e-08
839	8.3314e-08
840	8.10561e-08
841	7.85586e-08
842	7.62267e-08
843	7.40347e-08
844	7.19333e-08
845	6.98908e-08
846	6.88974e-08
847	6.69179e-08
848	6.5e-08
849	6.31816e-08
850	6.14503e-08
851	5.97867e-08
852	5.81764e-08
853	5.66142e-08
854	5.50999e-08
855	5.36315e-08
856	5.22097e-08
857	5.08338e-08
858	4.95034e-08
859	4.81246e-08
860	4.69709e-08
861	4.57056e-08
862	4.46401e-08
863	4.34466e-08
864	4.2423e-08
865	4.12999e-08
866	4.02438e-08
867	3.92465e-08
868	3.82932e-08
869	3.73732e-08
870	3.64792e-08
871	3.56094e-08
872	3.47626e-08
873	3.39383e-08
874	3.31351e-08
875	3.23535e-08
876	3.15939e-08
877	3.08566e-08
878	3.01416e-08
879	2.94483e-08
880	2.87761e-08
881	2.81242e-08
882	2.74913e-08
883	2.68759e-08
884	2.62776e-08
885	2.56956e-08
886	2.51301e-08
887	2.45803e-08
888	2.40451e-08
889	2.35234e-08
890	2.30146e-08
891	2.25182e-08
892	2.20355e-08
893	2.15666e-08
894	2.11102e-08
895	2.06672e-08
896	2.02172e-08
897	1.98093e-08
898	1.9407e-08
899	1.89939e-08
900	1.86147e-08
901	1.82246e-08
902	1.78691e-08
903	1.74991e-08
904	1.71576e-08
905	1.68051e-08
906	1.64627e-08
907	1.77608e-08
908	1.73002e-08
909	1.69076e-08
910	1.65623e-08
911	1.62511e-08
912	1.59542e-08
913	1.56716e-08
914	1.54094e-08
915	1.51431e-08
916	1.48831e-08
917	1.46304e-08
918	1.43854e-08
919	1.41467e-08
920	1.39138e-08
921	1.3686e-08
922	1.34632e-08
923	1.32441e-08
924	1.30292e-08
925	1.28179e-08
926	1.26105e-08
927	1.24051e-08
928	1.22023e-08
929	1.20022e-08
930	1.18048e-08
931	1.16101e-08
932	1.14189e-08
933	1.123e-08
934	1.10441e-08
935	1.08622e-08
936	1.06838e-08
937	1.05093e-08
938	1.03379e-08
939	1.01704e-08
940	1.00067e-08
941	9.84518e-09
942	9.75204e-09
943	9.65818e-09
944	9.5582e-09
945	9.4519e-09
946	9.34078e-09
947	9.22578e-09
948	9.11096e-09
