1	6.5534e-05
2	0.00390023
3	0.007367
4	0.00602079
5	0.0025958
6	0.000870355
7	0.00101921
8	0.000886665
9	0.000597704
10	0.000557054
11	0.00054938
12	0.000514704
13	0.000472092
14	0.000448436
15	0.000428795
16	0.00041137
17	0.00039445
18	0.000377583
19	0.000360011
20	0.00034196
21	0.000323787
22	0.000306327
23	0.000289955
24	0.000277222
25	0.000266711
26	0.000257448
27	0.000249674
28	0.000244029
29	0.000238598
30	0.000233878
31	0.000229761
32	0.000226051
33	0.000223468
34	0.000220586
35	0.000217946
36	0.000215373
37	0.000212317
38	0.00020933
39	0.000206761
40	0.000204284
41	0.000201493
42	0.000198923
43	0.000197016
44	0.000195761
45	0.000194709
46	0.000194037
47	0.000193568
48	0.000193092
49	0.000192663
50	0.000191995
51	0.000191383
52	0.00019072
53	0.000190195
54	0.000189925
55	0.000189638
56	0.000189187
57	0.000188892
58	0.00018854
59	0.000188416
60	0.000188346
61	0.000188078
62	0.000187602
63	0.000186821
64	0.000185817
65	0.000184756
66	0.000183828
67	0.000182607
68	0.00018118
69	0.000179439
70	0.000177756
71	0.000175948
72	0.000173949
73	0.000171751
74	0.000169593
75	0.00016732
76	0.000165119
77	0.000163036
78	0.000161031
79	0.000159154
80	0.000157435
81	0.000155864
82	0.000154311
83	0.000152736
84	0.000151046
85	0.000149464
86	0.000148021
87	0.000146589
88	0.000145271
89	0.000144027
90	0.000142902
91	0.000141786
92	0.000140692
93	0.000139709
94	0.000138926
95	0.000138138
96	0.000137269
97	0.000136354
98	0.000135413
99	0.000134537
100	0.000133534
101	0.000132445
102	0.000131438
103	0.000130347
104	0.000129166
105	0.000127854
106	0.00012639
107	0.000124918
108	0.000123399
109	0.000121832
110	0.000120226
111	0.000118516
112	0.000116788
113	0.000115023
114	0.000113277
115	0.000111528
116	0.000109758
117	0.000108012
118	0.000106292
119	0.000104589
120	0.00010301
121	0.000101439
122	9.99209e-05
123	9.85355e-05
124	9.72371e-05
125	9.60047e-05
126	9.48206e-05
127	9.36629e-05
128	9.2541e-05
129	9.13717e-05
130	9.02206e-05
131	8.91142e-05
132	8.80632e-05
133	8.70733e-05
134	8.61441e-05
135	8.52064e-05
136	8.42572e-05
137	8.3388e-05
138	8.25792e-05
139	8.17799e-05
140	8.09753e-05
141	8.01419e-05
142	7.93094e-05
143	7.84842e-05
144	7.7607e-05
145	7.66829e-05
146	7.57279e-05
147	7.47662e-05
148	7.37781e-05
149	7.27814e-05
150	7.17495e-05
151	7.06936e-05
152	6.96386e-05
153	6.85906e-05
154	6.75413e-05
155	6.64933e-05
156	6.54454e-05
157	6.43986e-05
158	6.3376e-05
159	6.23807e-05
160	6.13895e-05
161	6.04033e-05
162	5.94329e-05
163	5.84858e-05
164	5.75617e-05
165	5.66473e-05
166	5.57494e-05
167	5.48924e-05
168	5.40644e-05
169	5.32642e-05
170	5.24941e-05
171	5.17476e-05
172	5.10314e-05
173	5.03445e-05
174	4.96825e-05
175	4.90535e-05
176	4.84522e-05
177	4.78854e-05
178	4.73476e-05
179	4.68272e-05
180	4.63243e-05
181	4.58363e-05
182	4.53661e-05
183	4.49121e-05
184	4.44778e-05
185	4.40601e-05
186	4.36499e-05
187	4.32433e-05
188	4.28383e-05
189	4.24384e-05
190	4.20476e-05
191	4.16616e-05
192	4.128e-05
193	4.0906e-05
194	4.05399e-05
195	4.01788e-05
196	3.98204e-05
197	3.94674e-05
198	3.91189e-05
199	3.87708e-05
200	3.84219e-05
201	3.8074e-05
202	3.7727e-05
203	3.7383e-05
204	3.70427e-05
205	3.67062e-05
206	3.63739e-05
207	3.6047e-05
208	3.57242e-05
209	3.54062e-05
210	3.50942e-05
211	3.47869e-05
212	3.44846e-05
213	3.41873e-05
214	3.38951e-05
215	3.36084e-05
216	3.33263e-05
217	3.30486e-05
218	3.27756e-05
219	3.25075e-05
220	3.22429e-05
221	3.19827e-05
222	3.17265e-05
223	3.14736e-05
224	3.12246e-05
225	3.09788e-05
226	3.07361e-05
227	3.04972e-05
228	3.02609e-05
229	3.00275e-05
230	2.97976e-05
231	2.95705e-05
232	2.93462e-05
233	2.9125e-05
234	2.89056e-05
235	2.86886e-05
236	2.8475e-05
237	2.82631e-05
238	2.80533e-05
239	2.7846e-05
240	2.764e-05
241	2.74358e-05
242	2.72335e-05
243	2.70329e-05
244	2.6834e-05
245	2.66362e-05
246	2.6439e-05
247	2.62435e-05
248	2.60492e-05
249	2.58559e-05
250	2.56646e-05
251	2.54751e-05
252	2.52861e-05
253	2.5099e-05
254	2.49129e-05
255	2.47276e-05
256	2.45442e-05
257	2.43615e-05
258	2.41792e-05
259	2.39983e-05
260	2.3818e-05
261	2.36385e-05
262	2.34609e-05
263	2.32835e-05
264	2.31071e-05
265	2.29327e-05
266	2.2758e-05
267	2.25849e-05
268	2.24123e-05
269	2.22395e-05
270	2.20684e-05
271	2.18986e-05
272	2.17296e-05
273	2.15618e-05
274	2.13951e-05
275	2.12291e-05
276	2.1064e-05
277	2.08995e-05
278	2.07357e-05
279	2.05729e-05
280	2.04102e-05
281	2.02482e-05
282	2.0088e-05
283	1.99284e-05
284	1.97695e-05
285	1.96119e-05
286	1.94536e-05
287	1.92964e-05
288	1.91397e-05
289	1.89832e-05
290	1.88284e-05
291	1.86749e-05
292	1.85215e-05
293	1.83697e-05
294	1.8219e-05
295	1.8069e-05
296	1.79213e-05
297	1.77742e-05
298	1.7628e-05
299	1.74836e-05
300	1.73404e-05
301	1.71991e-05
302	1.70609e-05
303	1.69255e-05
304	1.67924e-05
305	1.66626e-05
306	1.65348e-05
307	1.64065e-05
308	1.62885e-05
309	1.61648e-05
310	1.60464e-05
311	1.59308e-05
312	1.58155e-05
313	1.57017e-05
314	1.55887e-05
315	1.54763e-05
316	1.5365e-05
317	1.52542e-05
318	1.51442e-05
319	1.50348e-05
320	1.49263e-05
321	1.48181e-05
322	1.47107e-05
323	1.4604e-05
324	1.44976e-05
325	1.43961e-05
326	1.42849e-05
327	1.41829e-05
328	1.40742e-05
329	1.39723e-05
330	1.38663e-05
331	1.37591e-05
332	1.36509e-05
333	1.35432e-05
334	1.34358e-05
335	1.33272e-05
336	1.32175e-05
337	1.31068e-05
338	1.29949e-05
339	1.28823e-05
340	1.27685e-05
341	1.2655e-05
342	1.25413e-05
343	1.2426e-05
344	1.23075e-05
345	1.21926e-05
346	1.20774e-05
347	1.19607e-05
348	1.18446e-05
349	1.17288e-05
350	1.16144e-05
351	1.15002e-05
352	1.13863e-05
353	1.12725e-05
354	1.11586e-05
355	1.10452e-05
356	1.09327e-05
357	1.08203e-05
358	1.07087e-05
359	1.05985e-05
360	1.04889e-05
361	1.03808e-05
362	1.02742e-05
363	1.01681e-05
364	1.00639e-05
365	9.96074e-06
366	9.85872e-06
367	9.7583e-06
368	9.65866e-06
369	9.56048e-06
370	9.46419e-06
371	9.36896e-06
372	9.27479e-06
373	9.18222e-06
374	9.09051e-06
375	9.00123e-06
376	8.91294e-06
377	8.8256e-06
378	8.7393e-06
379	8.6542e-06
380	8.57013e-06
381	8.48812e-06
382	8.4069e-06
383	8.32631e-06
384	8.24706e-06
385	8.16869e-06
386	8.09305e-06
387	8.01676e-06
388	7.9412e-06
389	7.86683e-06
390	7.7941e-06
391	7.72227e-06
392	7.65196e-06
393	7.58238e-06
394	7.51323e-06
395	7.44532e-06
396	7.37806e-06
397	7.31149e-06
398	7.24612e-06
399	7.18149e-06
400	7.11794e-06
401	7.05568e-06
402	6.99447e-06
403	6.9348e-06
404	6.87611e-06
405	6.81772e-06
406	6.76031e-06
407	6.70348e-06
408	6.64757e-06
409	6.5926e-06
410	6.53841e-06
411	6.48566e-06
412	6.43377e-06
413	6.38244e-06
414	6.33222e-06
415	6.2831e-06
416	6.23442e-06
417	6.18685e-06
418	6.13988e-06
419	6.09378e-06
420	6.04844e-06
421	6.00372e-06
422	5.95968e-06
423	5.91664e-06
424	5.87385e-06
425	5.83169e-06
426	5.79053e-06
427	5.74979e-06
428	5.70947e-06
429	5.66962e-06
430	5.63023e-06
431	5.5916e-06
432	5.55408e-06
433	5.51706e-06
434	5.4806e-06
435	5.44502e-06
436	5.40942e-06
437	5.37461e-06
438	5.34007e-06
439	5.30593e-06
440	5.27216e-06
441	5.23871e-06
442	5.20532e-06
443	5.17281e-06
444	5.1407e-06
445	5.10888e-06
446	5.07815e-06
447	5.04727e-06
448	5.01638e-06
449	4.98613e-06
450	4.95596e-06
451	4.92569e-06
452	4.89604e-06
453	4.86646e-06
454	4.83759e-06
455	4.80927e-06
456	4.78144e-06
457	4.75439e-06
458	4.72734e-06
459	4.70019e-06
460	4.67349e-06
461	4.64671e-06
462	4.61968e-06
463	4.5933e-06
464	4.56685e-06
465	4.54081e-06
466	4.51551e-06
467	4.49019e-06
468	4.46551e-06
469	4.44105e-06
470	4.4163e-06
471	4.39231e-06
472	4.36857e-06
473	4.34481e-06
474	4.32142e-06
475	4.29827e-06
476	4.27539e-06
477	4.2534e-06
478	4.23134e-06
479	4.20999e-06
480	4.18907e-06
481	4.16787e-06
482	4.14679e-06
483	4.12598e-06
484	4.10501e-06
485	4.08431e-06
486	4.06402e-06
487	4.04358e-06
488	4.02346e-06
489	4.00433e-06
490	3.98534e-06
491	3.9668e-06
492	3.94811e-06
493	3.92916e-06
494	3.91069e-06
495	3.8921e-06
496	3.87357e-06
497	3.8553e-06
498	3.83695e-06
499	3.81868e-06
500	3.80063e-06
501	3.78279e-06
502	3.76542e-06
503	3.74853e-06
504	3.73128e-06
505	3.71399e-06
506	3.69722e-06
507	3.6801e-06
508	3.66295e-06
509	3.64618e-06
510	3.62905e-06
511	3.6123e-06
512	3.59643e-06
513	3.58052e-06
514	3.56471e-06
515	3.54886e-06
516	3.53245e-06
517	3.51636e-06
518	3.50017e-06
519	3.48404e-06
520	3.4683e-06
521	3.45252e-06
522	3.43688e-06
523	3.42147e-06
524	3.40631e-06
525	3.39159e-06
526	3.37703e-06
527	3.36231e-06
528	3.34797e-06
529	3.33335e-06
530	3.31823e-06
531	3.30325e-06
532	3.28774e-06
533	3.27227e-06
534	3.25741e-06
535	3.24277e-06
536	3.22867e-06
537	3.2146e-06
538	3.20032e-06
539	3.18632e-06
540	3.17215e-06
541	3.15765e-06
542	3.1432e-06
543	3.12873e-06
544	3.11408e-06
545	3.09964e-06
546	3.08476e-06
547	3.07089e-06
548	3.05742e-06
549	3.04381e-06
550	3.03021e-06
551	3.0167e-06
552	3.00242e-06
553	2.98798e-06
554	2.97343e-06
555	2.95855e-06
556	2.94385e-06
557	2.92962e-06
558	2.91603e-06
559	2.90281e-06
560	2.88983e-06
561	2.87694e-06
562	2.86441e-06
563	2.85212e-06
564	2.83975e-06
565	2.82754e-06
566	2.81525e-06
567	2.80255e-06
568	2.79033e-06
569	2.77838e-06
570	2.76687e-06
571	2.75582e-06
572	2.74432e-06
573	2.73257e-06
574	2.72088e-06
575	2.70858e-06
576	2.69586e-06
577	2.68318e-06
578	2.66989e-06
579	2.65654e-06
580	2.64382e-06
581	2.63107e-06
582	2.6187e-06
583	2.60674e-06
584	2.59446e-06
585	2.5822e-06
586	2.56978e-06
587	2.5571e-06
588	2.54433e-06
589	2.5316e-06
590	2.51839e-06
591	2.50509e-06
592	2.4921e-06
593	2.47882e-06
594	2.46557e-06
595	2.45262e-06
596	2.439e-06
597	2.42555e-06
598	2.41203e-06
599	2.39826e-06
600	2.38421e-06
601	2.37026e-06
602	2.35577e-06
603	2.34133e-06
604	2.32679e-06
605	2.31196e-06
606	2.29741e-06
607	2.28231e-06
608	2.26704e-06
609	2.25201e-06
610	2.23708e-06
611	2.22172e-06
612	2.20657e-06
613	2.19106e-06
614	2.17489e-06
615	2.15884e-06
616	2.1427e-06
617	2.12641e-06
618	2.10961e-06
619	2.09268e-06
620	2.07542e-06
621	2.05805e-06
622	2.04043e-06
623	2.02223e-06
624	2.00379e-06
625	1.98545e-06
626	1.96692e-06
627	1.9484e-06
628	1.9295e-06
629	1.91001e-06
630	1.89025e-06
631	1.87055e-06
632	1.85088e-06
633	3.76152e-07
634	3.71203e-07
635	3.66188e-07
636	3.61173e-07
637	3.5604e-07
638	3.50901e-07
639	3.45741e-07
640	3.40527e-07
641	3.3534e-07
642	3.30106e-07
643	3.24889e-07
644	3.19732e-07
645	3.14529e-07
646	1.51679e-06
647	1.49391e-06
648	1.4707e-06
649	1.44784e-06
650	1.42533e-06
651	1.40284e-06
652	1.38062e-06
653	1.35849e-06
654	1.33646e-06
655	1.31452e-06
656	1.29292e-06
657	1.27147e-06
658	1.25059e-06
659	1.23044e-06
660	1.21092e-06
661	1.19204e-06
662	1.17362e-06
663	1.15583e-06
664	1.1386e-06
665	1.12195e-06
666	1.10625e-06
667	1.09123e-06
668	1.07697e-06
669	1.0631e-06
670	2.09828e-07
671	2.06579e-07
672	2.03436e-07
673	2.00451e-07
674	1.97539e-07
675	1.94619e-07
676	1.91695e-07
677	1.88794e-07
678	1.85985e-07
679	1.83231e-07
680	1.80532e-07
681	1.77837e-07
682	1.75223e-07
683	1.72615e-07
684	1.70055e-07
685	1.67508e-07
686	1.64893e-07
687	1.62307e-07
688	1.59734e-07
689	1.57205e-07
690	1.54676e-07
691	1.52165e-07
692	1.49637e-07
693	1.47115e-07
694	1.44708e-07
695	1.42273e-07
696	1.39778e-07
697	1.37369e-07
698	1.34962e-07
699	1.32538e-07
700	1.30064e-07
701	1.27587e-07
702	1.25113e-07
703	1.2266e-07
704	1.2024e-07
705	1.17777e-07
706	1.1531e-07
707	1.12809e-07
708	1.10289e-07
709	1.07763e-07
710	1.05226e-07
711	1.02694e-07
712	1.00163e-07
713	9.763e-08
714	9.50857e-08
715	9.2545e-08
716	9.00007e-08
717	8.74529e-08
718	8.4908e-08
719	8.23794e-08
720	7.98679e-08
721	7.73886e-08
722	7.49382e-08
723	7.25135e-08
724	7.01201e-08
725	6.77777e-08
726	6.54827e-08
727	6.32355e-08
728	6.10321e-08
729	5.88809e-08
730	5.67862e-08
731	5.47515e-08
732	5.27671e-08
733	5.08381e-08
734	4.89592e-08
735	4.71267e-08
736	4.53442e-08
737	4.36127e-08
738	4.19272e-08
739	4.02948e-08
740	3.87091e-08
741	3.71818e-08
742	3.57092e-08
743	3.42899e-08
744	3.29231e-08
745	3.16068e-08
746	3.03421e-08
747	2.91247e-08
748	2.79519e-08
749	2.68247e-08
750	2.57421e-08
751	2.47056e-08
752	2.37118e-08
753	2.27593e-08
754	2.18436e-08
755	2.0966e-08
756	2.01234e-08
757	1.93166e-08
758	1.85421e-08
759	1.77994e-08
760	1.70886e-08
761	1.64092e-08
762	1.57611e-08
763	1.51361e-08
764	1.45456e-08
765	1.39784e-08
766	1.34389e-08
767	1.29214e-08
768	1.24238e-08
769	1.19488e-08
770	1.14947e-08
771	1.10728e-08
772	1.06583e-08
773	1.02663e-08
774	9.89081e-09
775	9.53102e-09
776	9.18741e-09
777	8.85731e-09
778	8.54052e-09
779	8.23654e-09
780	7.94436e-09
781	7.66438e-09
782	7.39507e-09
783	7.13648e-09
784	6.88848e-09
785	6.65171e-09
786	6.42402e-09
787	6.20451e-09
788	5.99619e-09
789	5.79452e-09
790	5.59974e-09
791	5.41161e-09
792	5.23061e-09
793	5.05664e-09
794	4.88885e-09
795	4.72649e-09
796	4.57012e-09
797	4.41954e-09
798	4.27417e-09
799	4.13374e-09
800	3.99867e-09
801	3.86807e-09
802	3.74237e-09
803	3.62188e-09
804	3.52625e-09
805	3.41311e-09
806	3.30531e-09
807	3.2014e-09
808	3.10118e-09
809	3.00404e-09
810	2.90992e-09
811	2.81891e-09
812	2.73091e-09
813	2.64568e-09
814	2.56306e-09
815	2.48311e-09
816	2.40576e-09
817	2.33098e-09
818	2.25858e-09
819	2.18856e-09
820	2.1208e-09
821	2.05517e-09
822	1.99169e-09
823	1.93033e-09
824	1.87101e-09
825	1.81357e-09
826	1.75809e-09
827	1.70439e-09
828	1.65235e-09
829	1.60215e-09
830	1.55365e-09
831	1.50674e-09
832	1.46134e-09
833	1.41755e-09
834	9.68675e-09
835	9.40617e-09
836	9.10599e-09
837	8.84052e-09
838	8.55944e-09
839	8.29949e-09
840	8.0692e-09
841	7.81751e-09
842	7.58221e-09
843	7.36038e-09
844	7.1478e-09
845	6.94175e-09
846	6.8527e-09
847	6.65322e-09
848	6.46469e-09
849	6.28512e-09
850	6.11377e-09
851	5.94891e-09
852	5.78937e-09
853	5.63432e-09
854	5.48396e-09
855	5.33822e-09
856	5.19725e-09
857	5.06062e-09
858	4.92855e-09
859	4.79287e-09
860	4.67696e-09
861	4.55257e-09
862	4.44555e-09
863	4.32845e-09
864	4.22578e-09
865	4.11567e-09
866	4.01145e-09
867	3.91275e-09
868	3.81826e-09
869	3.72705e-09
870	3.63849e-09
871	3.55241e-09
872	3.46867e-09
873	3.38714e-09
874	3.30772e-09
875	3.23053e-09
876	3.15568e-09
877	3.08307e-09
878	3.01256e-09
879	2.94405e-09
880	2.87757e-09
881	2.81308e-09
882	2.75058e-09
883	2.68969e-09
884	2.63052e-09
885	2.57299e-09
886	2.51708e-09
887	2.46267e-09
888	2.40965e-09
889	2.35792e-09
890	2.30751e-09
891	2.25832e-09
892	2.21053e-09
893	2.16407e-09
894	2.11876e-09
895	2.07482e-09
896	2.03112e-09
897	1.98946e-09
898	1.94935e-09
899	1.90938e-09
900	1.8709e-09
901	1.83297e-09
902	1.79669e-09
903	1.76082e-09
904	1.72627e-09
905	1.69215e-09
906	1.65846e-09
907	1.77911e-09
908	1.7365e-09
909	1.70525e-09
910	1.67624e-09
911	1.64811e-09
912	1.62176e-09
913	1.59593e-09
914	1.57092e-09
915	1.54698e-09
916	1.52322e-09
917	1.49984e-09
918	1.47687e-09
919	1.4544e-09
920	1.43244e-09
921	1.41099e-09
922	1.39e-09
923	1.36931e-09
924	1.34893e-09
925	1.32888e-09
926	1.30916e-09
927	1.28959e-09
928	1.27018e-09
929	1.25099e-09
930	1.23202e-09
931	1.21326e-09
932	1.19481e-09
933	1.1766e-09
934	1.15866e-09
935	1.14106e-09
936	1.12372e-09
937	1.10671e-09
938	1.08999e-09
939	1.07359e-09
940	1.05751e-09
941	9.84518e-09
942	9.75204e-09
943	9.65818e-09
944	9.5582e-09
945	9.4519e-09
946	9.34078e-09
947	9.22578e-09
948	9.11096e-09
